delta,omega,lambda,pathogen,proba_trans_before_mut,sensitivity,specificity,ppv,f1_score,proba_0_1_jumps,fdr,R
0,0.5,0.20092782615905697,SARS-CoV-2 (Omicron),0.6950556994421696,0.32156815776066877,0.9905940226125443,0.19424290399723557,0.24219074551677663,0.007001970918362998,0.8057570960027645,1.5
0,0.51,0.19314252640211935,SARS-CoV-2 (Omicron),0.6950556994421696,0.3118846742865657,0.9906787824651638,0.20190769521983112,0.24512592828144047,0.007504245178123556,0.7980923047801689,1.5
0,0.52,0.18565072781343067,SARS-CoV-2 (Omicron),0.6950556994421696,0.3021503210308243,0.9907662526809284,0.2098317293947111,0.2476677623614707,0.008050007369984525,0.7901682706052889,1.5
0,0.53,0.1784360345147452,SARS-CoV-2 (Omicron),0.6950556994421696,0.29237282112611385,0.9908565265229923,0.2180254117637471,0.24978419048839007,0.008644070395795402,0.7819745882362529,1.5
0,0.54,0.17148325332787334,SARS-CoV-2 (Omicron),0.6950556994421696,0.2825607053065972,0.9909496992887948,0.22649958320388097,0.2514432314844436,0.00929188485094803,0.773500416796119,1.5
0,0.55,0.16477828528114657,SARS-CoV-2 (Omicron),0.6950556994421696,0.2727233526521847,0.9910458680799376,0.23526553185576268,0.2526134195765032,0.00999963516917683,0.7647344681442373,1.5
0,0.56,0.15830802866617671,SARS-CoV-2 (Omicron),0.6950556994421696,0.26287102698848785,0.9911451315125069,0.24433500343779693,0.2532643124489196,0.010774351619595848,0.7556649965622031,1.5
0,0.5700000000000001,0.15206029223412737,SARS-CoV-2 (Omicron),0.6950556994421696,0.2530149072445074,0.9912475893584507,0.2537202098277897,0.2533670676961444,0.011624040915735219,0.7462797901722102,1.5
0,0.58,0.14602371731439107,SARS-CoV-2 (Omicron),0.6950556994421696,0.24316710983824819,0.9913533421075164,0.2634338354096718,0.2528950843501715,0.0125578386845306,0.7365661645903282,1.5
0,0.59,0.1401877078028225,SARS-CoV-2 (Omicron),0.6950556994421696,0.23334070094269516,0.991462490438127,0.27348904058229906,0.2518247024636055,0.013586187614190746,0.7265109594177009,1.5
0,0.6,0.1345423671063978,SARS-CoV-2 (Omicron),0.6950556994421696,0.22354969629651417,0.9915751345844186,0.2838994617081234,0.2501359493555996,0.014721045765345522,0.7161005382918766,1.5
0,0.61,0.1290784412503576,SARS-CoV-2 (Omicron),0.6950556994421696,0.21380904608500437,0.9916913735855599,0.2946792066382182,0.24781331617781893,0.01597613030214159,0.7053207933617818,1.5
0,0.62,0.12378726745585697,SARS-CoV-2 (Omicron),0.6950556994421696,0.2041346023498038,0.9918113044024514,0.3058428447825703,0.24484654312572804,0.017367202791307997,0.6941571552174297,1.5
0,0.63,0.11866072758359641,SARS-CoV-2 (Omicron),0.6950556994421696,0.1945430664160041,0.9919350208860694,0.3174053904958904,0.24123138620834492,0.018912403239090964,0.6825946095041096,1.5
0,0.64,0.1136912059141189,SARS-CoV-2 (Omicron),0.6950556994421696,0.18505191397955686,0.9920626125811558,0.32938227831368355,0.23697033341107934,0.02063264119753007,0.6706177216863165,1.5
0,0.65,0.1088715508002948,SARS-CoV-2 (Omicron),0.6950556994421696,0.17567929580258937,0.9921941633488062,0.3417893282940701,0.23207323385978368,0.022552053577651658,0.65821067170593,1.5
0,0.66,0.10419503978355144,SARS-CoV-2 (Omicron),0.6950556994421696,0.16644391244316398,0.9923297497919411,0.3546426993897188,0.22655780081627025,0.024698540255222938,0.6453573006102812,1.5
0,0.67,0.09965534781394023,SARS-CoV-2 (Omicron),0.6950556994421696,0.15736486211666803,0.9924694394688405,0.3679588283815659,0.22044994863246326,0.027104390130350823,0.6320411716184341,1.5
0,0.6799999999999999,0.09524651825627761,SARS-CoV-2 (Omicron),0.6950556994421696,0.14846146165619067,0.9926132888821277,0.38175435144013686,0.21378392574691915,0.029807011972900053,0.6182456485598631,1.5
0,0.69,0.09096293640126052,SARS-CoV-2 (Omicron),0.6950556994421696,0.1397530416029635,0.9927613412340597,0.39604600482759544,0.20660221087769987,0.03284978609193856,0.6039539951724046,1.5
0,0.7,0.08679930523243322,SARS-CoV-2 (Omicron),0.6950556994421696,0.13125871769171313,0.9929136239440004,0.410850500597648,0.19895514797411454,0.03628305451031634,0.5891494994023521,1.5
0,0.71,0.08275062322781494,SARS-CoV-2 (Omicron),0.6950556994421696,0.1229971423556485,0.9930701459308371,0.4261843723716867,0.19090030713935793,0.04016526874972797,0.5738156276283133,1.5
0,0.72,0.07881216399946102,SARS-CoV-2 (Omicron),0.6950556994421696,0.11498624129600027,0.9932308946721126,0.4420637853446922,0.18250157314023482,0.04456431530192602,0.5579362146553077,1.5
0,0.73,0.07497945759568433,SARS-CoV-2 (Omicron),0.6950556994421696,0.10724294155477124,0.9933958330630698,0.4585043035757275,0.1738279793819965,0.049559039030939445,0.5414956964242725,1.5
0,0.74,0.07124827330952317,SARS-CoV-2 (Omicron),0.6950556994421696,0.099782898792754,0.993564896112779,0.47552060631209886,0.16495232207862637,0.05524098361658374,0.5244793936879011,1.5
0,0.75,0.06761460385364436,SARS-CoV-2 (Omicron),0.6950556994421696,0.092620232493996,0.9937379875311119,0.4931261435439287,0.15594960526379478,0.06171636499460123,0.5068738564560713,1.5
0,0.76,0.06407465077652015,SARS-CoV-2 (Omicron),0.6950556994421696,0.08576727847899934,0.9939149762793482,0.5113327191395186,0.14689538064906185,0.06910828756402754,0.4886672808604814,1.5
0,0.77,0.06062481100765493,SARS-CoV-2 (Omicron),0.6950556994421696,0.07923436831123833,0.9940956931782573,0.530149987715099,0.13786405565357557,0.07755920231041598,0.469850012284901,1.5
0,0.78,0.0572616644310969,SARS-CoV-2 (Omicron),0.6950556994421696,0.073029644851124,0.9942799276897909,0.5495848487775467,0.12892724706058692,0.08723358898860167,0.45041515122245335,1.5
0,0.79,0.05398196239662173,SARS-CoV-2 (Omicron),0.6950556994421696,0.06715892231439766,0.9944674250109126,0.5696407185646936,0.12015225609232921,0.0983208184507448,0.43035928143530644,1.5
0,0.8,0.05078261708699527,SARS-CoV-2 (Omicron),0.6950556994421696,0.06162559774463774,0.9946578836389413,0.5903166562979906,0.11160073327783067,0.11103811245418703,0.40968334370200943,1.5
0,0.81,0.047660691667741395,SARS-CoV-2 (Omicron),0.6950556994421696,0.05643061888470356,0.9948509535850587,0.6116063171407632,0.10332758902640032,0.12563346190484576,0.3883936828592368,1.5
0,0.8200000000000001,0.04461339115298419,SARS-CoV-2 (Omicron),0.6950556994421696,0.05157251115759133,0.9950462354238805,0.6334966988832763,0.09538018960013124,0.14238828383173333,0.3665033011167237,1.5
0,0.8300000000000001,0.041638053927307,SARS-CoV-2 (Omicron),0.6950556994421696,0.0470474640198557,0.9952432803695224,0.6559666430871567,0.08779785989179532,0.1616194835170796,0.3440333569128433,1.5
0,0.8400000000000001,0.03873214386926177,SARS-CoV-2 (Omicron),0.6950556994421696,0.04284947454280754,0.9954415915597176,0.6789850439172218,0.0806116959226275,0.1836804291927383,0.3210149560827782,1.5
0,0.8500000000000001,0.0358932430272559,SARS-CoV-2 (Omicron),0.6950556994421696,0.03897054394104183,0.9956406267068331,0.7025087089298008,0.0738446730756529,0.208960126678608,0.2974912910701992,1.5
0,0.86,0.033119044803103716,SARS-CoV-2 (Omicron),0.6950556994421696,0.03540092114399971,0.9958398022363903,0.7264798053870757,0.06751202230909079,0.23787957923205066,0.2735201946129243,1.5
0,0.87,0.03040734760262253,SARS-CoV-2 (Omicron),0.6950556994421696,0.032129386633821096,0.9960384989793293,0.75082281288382,0.06162183710193108,0.2708839058906435,0.24917718711617998,1.5
0,0.88,0.027756048916327863,SARS-CoV-2 (Omicron),0.6950556994421696,0.029143569900205214,0.9962360694147142,0.7754408877947746,0.056175869421259905,0.3084282331134004,0.2245591122052254,1.5
0,0.89,0.025163139796586936,SARS-CoV-2 (Omicron),0.6950556994421696,0.026430295284158748,0.9964318463776467,0.8002115267843717,0.051170474026524845,0.3509546215126919,0.19978847321562831,1.5
0,0.9,0.022626699700566133,SARS-CoV-2 (Omicron),0.6950556994421696,0.023975954120960225,0.9966251530575729,0.8249813947737581,0.046597667356300464,0.39885627906333443,0.1750186052262419,1.5
0,0.91,0.020144891670990532,SARS-CoV-2 (Omicron),0.6950556994421696,0.021766906675764596,0.99681531402147,0.8495601566230311,0.04244628090547462,0.45242396238264726,0.15043984337696892,1.5
0,0.9199999999999999,0.01771595782915454,SARS-CoV-2 (Omicron),0.6950556994421696,0.01978992677644536,0.9970016669124209,0.8737131205074739,0.03870321143508803,0.5117676718416884,0.12628687949252615,1.5
0,0.9299999999999999,0.015338215156811963,SARS-CoV-2 (Omicron),0.6950556994421696,0.01803271806312907,0.9971835744052229,0.897152463523205,0.0353548063492754,0.5767043660416109,0.10284753647679501,1.5
0,0.94,0.013010051545552535,SARS-CoV-2 (Omicron),0.6950556994421696,0.016484559178231835,0.9973604359548182,0.9195267652239612,0.032388482878630796,0.6465992775750306,0.08047323477603885,1.5
0,0.95,0.010729922094064669,SARS-CoV-2 (Omicron),0.6950556994421696,0.015137188590291386,0.997531698856817,0.9404085210953069,0.02979478844695026,0.720144274005778,0.059591478904693074,1.5
0,0.96,0.008496345635310185,SARS-CoV-2 (Omicron),0.6950556994421696,0.013986146896771254,0.9976968681558969,0.9592792436505075,0.027570322641752,0.7950512783099909,0.04072075634949246,1.5
0,0.97,0.006307901477111318,SARS-CoV-2 (Omicron),0.6950556994421696,0.013033025992827367,0.9978555149878102,0.9755116817661136,0.02572239577021701,0.8676316598203042,0.02448831823388642,1.5
0,0.98,0.00416322634099159,SARS-CoV-2 (Omicron),0.6950556994421696,0.012289618511054475,0.9980072830208915,0.9883485965253646,0.02427736023811714,0.9322232408800344,0.011651403474635447,1.5
0,0.99,0.002061011485330201,SARS-CoV-2 (Omicron),0.6950556994421696,0.011786373707029379,0.9981518927667633,0.9968774211576311,0.02329729665262761,0.980414510790097,0.003122578842368884,1.5
1,0.5,0.20092782615905697,SARS-CoV-2 (Omicron),0.6950556994421696,0.5638763809904744,0.9691993044041489,0.11433163816876817,0.19011544700765368,0.007001970918362998,0.8856683618312319,1.5
1,0.51,0.19314252640211935,SARS-CoV-2 (Omicron),0.6950556994421696,0.5514658732878287,0.9693752433961738,0.11983615789751119,0.1968876851146114,0.007504245178123556,0.8801638421024888,1.5
1,0.52,0.18565072781343067,SARS-CoV-2 (Omicron),0.6950556994421696,0.5387895354384599,0.9695589328741664,0.1255965326267075,0.20370715377489693,0.008050007369984525,0.8744034673732926,1.5
1,0.53,0.1784360345147452,SARS-CoV-2 (Omicron),0.6950556994421696,0.5258518036466536,0.9697507472964171,0.13162666649158078,0.21055022522042935,0.008644070395795402,0.8683733335084192,1.5
1,0.54,0.17148325332787334,SARS-CoV-2 (Omicron),0.6950556994421696,0.5126586044101128,0.9699510775504596,0.13794129216688325,0.21738949146738118,0.00929188485094803,0.8620587078331168,1.5
1,0.55,0.16477828528114657,SARS-CoV-2 (Omicron),0.6950556994421696,0.4992175018003665,0.9701603310426585,0.1445560184316445,0.22419342244970134,0.00999963516917683,0.8554439815683554,1.5
1,0.56,0.15830802866617671,SARS-CoV-2 (Omicron),0.6950556994421696,0.4855378467654214,0.970378931637516,0.15148737928219244,0.2309260385343509,0.010774351619595848,0.8485126207178075,1.5
1,0.5700000000000001,0.15206029223412737,SARS-CoV-2 (Omicron),0.6950556994421696,0.47163092564016706,0.9706073194127272,0.158752884321105,0.23754661397477494,0.011624040915735219,0.841247115678895,1.5
1,0.58,0.14602371731439107,SARS-CoV-2 (Omicron),0.6950556994421696,0.4575101043917591,0.9708459501907181,0.16637107005028592,0.24400943238765982,0.0125578386845306,0.833628929949714,1.5
1,0.59,0.1401877078028225,SARS-CoV-2 (Omicron),0.6950556994421696,0.4431909644285227,0.9710952948016113,0.17436155157331945,0.25026362033574007,0.013586187614190746,0.8256384484266805,1.5
1,0.6,0.1345423671063978,SARS-CoV-2 (Omicron),0.6950556994421696,0.42869142508575164,0.9713558380263031,0.18274507406056076,0.2562530903398899,0.014721045765345522,0.8172549259394393,1.5
1,0.61,0.1290784412503576,SARS-CoV-2 (Omicron),0.6950556994421696,0.414031847204246,0.9716280771617141,0.19154356314398743,0.261916629748834,0.01597613030214159,0.8084564368560125,1.5
1,0.62,0.12378726745585697,SARS-CoV-2 (Omicron),0.6950556994421696,0.3992351115815746,0.9719125201434109,0.20078017318022706,0.2671881762972012,0.017367202791307997,0.799219826819773,1.5
1,0.63,0.11866072758359641,SARS-CoV-2 (Omicron),0.6950556994421696,0.3843266655568697,0.9722096831539414,0.210479332040484,0.2719973240973127,0.018912403239090964,0.789520667959516,1.5
1,0.64,0.1136912059141189,SARS-CoV-2 (Omicron),0.6950556994421696,0.3693345306523903,0.972520087638647,0.22066678074449747,0.2762701042270015,0.02063264119753007,0.7793332192555025,1.5
1,0.65,0.1088715508002948,SARS-CoV-2 (Omicron),0.6950556994421696,0.35428926411166584,0.9728442566448767,0.23136960583910204,0.27993008079065684,0.022552053577651658,0.768630394160898,1.5
1,0.66,0.10419503978355144,SARS-CoV-2 (Omicron),0.6950556994421696,0.3392238674215198,0.9731827103959506,0.2426162619146607,0.28289979503455975,0.024698540255222938,0.7573837380853393,1.5
1,0.67,0.09965534781394023,SARS-CoV-2 (Omicron),0.6950556994421696,0.32417363555846374,0.9735359610086333,0.2544365810355082,0.28510257554344637,0.027104390130350823,0.7455634189644917,1.5
1,0.6799999999999999,0.09524651825627761,SARS-CoV-2 (Omicron),0.6950556994421696,0.30917594182423636,0.9739045062631644,0.26686176511047627,0.28646471080498526,0.029807011972900053,0.7331382348895237,1.5
1,0.69,0.09096293640126052,SARS-CoV-2 (Omicron),0.6950556994421696,0.294269954777015,0.9742888223391065,0.2799243563187227,0.28691795123397223,0.03284978609193856,0.7200756436812773,1.5
1,0.7,0.08679930523243322,SARS-CoV-2 (Omicron),0.6950556994421696,0.27949628594074816,0.9746893554396749,0.2936581796006266,0.2864022718796087,0.03628305451031634,0.7063418203993734,1.5
1,0.71,0.08275062322781494,SARS-CoV-2 (Omicron),0.6950556994421696,0.26489656966162733,0.9751065122431997,0.3080982498827158,0.2848687866936861,0.04016526874972797,0.6919017501172842,1.5
1,0.72,0.07881216399946102,SARS-CoV-2 (Omicron),0.6950556994421696,0.25051297960488883,0.9755406491444598,0.3232806350799716,0.2822826642535004,0.04456431530192602,0.6767193649200284,1.5
1,0.73,0.07497945759568433,SARS-CoV-2 (Omicron),0.6950556994421696,0.23638768981848005,0.975992060282358,0.33924226394876844,0.27862585863996125,0.049559039030939445,0.6607577360512316,1.5
1,0.74,0.07124827330952317,SARS-CoV-2 (Omicron),0.6950556994421696,0.22256229184829468,0.9764609643951951,0.3560206654767348,0.27389944432581836,0.05524098361658374,0.6439793345232652,1.5
1,0.75,0.06761460385364436,SARS-CoV-2 (Omicron),0.6950556994421696,0.209077182838955,0.9769474906018005,0.37365362360458765,0.2681253371779076,0.06171636499460123,0.6263463763954124,1.5
1,0.76,0.06407465077652015,SARS-CoV-2 (Omicron),0.6950556994421696,0.1959709426261091,0.9774516632765536,0.3921787275734003,0.2613472006008154,0.06910828756402754,0.6078212724265997,1.5
1,0.77,0.06062481100765493,SARS-CoV-2 (Omicron),0.6950556994421696,0.18327972024079325,0.9779733862686807,0.41163279395074315,0.25363037931637317,0.07755920231041598,0.5883672060492569,1.5
1,0.78,0.0572616644310969,SARS-CoV-2 (Omicron),0.6950556994421696,0.17103665174159496,0.9785124268096969,0.43205113125525113,0.24506077209477473,0.08723358898860167,0.5679488687447489,1.5
1,0.79,0.05398196239662173,SARS-CoV-2 (Omicron),0.6950556994421696,0.15927133165567164,0.979068399554577,0.45346661188348697,0.23574264299319628,0.0983208184507448,0.5465333881165131,1.5
1,0.8,0.05078261708699527,SARS-CoV-2 (Omicron),0.6950556994421696,0.14800935941960794,0.9796407513074273,0.47590850851768746,0.22579546798657532,0.11103811245418703,0.5240914914823125,1.5
1,0.81,0.047660691667741395,SARS-CoV-2 (Omicron),0.6950556994421696,0.1372719800527495,0.9802287470842926,0.49940104308232586,0.21535000709390847,0.12563346190484576,0.5005989569176741,1.5
1,0.8200000000000001,0.04461339115298419,SARS-CoV-2 (Omicron),0.6950556994421696,0.12707583498689734,0.9808314582554323,0.5239615852872068,0.204543867611779,0.14238828383173333,0.4760384147127932,1.5
1,0.8300000000000001,0.041638053927307,SARS-CoV-2 (Omicron),0.6950556994421696,0.1174328347707765,0.9814477535762389,0.5495984244404606,0.1935168706903337,0.1616194835170796,0.4504015755595394,1.5
1,0.8400000000000001,0.03873214386926177,SARS-CoV-2 (Omicron),0.6950556994421696,0.10835016064668473,0.9820762939480719,0.5763080220458751,0.18240654489828323,0.1836804291927383,0.42369197795412494,1.5
1,0.8500000000000001,0.0358932430272559,SARS-CoV-2 (Omicron),0.6950556994421696,0.09983039725078485,0.9827155317355086,0.6040716331217829,0.17134404647351084,0.208960126678608,0.3959283668782171,1.5
1,0.86,0.033119044803103716,SARS-CoV-2 (Omicron),0.6950556994421696,0.09187179449728224,0.9833637153939689,0.6328511604736226,0.16045075256304914,0.23787957923205066,0.36714883952637745,1.5
1,0.87,0.03040734760262253,SARS-CoV-2 (Omicron),0.6950556994421696,0.08446865373005832,0.9840189000233472,0.6625840774479266,0.14983570146848127,0.2708839058906435,0.3374159225520734,1.5
1,0.88,0.027756048916327863,SARS-CoV-2 (Omicron),0.6950556994421696,0.07761183222636973,0.9846789642560189,0.6931772199362678,0.139593975669191,0.3084282331134004,0.3068227800637322,1.5
1,0.89,0.025163139796586936,SARS-CoV-2 (Omicron),0.6950556994421696,0.07128936207165294,0.9853416336147313,0.7244992063050482,0.1298060522388824,0.3509546215126919,0.27550079369495184,1.5
1,0.9,0.022626699700566133,SARS-CoV-2 (Omicron),0.6950556994421696,0.06548718565494115,0.9860045101485848,0.7563711929527714,0.1205380927571957,0.39885627906333443,0.24362880704722856,1.5
1,0.91,0.020144891670990532,SARS-CoV-2 (Omicron),0.6950556994421696,0.06019002278751169,0.9866651077928554,0.7885556114657387,0.11184312073687998,0.45242396238264726,0.21144438853426128,1.5
1,0.9199999999999999,0.01771595782915454,SARS-CoV-2 (Omicron),0.6950556994421696,0.05538240776322529,0.9873208925274393,0.8207424585863083,0.10376304852391817,0.5117676718416884,0.17925754141369166,1.5
1,0.9299999999999999,0.015338215156811963,SARS-CoV-2 (Omicron),0.6950556994421696,0.05104997642455625,0.9879693260611132,0.85253261967749006,0.09633158124879579,0.5767043660416109,0.14746738032250994,1.5
1,0.94,0.013010051545552535,SARS-CoV-2 (Omicron),0.6950556994421696,0.04718115962517137,0.9886079114783435,0.8834175967390229,0.0895781696727675,0.6465992775750306,0.11658240326097713,1.5
1,0.95,0.010729922094064669,SARS-CoV-2 (Omicron),0.6950556994421696,0.04376958526628112,0.9892342390835597,0.9127548792804158,0.08353346724866316,0.720144274005778,0.08724512071958423,1.5
1,0.96,0.008496345635310185,SARS-CoV-2 (Omicron),0.6950556994421696,0.04081778606843095,0.9898460305894051,0.939738035620091,0.07823731245051548,0.7950512783099909,0.06026196437990905,1.5
1,0.97,0.006307901477111318,SARS-CoV-2 (Omicron),0.6950556994421696,0.03834344967287754,0.9904411798347104,0.9633604075730661,0.07375146064861626,0.8676316598203042,0.03663959242693393,1.5
1,0.98,0.00416322634099159,SARS-CoV-2 (Omicron),0.6950556994421696,0.036390951610811136,0.9910177883859241,0.9823710559002109,0.07018207843550596,0.9322232408800344,0.0176289440997891,1.5
1,0.99,0.002061011485330201,SARS-CoV-2 (Omicron),0.6950556994421696,0.0350548182880288,0.9915741946597029,0.9952213187253033,0.0677241784623348,0.980414510790097,0.004778681274696717,1.5
2,0.5,0.20092782615905697,SARS-CoV-2 (Omicron),0.6950556994421696,0.7299067673846,0.9334757825769958,0.07181176353223073,0.13075883906551589,0.007001970918362998,0.9281882364677693,1.5
2,0.51,0.19314252640211935,SARS-CoV-2 (Omicron),0.6950556994421696,0.7184352184156373,0.9337247656703578,0.0757534694165752,0.13705549116946777,0.007504245178123556,0.9242465305834248,1.5
2,0.52,0.18565072781343067,SARS-CoV-2 (Omicron),0.6950556994421696,0.7065420543932303,0.9339870613568935,0.07991755598839237,0.14359316980747566,0.008050007369984525,0.9200824440116077,1.5
2,0.53,0.1784360345147452,SARS-CoV-2 (Omicron),0.6950556994421696,0.6942211558096909,0.9342634625380881,0.08431872649355639,0.15037339792942747,0.008644070395795402,0.9156812735064436,1.5
2,0.54,0.17148325332787334,SARS-CoV-2 (Omicron),0.6950556994421696,0.6814678353558441,0.9345548087288266,0.08897276365996884,0.15739585046385035,0.00929188485094803,0.9110272363400311,1.5
2,0.55,0.16477828528114657,SARS-CoV-2 (Omicron),0.6950556994421696,0.6682790778475886,0.9348619878671107,0.0938966113412643,0.16465794364796504,0.00999963516917683,0.9061033886587357,1.5
2,0.56,0.15830802866617671,SARS-CoV-2 (Omicron),0.6950556994421696,0.6546537969089217,0.9351859379570706,0.09910846159419437,0.17215436288171004,0.010774351619595848,0.9008915384058056,1.5
2,0.5700000000000001,0.15206029223412737,SARS-CoV-2 (Omicron),0.6950556994421696,0.6405931062062109,0.9355276484792837,0.10462784729369294,0.17987652488503067,0.011624040915735219,0.8953721527063071,1.5
2,0.58,0.14602371731439107,SARS-CoV-2 (Omicron),0.6950556994421696,0.6261006020417021,0.9358881614893572,0.11047574031191418,0.18781197153108,0.0125578386845306,0.8895242596880858,1.5
2,0.59,0.1401877078028225,SARS-CoV-2 (Omicron),0.6950556994421696,0.6111826529852757,0.9362685723109079,0.11667465518309397,0.19594369525640634,0.013586187614190746,0.883325344816906,1.5
2,0.6,0.1345423671063978,SARS-CoV-2 (Omicron),0.6950556994421696,0.5958486909673864,0.9366700297124464,0.12324875803805871,0.20424939969374678,0.014721045765345522,0.8767512419619413,1.5
2,0.61,0.1290784412503576,SARS-CoV-2 (Omicron),0.6950556994421696,0.5801114969029137,0.9370937354392633,0.1302239804121782,0.21270070444772188,0.01597613030214159,0.8697760195878218,1.5
2,0.62,0.12378726745585697,SARS-CoV-2 (Omicron),0.6950556994421696,0.5639874725114373,0.937540942951361,0.1376281372980682,0.2212623100625403,0.017367202791307997,0.8623718627019318,1.5
2,0.63,0.11866072758359641,SARS-CoV-2 (Omicron),0.6950556994421696,0.5474968886102506,0.938012955197047,0.14549104851658767,0.2298911485060822,0.018912403239090964,0.8545089514834123,1.5
2,0.64,0.1136912059141189,SARS-CoV-2 (Omicron),0.6950556994421696,0.5306640988691751,0.9385111212294831,0.1538446621008072,0.23853555610850016,0.02063264119753007,0.8461553378991928,1.5
2,0.65,0.1088715508002948,SARS-CoV-2 (Omicron),0.6950556994421696,0.5135177069386203,0.9390368314509872,0.16272317790817256,0.24713451983637846,0.022552053577651658,0.8372768220918274,1.5
2,0.66,0.10419503978355144,SARS-CoV-2 (Omicron),0.6950556994421696,0.4960906741209363,0.9395915112482394,0.1721631690721277,0.25561706370647336,0.024698540255222938,0.8278368309278723,1.5
2,0.67,0.09965534781394023,SARS-CoV-2 (Omicron),0.6950556994421696,0.478420354489556,0.9401766127621882,0.18220369814652934,0.2639018591852256,0.027104390130350823,0.8177963018534706,1.5
2,0.6799999999999999,0.09524651825627761,SARS-CoV-2 (Omicron),0.6950556994421696,0.4605484447149123,0.9407936045212251,0.19288642384812352,0.2718971600191092,0.029807011972900053,0.8071135761518765,1.5
2,0.69,0.09096293640126052,SARS-CoV-2 (Omicron),0.6950556994421696,0.44252083696655764,0.9414439586575005,0.20425569311971645,0.2795011756609795,0.03284978609193856,0.7957443068802835,1.5
2,0.7,0.08679930523243322,SARS-CoV-2 (Omicron),0.6950556994421696,0.42438736523882337,0.9421291354270038,0.2163586117649048,0.28660300490065566,0.03628305451031634,0.7836413882350952,1.5
2,0.71,0.08275062322781494,SARS-CoV-2 (Omicron),0.6950556994421696,0.40620143836112343,0.942850564767716,0.22924508507737598,0.29308424819688433,0.04016526874972797,0.770754914922624,1.5
2,0.72,0.07881216399946102,SARS-CoV-2 (Omicron),0.6950556994421696,0.38801955680936395,0.9436096246607699,0.24296781762163072,0.29882139875619224,0.04456431530192602,0.7570321823783692,1.5
2,0.73,0.07497945759568433,SARS-CoV-2 (Omicron),0.6950556994421696,0.3699007151571171,0.9444076161115065,0.25758225851674704,0.30368907407725804,0.049559039030939445,0.7424177414832529,1.5
2,0.74,0.07124827330952317,SARS-CoV-2 (Omicron),0.6950556994421696,0.35190569742644573,0.9452457346451253,0.27314647510678747,0.307564088394297,0.05524098361658374,0.7268535248932125,1.5
2,0.75,0.06761460385364436,SARS-CoV-2 (Omicron),0.6950556994421696,0.33409627845352974,0.9461250383196571,0.2897209336190741,0.3103302821370347,0.06171636499460123,0.710279066380926,1.5
2,0.76,0.06407465077652015,SARS-CoV-2 (Omicron),0.6950556994421696,0.316534350319111,0.9470464124008092,0.30736816012882573,0.311883921753436,0.06910828756402754,0.6926318398711743,1.5
2,0.77,0.06062481100765493,SARS-CoV-2 (Omicron),0.6950556994421696,0.29928099848592105,0.9480105310211027,0.3261522486378128,0.3121393724419063,0.07755920231041598,0.6738477513621872,1.5
2,0.78,0.0572616644310969,SARS-CoV-2 (Omicron),0.6950556994421696,0.2823955570805437,0.9490178163595546,0.34613817505634,0.3110346438831706,0.08723358898860167,0.6538618249436601,1.5
2,0.79,0.05398196239662173,SARS-CoV-2 (Omicron),0.6950556994421696,0.26593467631720075,0.950068396124787,0.3673908660099922,0.30853633559528193,0.0983208184507448,0.6326091339900077,1.5
2,0.8,0.05078261708699527,SARS-CoV-2 (Omicron),0.6950556994421696,0.24995143701881603,0.9511620603964684,0.3899739592558917,0.30464348526678375,0.11103811245418703,0.6100260407441083,1.5
2,0.81,0.047660691667741395,SARS-CoV-2 (Omicron),0.6950556994421696,0.23449454730679348,0.9522982191650573,0.4139481775744608,0.2993898667814369,0.12563346190484576,0.5860518224255392,1.5
2,0.8200000000000001,0.04461339115298419,SARS-CoV-2 (Omicron),0.6950556994421696,0.21960765474245625,0.9534758621899866,0.4393692196731838,0.29284440059907785,0.14238828383173333,0.5606307803268162,1.5
2,0.8300000000000001,0.041638053927307,SARS-CoV-2 (Omicron),0.6950556994421696,0.2053288036599908,0.9546935230481933,0.4662850491291521,0.28510951912210636,0.1616194835170796,0.5337149508708479,1.5
2,0.8400000000000001,0.03873214386926177,SARS-CoV-2 (Omicron),0.6950556994421696,0.19169006251443016,0.9559492494399089,0.49473243476537,0.2763175499751523,0.1836804291927383,0.50526756523463,1.5
2,0.8500000000000001,0.0358932430272559,SARS-CoV-2 (Omicron),0.6950556994421696,0.17871734039497028,0.9572405819254508,0.5247325619495399,0.2666254059534524,0.208960126678608,0.4752674380504601,1.5
2,0.86,0.033119044803103716,SARS-CoV-2 (Omicron),0.6950556994421696,0.16643040627183447,0.9585645432536748,0.5562854927136217,0.2562080637368649,0.23787957923205066,0.4437145072863783,1.5
2,0.87,0.03040734760262253,SARS-CoV-2 (Omicron),0.6950556994421696,0.15484312014446677,0.9599176402816119,0.5893632015939586,0.24525144269122917,0.2708839058906435,0.4106367984060414,1.5
2,0.88,0.027756048916327863,SARS-CoV-2 (Omicron),0.6950556994421696,0.14396388343202765,0.9612958801557179,0.6239008515778061,0.23394534316917098,0.3084282331134004,0.37609914842219394,1.5
2,0.89,0.025163139796586936,SARS-CoV-2 (Omicron),0.6950556994421696,0.13379631855696655,0.9626948019211473,0.6597858979369403,0.22247707255784485,0.3509546215126919,0.3402141020630597,1.5
2,0.9,0.022626699700566133,SARS-CoV-2 (Omicron),0.6950556994421696,0.12434019744502828,0.9641095240568378,0.6968445138863253,0.2110262971278049,0.39885627906333443,0.3031554861136747,1.5
2,0.91,0.020144891670990532,SARS-CoV-2 (Omicron),0.6950556994421696,0.11559266002869684,0.965534807631156,0.734824717082808,0.1997615429518656,0.45242396238264726,0.26517528291719195,1.5
2,0.9199999999999999,0.01771595782915454,SARS-CoV-2 (Omicron),0.6950556994421696,0.10754980468804962,0.9669651338857606,0.7733754352846974,0.18883867379705857,0.5117676718416884,0.22662456471530257,1.5
2,0.9299999999999999,0.015338215156811963,SARS-CoV-2 (Omicron),0.6950556994421696,0.10020880801785359,0.9683947941518856,0.812020577303812,0.1784016508279691,0.5767043660416109,0.18797942269618795,1.5
2,0.94,0.013010051545552535,SARS-CoV-2 (Omicron),0.6950556994421696,0.09357087211454349,0.9698179891623738,0.8501269647155482,0.16858599944178038,0.6465992775750306,0.14987303528445184,1.5
2,0.95,0.010729922094064669,SARS-CoV-2 (Omicron),0.6950556994421696,0.08764556977821318,0.9712289341258757,0.886864722138114,0.15952579368893047,0.720144274005778,0.11313527786188604,1.5
2,0.96,0.008496345635310185,SARS-CoV-2 (Omicron),0.6950556994421696,0.08245771228937285,0.9726219654500292,0.9211584088772234,0.151365872767853,0.7950512783099909,0.07884159112277656,1.5
2,0.97,0.006307901477111318,SARS-CoV-2 (Omicron),0.6950556994421696,0.07805906938674442,0.9739916447931448,0.951626789724732,0.14428303730131278,0.8676316598203042,0.048373210275267975,1.5
2,0.98,0.00416322634099159,SARS-CoV-2 (Omicron),0.6950556994421696,0.07455010842427501,0.9753328562171297,0.9765086723210084,0.13852474996147393,0.9322232408800344,0.023491327678991647,1.5
2,0.99,0.002061011485330201,SARS-CoV-2 (Omicron),0.6950556994421696,0.0721242927573113,0.9766408926046997,0.993571664031715,0.13448611325862217,0.980414510790097,0.0064283359682849595,1.5
3,0.5,0.20092782615905697,SARS-CoV-2 (Omicron),0.6950556994421696,0.8374164135459322,0.8825619673952179,0.04787392939317805,0.0905700927939383,0.007001970918362998,0.952126070606822,1.5
3,0.51,0.19314252640211935,SARS-CoV-2 (Omicron),0.6950556994421696,0.8282596251071199,0.882857093919859,0.05074705099742399,0.09563461706727534,0.007504245178123556,0.9492529490025761,1.5
3,0.52,0.18565072781343067,SARS-CoV-2 (Omicron),0.6950556994421696,0.8186313350057488,0.8831702072978281,0.05380491449978965,0.10097331240373533,0.008050007369984525,0.9461950855002104,1.5
3,0.53,0.1784360345147452,SARS-CoV-2 (Omicron),0.6950556994421696,0.8085148434683478,0.8835025467461465,0.057061554127424516,0.10659974932666906,0.008644070395795402,0.9429384458725755,1.5
3,0.54,0.17148325332787334,SARS-CoV-2 (Omicron),0.6950556994421696,0.7978942091217512,0.8838554389369536,0.06053219684342005,0.11252750146351485,0.00929188485094803,0.93946780315658,1.5
3,0.55,0.16477828528114657,SARS-CoV-2 (Omicron),0.6950556994421696,0.7867545156516387,0.8842303031016066,0.06423336927621465,0.11876994779512172,0.00999963516917683,0.9357666307237853,1.5
3,0.56,0.15830802866617671,SARS-CoV-2 (Omicron),0.6950556994421696,0.7750821700776087,0.884628656118711,0.06818301390295092,0.12534002205301364,0.010774351619595848,0.9318169860970491,1.5
3,0.5700000000000001,0.15206029223412737,SARS-CoV-2 (Omicron),0.6950556994421696,0.7628652325310044,0.8850521174967553,0.07240061508464998,0.13224989916588586,0.011624040915735219,0.92759938491535,1.5
3,0.58,0.14602371731439107,SARS-CoV-2 (Omicron),0.6950556994421696,0.7500937763997355,0.8855024141393093,0.07690733552523972,0.1395106074348349,0.0125578386845306,0.9230926644747602,1.5
3,0.59,0.1401877078028225,SARS-CoV-2 (Omicron),0.6950556994421696,0.7367602764439686,0.8859813847542294,0.08172616367624304,0.14713155402787215,0.013586187614190746,0.9182738363237569,1.5
3,0.6,0.1345423671063978,SARS-CoV-2 (Omicron),0.6950556994421696,0.7228600209799753,0.8864909837376249,0.08688207252646434,0.15511995059390915,0.014721045765345522,0.9131179274735357,1.5
3,0.61,0.1290784412503576,SARS-CoV-2 (Omicron),0.6950556994421696,0.7083915424838882,0.8870332843282994,0.09240219009140879,0.16348012554303487,0.01597613030214159,0.9075978099085912,1.5
3,0.62,0.12378726745585697,SARS-CoV-2 (Omicron),0.6950556994421696,0.693357059008096,0.8876104807888385,0.0983159817378825,0.17221271015377357,0.017367202791307997,0.9016840182621175,1.5
3,0.63,0.11866072758359641,SARS-CoV-2 (Omicron),0.6950556994421696,0.6777629166805761,0.8882248893256153,0.10465544422949224,0.1813136875903017,0.018912403239090964,0.8953445557705078,1.5
3,0.64,0.1136912059141189,SARS-CoV-2 (Omicron),0.6950556994421696,0.6616200213504788,0.8888789474121065,0.11145531103873524,0.19077329770999976,0.02063264119753007,0.8885446889612647,1.5
3,0.65,0.1088715508002948,SARS-CoV-2 (Omicron),0.6950556994421696,0.6449442452628014,0.8895752111288598,0.11875326801613394,0.20057479690963184,0.022552053577651658,0.881246731983866,1.5
3,0.66,0.10419503978355144,SARS-CoV-2 (Omicron),0.6950556994421696,0.6277567926362828,0.8903163500805596,0.12659017790522947,0.21069308200176598,0.024698540255222938,0.8734098220947706,1.5
3,0.67,0.09965534781394023,SARS-CoV-2 (Omicron),0.6950556994421696,0.610084506358885,0.8911051393979021,0.1350103114051365,0.22109320108853217,0.027104390130350823,0.8649896885948635,1.5
3,0.6799999999999999,0.09524651825627761,SARS-CoV-2 (Omicron),0.6950556994421696,0.5919600969077781,0.8919444482822374,0.14406158146098103,0.23172879340003366,0.029807011972900053,0.855938418539019,1.5
3,0.69,0.09096293640126052,SARS-CoV-2 (Omicron),0.6950556994421696,0.5734222742636766,0.892837224508002,0.15379577614598278,0.242540524620084,0.03284978609193856,0.8462042238540173,1.5
3,0.7,0.08679930523243322,SARS-CoV-2 (Omicron),0.6950556994421696,0.5545157642381923,0.8937864742667909,0.1642687838112158,0.2534546143006217,0.03628305451031634,0.8357312161887842,1.5
3,0.71,0.08275062322781494,SARS-CoV-2 (Omicron),0.6950556994421696,0.5352911924579506,0.8947952367237101,0.17554080202558506,0.26438158656483174,0.04016526874972797,0.8244591979744149,1.5
3,0.72,0.07881216399946102,SARS-CoV-2 (Omicron),0.6950556994421696,0.5158048223886058,0.895866552668856,0.18767651909144592,0.2752154119476959,0.04456431530192602,0.8123234809085541,1.5
3,0.73,0.07497945759568433,SARS-CoV-2 (Omicron),0.6950556994421696,0.49611813829242446,0.8970034266930363,0.20074525345408353,0.2858332424812151,0.049559039030939445,0.7992547465459164,1.5
3,0.74,0.07124827330952317,SARS-CoV-2 (Omicron),0.6950556994421696,0.4762972698435646,0.8982087824066853,0.2148210319438276,0.29609596723224507,0.05524098361658374,0.7851789680561724,1.5
3,0.75,0.06761460385364436,SARS-CoV-2 (Omicron),0.6950556994421696,0.45641226209594976,0.8994854103643039,0.22998258227173396,0.30584982238322866,0.06171636499460123,0.770017417728266,1.5
3,0.76,0.06407465077652015,SARS-CoV-2 (Omicron),0.6950556994421696,0.43653620229337503,0.9008359085631752,0.24631320826272368,0.31492926799816867,0.06910828756402754,0.7536867917372763,1.5
3,0.77,0.06062481100765493,SARS-CoV-2 (Omicron),0.6950556994421696,0.416744223185035,0.9022626156626085,0.2639005076056022,0.3231612824284454,0.07755920231041598,0.7360994923943978,1.5
3,0.78,0.0572616644310969,SARS-CoV-2 (Omicron),0.6950556994421696,0.3971124105162044,0.903767537423502,0.28283588099561374,0.330371117582815,0.08723358898860167,0.7171641190043863,1.5
3,0.79,0.05398196239662173,SARS-CoV-2 (Omicron),0.6950556994421696,0.3777166496041944,0.9053522672977864,0.30321376790715654,0.33638940362315606,0.0983208184507448,0.6967862320928435,1.5
3,0.8,0.05078261708699527,SARS-CoV-2 (Omicron),0.6950556994421696,0.3586314517973979,0.9070179025966009,0.32513052719933727,0.34106030044033325,0.11103811245418703,0.6748694728006628,1.5
3,0.81,0.047660691667741395,SARS-CoV-2 (Omicron),0.6950556994421696,0.3399288056524342,0.9087649582193801,0.34868285950510003,0.3442501891277969,0.12563346190484576,0.6513171404949,1.5
3,0.8200000000000001,0.04461339115298419,SARS-CoV-2 (Omicron),0.6950556994421696,0.3216770995217754,0.9105932805073027,0.3739656418711727,0.3458562156690889,0.14238828383173333,0.6260343581288272,1.5
3,0.8300000000000001,0.041638053927307,SARS-CoV-2 (Omicron),0.6950556994421696,0.3039401618340425,0.9125019643562279,0.4010690121466459,0.34581388429368226,0.1616194835170796,0.5989309878533541,1.5
3,0.8400000000000001,0.03873214386926177,SARS-CoV-2 (Omicron),0.6950556994421696,0.28677646288509695,0.9144892772375375,0.43007449961255545,0.3441028895218106,0.1836804291927383,0.5699255003874446,1.5
3,0.8500000000000001,0.0358932430272559,SARS-CoV-2 (Omicron),0.6950556994421696,0.27023851800097703,0.9165525941721532,0.46104994738888294,0.3407504983423406,0.208960126678608,0.5389500526111171,1.5
3,0.86,0.033119044803103716,SARS-CoV-2 (Omicron),0.6950556994421696,0.25437252743130434,0.9186883479201529,0.4940429088857327,0.3358320453976896,0.23787957923205066,0.5059570911142672,1.5
3,0.87,0.03040734760262253,SARS-CoV-2 (Omicron),0.6950556994421696,0.23921828467656348,0.9208919986236324,0.5290721220665524,0.32946845203357505,0.2708839058906435,0.4709278779334476,1.5
3,0.88,0.027756048916327863,SARS-CoV-2 (Omicron),0.6950556994421696,0.2248093841066791,0.92315802682072,0.5661165679683922,0.32182106717742753,0.3084282331134004,0.43388343203160784,1.5
3,0.89,0.025163139796586936,SARS-CoV-2 (Omicron),0.6950556994421696,0.21117376350552264,0.9254799530994017,0.6051014993474226,0.3130844869007138,0.3509546215126919,0.39489850065257737,1.5
3,0.9,0.022626699700566133,SARS-CoV-2 (Omicron),0.6950556994421696,0.19833463185529904,0.9278503866742527,0.6458806760318434,0.30347828310251923,0.39885627906333443,0.3541193239681566,1.5
3,0.91,0.020144891670990532,SARS-CoV-2 (Omicron),0.6950556994421696,0.1863118642929631,0.9302611038755002,0.6882138588541137,0.2932387319927919,0.45242396238264726,0.3117861411458863,1.5
3,0.9199999999999999,0.01771595782915454,SARS-CoV-2 (Omicron),0.6950556994421696,0.17512400723965882,0.9327031560050626,0.7317383856409704,0.2826116935723309,0.5117676718416884,0.2682616143590296,1.5
3,0.9299999999999999,0.015338215156811963,SARS-CoV-2 (Omicron),0.6950556994421696,0.1647911510433873,0.9351670043425585,0.7759333705102592,0.2718478158689496,0.5767043660416109,0.22406662948974077,1.5
3,0.94,0.013010051545552535,SARS-CoV-2 (Omicron),0.6950556994421696,0.15533914322969494,0.9376426784095895,0.820074719186327,0.2612013406231538,0.6465992775750306,0.17992528081367298,1.5
3,0.95,0.010729922094064669,SARS-CoV-2 (Omicron),0.6950556994421696,0.14680603570821849,0.9401199520728518,0.8631787228899488,0.2509341756622943,0.720144274005778,0.1368212771100512,1.5
3,0.96,0.008496345635310185,SARS-CoV-2 (Omicron),0.6950556994421696,0.13925251879274989,0.9425885308339839,0.9039314628017784,0.24132796368050133,0.7950512783099909,0.09606853719822162,1.5
3,0.97,0.006307901477111318,SARS-CoV-2 (Omicron),0.6950556994421696,0.13277996764853903,0.9450382428432843,0.9406006031144103,0.23270948078174158,0.8676316598203042,0.059399396885589706,1.5
3,0.98,0.00416322634099159,SARS-CoV-2 (Omicron),0.6950556994421696,0.1275641409516156,0.947459225872891,0.97092534507007755,0.2255010341893604,0.9322232408800344,0.02907465492992245,1.5
3,0.99,0.002061011485330201,SARS-CoV-2 (Omicron),0.6950556994421696,0.12392404640793236,0.949842102727607,0.991979322599868,0.22032390083897319,0.980414510790097,0.008020677400132015,1.5
4,0.5,0.20092782615905697,SARS-CoV-2 (Omicron),0.6950556994421696,0.9043390975193001,0.8173148094107614,0.03372865186589713,0.06503184574661895,0.007001970918362998,0.9662713481341029,1.5
4,0.51,0.19314252640211935,SARS-CoV-2 (Omicron),0.6950556994421696,0.8976423877339275,0.8176293844890664,0.035880438341020976,0.06900270983366016,0.007504245178123556,0.964119561658979,1.5
4,0.52,0.18565072781343067,SARS-CoV-2 (Omicron),0.6950556994421696,0.8905052278648987,0.8179650002994517,0.038183885960786944,0.07322784247616414,0.008050007369984525,0.9618161140392131,1.5
4,0.53,0.1784360345147452,SARS-CoV-2 (Omicron),0.6950556994421696,0.8829043253371371,0.8183232704427095,0.04065175620607838,0.07772481196144437,0.008644070395795402,0.9593482437939216,1.5
4,0.54,0.17148325332787334,SARS-CoV-2 (Omicron),0.6950556994421696,0.8748162644298023,0.8187059381896298,0.04329802041671773,0.08251219505748196,0.00929188485094803,0.9567019795832823,1.5
4,0.55,0.16477828528114657,SARS-CoV-2 (Omicron),0.6950556994421696,0.8662177324397617,0.8191148858941903,0.04613798231214436,0.08760955353612097,0.00999963516917683,0.9538620176878556,1.5
4,0.56,0.15830802866617671,SARS-CoV-2 (Omicron),0.6950556994421696,0.8570857860031276,0.819552144726147,0.04918841293735189,0.09303738231529518,0.010774351619595848,0.9508115870626481,1.5
4,0.5700000000000001,0.15206029223412737,SARS-CoV-2 (Omicron),0.6950556994421696,0.8473981600219327,0.8200199046327611,0.05246769914230571,0.09881702091702407,0.011624040915735219,0.9475323008576942,1.5
4,0.58,0.14602371731439107,SARS-CoV-2 (Omicron),0.6950556994421696,0.8371336208819197,0.8205205244080789,0.05599600674719815,0.10497051812657197,0.0125578386845306,0.9440039932528018,1.5
4,0.59,0.1401877078028225,SARS-CoV-2 (Omicron),0.6950556994421696,0.8262723645992842,0.8210565417105281,0.059795459572709514,0.11152043765862601,0.013586187614190746,0.9402045404272905,1.5
4,0.6,0.1345423671063978,SARS-CoV-2 (Omicron),0.6950556994421696,0.8147964591643498,0.8216306828248451,0.06389033551603081,0.11848959030326606,0.014721045765345522,0.9361096644839692,1.5
4,0.61,0.1290784412503576,SARS-CoV-2 (Omicron),0.6950556994421696,0.8026903286347402,0.8222458719117705,0.06830728081946107,0.12590067548744915,0.01597613030214159,0.931692719180539,1.5
4,0.62,0.12378726745585697,SARS-CoV-2 (Omicron),0.6950556994421696,0.7899412744608966,0.8229052394279682,0.07307554359548833,0.1337758125496261,0.017367202791307997,0.9269244564045117,1.5
4,0.63,0.11866072758359641,SARS-CoV-2 (Omicron),0.6950556994421696,0.7765400271171852,0.8236121293288312,0.07822722752306582,0.14213593946724218,0.018912403239090964,0.9217727724769342,1.5
4,0.64,0.1136912059141189,SARS-CoV-2 (Omicron),0.6950556994421696,0.7624813184068682,0.8243701045882319,0.08379756639195972,0.15100005459079133,0.02063264119753007,0.9162024336080403,1.5
4,0.65,0.1088715508002948,SARS-CoV-2 (Omicron),0.6950556994421696,0.7477644618904401,0.8251829504823215,0.08982521981691922,0.1603842755647904,0.022552053577651658,0.9101747801830807,1.5
4,0.66,0.10419503978355144,SARS-CoV-2 (Omicron),0.6950556994421696,0.7323939258794486,0.8260546749903703,0.09635258993436165,0.17030068969010034,0.024698540255222938,0.9036474100656383,1.5
4,0.67,0.09965534781394023,SARS-CoV-2 (Omicron),0.6950556994421696,0.7163798805136663,0.8269895055665206,0.10342615818455275,0.1807559723758312,0.027104390130350823,0.8965738418154472,1.5
4,0.6799999999999999,0.09524651825627761,SARS-CoV-2 (Omicron),0.6950556994421696,0.6997386978164531,0.8279918814355438,0.11109684031244434,0.19174975618642462,0.029807011972900053,0.8889031596875556,1.5
4,0.69,0.09096293640126052,SARS-CoV-2 (Omicron),0.6950556994421696,0.6824933815594992,0.8290664404681527,0.11942035641496808,0.2032727437306661,0.03284978609193856,0.8805796435850319,1.5
4,0.7,0.08679930523243322,SARS-CoV-2 (Omicron),0.6950556994421696,0.6646739025488424,0.8302179996038338,0.12845761112608028,0.21530457490879293,0.03628305451031634,0.8715423888739198,1.5
4,0.71,0.08275062322781494,SARS-CoV-2 (Omicron),0.6950556994421696,0.6463174148600936,0.8314515277203302,0.13827507674232542,0.22781148455080447,0.04016526874972797,0.8617249232576746,1.5
4,0.72,0.07881216399946102,SARS-CoV-2 (Omicron),0.6950556994421696,0.6274683298704856,0.8327721098099292,0.14894516909847286,0.24074382174087458,0.04456431530192602,0.8510548309015271,1.5
4,0.73,0.07497945759568433,SARS-CoV-2 (Omicron),0.6950556994421696,0.6081782278698258,0.8341849013270296,0.16054660211242655,0.25403354790949534,0.049559039030939445,0.8394533978875734,1.5
4,0.74,0.07124827330952317,SARS-CoV-2 (Omicron),0.6950556994421696,0.588505591698284,0.8356950716346316,0.1731647018887183,0.26759188642201276,0.05524098361658374,0.8268352981112816,1.5
4,0.75,0.06761460385364436,SARS-CoV-2 (Omicron),0.6950556994421696,0.5685153532431501,0.8373077356166202,0.18689165479566341,0.2813073588506984,0.06171636499460123,0.8131083452043366,1.5
4,0.76,0.06407465077652015,SARS-CoV-2 (Omicron),0.6950556994421696,0.5482782515595908,0.8390278727558119,0.20182665562969748,0.2950445059249451,0.06910828756402754,0.7981733443703025,1.5
4,0.77,0.06062481100765493,SARS-CoV-2 (Omicron),0.6950556994421696,0.527870010523655,0.8408602333216837,0.21807591137100232,0.3086436435981302,0.07755920231041598,0.7819240886289976,1.5
4,0.78,0.0572616644310969,SARS-CoV-2 (Omicron),0.6950556994421696,0.5073703537815455,0.8428092317804259,0.23575244251473249,0.32192203162039473,0.08723358898860167,0.7642475574852675,1.5
4,0.79,0.05398196239662173,SARS-CoV-2 (Omicron),0.6950556994421696,0.48686188470344804,0.8448788281416806,0.254975606777484,0.3346768150562849,0.0983208184507448,0.745024393222516,1.5
4,0.8,0.05078261708699527,SARS-CoV-2 (Omicron),0.6950556994421696,0.4664288683925276,0.8470723986901731,0.2758702481849055,0.34669001972502983,0.11103811245418703,0.7241297518150944,1.5
4,0.81,0.047660691667741395,SARS-CoV-2 (Omicron),0.6950556994421696,0.4461559608640946,0.8493925984030328,0.29856534696326004,0.3577357270566932,0.12563346190484576,0.7014346530367399,1.5
4,0.8200000000000001,0.04461339115298419,SARS-CoV-2 (Omicron),0.6950556994421696,0.4261269367318914,0.8518412182955438,0.32319201081102583,0.3675893209286151,0.14238828383173333,0.6768079891889742,1.5
4,0.8300000000000001,0.041638053927307,SARS-CoV-2 (Omicron),0.6950556994421696,0.4064234707678053,0.8544190419214486,0.34988060417649935,0.37603840628313767,0.1616194835170796,0.6501193958235006,1.5
4,0.8400000000000001,0.03873214386926177,SARS-CoV-2 (Omicron),0.6950556994421696,0.3871240305028422,0.8571257062111544,0.3787567568197272,0.38289468728631937,0.1836804291927383,0.6212432431802728,1.5
4,0.8500000000000001,0.0358932430272559,SARS-CoV-2 (Omicron),0.6950556994421696,0.3683029369861538,0.8599595726763727,0.4099359233339015,0.3880058224743879,0.208960126678608,0.5900640766660985,1.5
4,0.86,0.033119044803103716,SARS-CoV-2 (Omicron),0.6950556994421696,0.3500296497981469,0.8629176156430918,0.44351607788481323,0.39126611613210593,0.23787957923205066,0.5564839221151867,1.5
4,0.87,0.03040734760262253,SARS-CoV-2 (Omicron),0.6950556994421696,0.3323683319397104,0.8659953344907994,0.4795680187719353,0.3926249201951727,0.2708839058906435,0.5204319812280647,1.5
4,0.88,0.027756048916327863,SARS-CoV-2 (Omicron),0.6950556994421696,0.31537775265616297,0.8691866967748774,0.5181226200219804,0.3920918402899237,0.3084282331134004,0.4818773799780196,1.5
4,0.89,0.025163139796586936,SARS-CoV-2 (Omicron),0.6950556994421696,0.29911159523262343,0.8724841185116281,0.559154195266704,0.389738249336337,0.3509546215126919,0.44084580473329604,1.5
4,0.9,0.022626699700566133,SARS-CoV-2 (Omicron),0.6950556994421696,0.2836192580735644,0.8758784867676899,0.6025589241595011,0.3856951535075748,0.39885627906333443,0.3974410758404989,1.5
4,0.91,0.020144891670990532,SARS-CoV-2 (Omicron),0.6950556994421696,0.2689472806081009,0.8793592280236082,0.6481270230478596,0.3801480417506906,0.45242396238264726,0.35187297695214037,1.5
4,0.9199999999999999,0.01771595782915454,SARS-CoV-2 (Omicron),0.6950556994421696,0.2551416080054103,0.8829144236403855,0.6955070065337035,0.37332989984331877,0.5117676718416884,0.30449299346629655,1.5
4,0.9299999999999999,0.015338215156811963,SARS-CoV-2 (Omicron),0.6950556994421696,0.2422510631729174,0.8865309712753524,0.7441599688243499,0.36551404591128556,0.5767043660416109,0.25584003117565013,1.5
4,0.94,0.013010051545552535,SARS-CoV-2 (Omicron),0.6950556994421696,0.2303326872407031,0.890194788452447,0.7933012935010091,0.3570088960728213,0.6465992775750306,0.20669870649899091,1.5
4,0.95,0.010729922094064669,SARS-CoV-2 (Omicron),0.6950556994421696,0.2194601821638233,0.8938910519138111,0.8418265529233752,0.34815738771996985,0.720144274005778,0.15817344707662484,1.5
4,0.96,0.008496345635310185,SARS-CoV-2 (Omicron),0.6950556994421696,0.20973786297635494,0.8976044641006792,0.8882175536026387,0.3393450202762407,0.7950512783099909,0.11178244639736135,1.5
4,0.97,0.006307901477111318,SARS-CoV-2 (Omicron),0.6950556994421696,0.20132508893658727,0.9013195363526363,0.9304234840915114,0.3310233300002796,0.8676316598203042,0.06957651590848857,1.5
4,0.98,0.00416322634099159,SARS-CoV-2 (Omicron),0.6950556994421696,0.19448218537260015,0.9050208773509696,0.9657108811566851,0.3237626012837593,0.9322232408800344,0.03428911884331487,1.5
4,0.99,0.002061011485330201,SARS-CoV-2 (Omicron),0.6950556994421696,0.1896645809026351,0.9086934750694977,0.9904745914704086,0.31836575326653355,0.980414510790097,0.009525408529591384,1.5
5,0.5,0.20092782615905697,SARS-CoV-2 (Omicron),0.6950556994421696,0.9447736136577117,0.7402149891941445,0.025002817055704427,0.04871638673248225,0.007001970918362998,0.9749971829442956,1.5
5,0.51,0.19314252640211935,SARS-CoV-2 (Omicron),0.6950556994421696,0.9401607018899626,0.7405267645554479,0.02666551611268698,0.05186013758822828,0.007504245178123556,0.973334483887313,1.5
5,0.52,0.18565072781343067,SARS-CoV-2 (Omicron),0.6950556994421696,0.935180270171891,0.7408608549572682,0.028453290559139432,0.0552262956308605,0.008050007369984525,0.9715467094408605,1.5
5,0.53,0.1784360345147452,SARS-CoV-2 (Omicron),0.6950556994421696,0.9298070860798467,0.7412191166513978,0.030377500153079405,0.058832885477861654,0.008644070395795402,0.9696224998469206,1.5
5,0.54,0.17148325332787334,SARS-CoV-2 (Omicron),0.6950556994421696,0.9240150433300128,0.7416035704312833,0.03245067583027987,0.06269939848911435,0.00929188485094803,0.9675493241697202,1.5
5,0.55,0.16477828528114657,SARS-CoV-2 (Omicron),0.6950556994421696,0.9177773083890596,0.7420164154427968,0.03468664983740977,0.06684687614655625,0.00999963516917683,0.9653133501625902,1.5
5,0.56,0.15830802866617671,SARS-CoV-2 (Omicron),0.6950556994421696,0.9110665076217049,0.7424600437750563,0.037100700630801946,0.07129798512293944,0.010774351619595848,0.962899299369198,1.5
5,0.5700000000000001,0.15206029223412737,SARS-CoV-2 (Omicron),0.6950556994421696,0.9038549594850805,0.7429370557668247,0.03970971411114807,0.07607707885523221,0.011624040915735219,0.9602902858888519,1.5
5,0.58,0.14602371731439107,SARS-CoV-2 (Omicron),0.6950556994421696,0.8961149559467656,0.7434502759276795,0.042532362884994145,0.08121023887957173,0.0125578386845306,0.9574676371150058,1.5
5,0.59,0.1401877078028225,SARS-CoV-2 (Omicron),0.6950556994421696,0.8878190966943689,0.7440027693280951,0.04558930535752051,0.08672528726431486,0.013586187614190746,0.9544106946424795,1.5
5,0.6,0.1345423671063978,SARS-CoV-2 (Omicron),0.6950556994421696,0.8789406787639064,0.7445978582575147,0.048903406560632696,0.09265175913954384,0.014721045765345522,0.9510965934393673,1.5
5,0.61,0.1290784412503576,SARS-CoV-2 (Omicron),0.6950556994421696,0.8694541428905419,0.7452391388830314,0.052499982696161865,0.09902082151389421,0.01597613030214159,0.9475000173038381,1.5
5,0.62,0.12378726745585697,SARS-CoV-2 (Omicron),0.6950556994421696,0.8593355761351936,0.7459304975621667,0.05640707141286966,0.10586512125533232,0.017367202791307997,0.9435929285871303,1.5
5,0.63,0.11866072758359641,SARS-CoV-2 (Omicron),0.6950556994421696,0.8485632681375662,0.7466761263702907,0.06065572982050234,0.11321854128289655,0.018912403239090964,0.9393442701794976,1.5
5,0.64,0.1136912059141189,SARS-CoV-2 (Omicron),0.6950556994421696,0.8371183156886515,0.747480537295679,0.06528036215118074,0.12111583971367708,0.02063264119753007,0.9347196378488193,1.5
5,0.65,0.1088715508002948,SARS-CoV-2 (Omicron),0.6950556994421696,0.8249852672362012,0.7483485744327651,0.07031907877748685,0.12959214205838682,0.022552053577651658,0.9296809212225131,1.5
5,0.66,0.10419503978355144,SARS-CoV-2 (Omicron),0.6950556994421696,0.812152795512012,0.7492854233673791,0.07581408794787563,0.13868225181134733,0.024698540255222938,0.9241859120521244,1.5
5,0.67,0.09965534781394023,SARS-CoV-2 (Omicron),0.6950556994421696,0.7986143828292217,0.7502966167983112,0.08181212105163421,0.14841974037265487,0.027104390130350823,0.9181878789483657,1.5
5,0.6799999999999999,0.09524651825627761,SARS-CoV-2 (Omicron),0.6950556994421696,0.7843689999285149,0.7513880352806095,0.08836489141027555,0.15883577386446113,0.029807011972900053,0.9116351085897244,1.5
5,0.69,0.09096293640126052,SARS-CoV-2 (Omicron),0.6950556994421696,0.7694217558004408,0.7525659018127926,0.0955295854231402,0.1699576330922437,0.03284978609193856,0.9044704145768598,1.5
5,0.7,0.08679930523243322,SARS-CoV-2 (Omicron),0.6950556994421696,0.7537844929761314,0.7538367688302835,0.10336938326019737,0.1818068851118633,0.03628305451031634,0.8966306167398026,1.5
5,0.71,0.08275062322781494,SARS-CoV-2 (Omicron),0.6950556994421696,0.7374763006984675,0.7552074960214579,0.11195400405095285,0.19439717253844374,0.04016526874972797,0.8880459959490472,1.5
5,0.72,0.07881216399946102,SARS-CoV-2 (Omicron),0.6950556994421696,0.7205239175125923,0.7566852172647422,0.12136026748092527,0.20773160231393498,0.04456431530192602,0.8786397325190747,1.5
5,0.73,0.07497945759568433,SARS-CoV-2 (Omicron),0.6950556994421696,0.7029619954825734,0.7582772949128767,0.13167265964115427,0.22179974196763283,0.049559039030939445,0.8683273403588457,1.5
5,0.74,0.07124827330952317,SARS-CoV-2 (Omicron),0.6950556994421696,0.6848332007246604,0.7599912596451077,0.14298388558159864,0.23657427138117396,0.05524098361658374,0.8570161144184014,1.5
5,0.75,0.06761460385364436,SARS-CoV-2 (Omicron),0.6950556994421696,0.6661881294188826,0.7618347341943548,0.15539538391408914,0.25200739413596407,0.06171636499460123,0.8446046160859109,1.5
5,0.76,0.06407465077652015,SARS-CoV-2 (Omicron),0.6950556994421696,0.6470850249473041,0.7638153394612777,0.1690177695091792,0.2680271856493851,0.06910828756402754,0.8309822304908208,1.5
5,0.77,0.06062481100765493,SARS-CoV-2 (Omicron),0.6950556994421696,0.6275892901612158,0.7659405818782681,0.18397115821772198,0.2845341436404906,0.07755920231041598,0.8160288417822781,1.5
5,0.78,0.0572616644310969,SARS-CoV-2 (Omicron),0.6950556994421696,0.6077727986645591,0.7682177214092992,0.2003853118416102,0.30139830363879305,0.08723358898860167,0.7996146881583898,1.5
5,0.79,0.05398196239662173,SARS-CoV-2 (Omicron),0.6950556994421696,0.5877130199028879,0.7706536202864223,0.21839952129118012,0.3184573757238776,0.0983208184507448,0.7816004787088199,1.5
5,0.8,0.05078261708699527,SARS-CoV-2 (Omicron),0.6950556994421696,0.5674919841156982,0.7732545735005341,0.23816211975123028,0.3355164287753694,0.11103811245418703,0.7618378802487697,1.5
5,0.81,0.047660691667741395,SARS-CoV-2 (Omicron),0.6950556994421696,0.5471951241279632,0.7760261231777899,0.2598294841585145,0.35234966908407533,0.12563346190484576,0.7401705158414855,1.5
5,0.8200000000000001,0.04461339115298419,SARS-CoV-2 (Omicron),0.6950556994421696,0.5269100408377925,0.7789728602580787,0.28356434038591866,0.3687048021118002,0.14238828383173333,0.7164356596140813,1.5
5,0.8300000000000001,0.041638053927307,SARS-CoV-2 (Omicron),0.6950556994421696,0.5067252475623119,0.7820982182974301,0.3095331327334871,0.38431030443148373,0.1616194835170796,0.6904668672665129,1.5
5,0.8400000000000001,0.03873214386926177,SARS-CoV-2 (Omicron),0.6950556994421696,0.4867289548705945,0.7854042656627287,0.3379021485019912,0.3988856566682109,0.1836804291927383,0.6620978514980088,1.5
5,0.8500000000000001,0.0358932430272559,SARS-CoV-2 (Omicron),0.6950556994421696,0.4670079623132053,0.7888915037665873,0.3688319996246507,0.4121542123476969,0.208960126678608,0.6311680003753493,1.5
5,0.86,0.033119044803103716,SARS-CoV-2 (Omicron),0.6950556994421696,0.4476467272741521,0.7925586801695328,0.40246995060622814,0.42385795009757143,0.23787957923205066,0.5975300493937719,1.5
5,0.87,0.03040734760262253,SARS-CoV-2 (Omicron),0.6950556994421696,0.42872668551224413,0.7964026262063785,0.4389394391620722,0.4337729583788809,0.2708839058906435,0.5610605608379278,1.5
5,0.88,0.027756048916327863,SARS-CoV-2 (Omicron),0.6950556994421696,0.4103259053928307,0.8004181291222378,0.4783259551968706,0.44172423272439626,0.3084282331134004,0.5216740448031294,1.5
5,0.89,0.025163139796586936,SARS-CoV-2 (Omicron),0.6950556994421696,0.39251917254621344,0.8045978483960765,0.520658215403044,0.4475983189823512,0.3509546215126919,0.479341784596956,1.5
5,0.9,0.022626699700566133,SARS-CoV-2 (Omicron),0.6950556994421696,0.3753786306727016,0.8089322848894365,0.565883282662598,0.4513525699000427,0.39885627906333443,0.434116717337402,1.5
5,0.91,0.020144891670990532,SARS-CoV-2 (Omicron),0.6950556994421696,0.35897515935285906,0.8134098096482634,0.6138339164695549,0.453020296494588,0.45242396238264726,0.3861660835304451,1.5
5,0.9199999999999999,0.01771595782915454,SARS-CoV-2 (Omicron),0.6950556994421696,0.34338077249419874,0.8180167566473239,0.6641859838897858,0.45271183230856193,0.5117676718416884,0.3358140161102142,1.5
5,0.9299999999999999,0.015338215156811963,SARS-CoV-2 (Omicron),0.6950556994421696,0.3286725123964038,0.8227375806268327,0.7164031866555799,0.45061240149488363,0.5767043660416109,0.2835968133444201,1.5
5,0.94,0.013010051545552535,SARS-CoV-2 (Omicron),0.6950556994421696,0.3149386768663749,0.8275550776409664,0.7696656396443526,0.4469786344921061,0.6465992775750306,0.23033436035564736,1.5
5,0.95,0.010729922094064669,SARS-CoV-2 (Omicron),0.6950556994421696,0.3022889265353645,0.832450662297307,0.8227779329255381,0.4421366713089823,0.720144274005778,0.17722206707446186,1.5
5,0.96,0.008496345635310185,SARS-CoV-2 (Omicron),0.6950556994421696,0.29087127700042187,0.8374046922332479,0.8740511787407709,0.43648636228287263,0.7950512783099909,0.12594882125922913,1.5
5,0.97,0.006307901477111318,SARS-CoV-2 (Omicron),0.6950556994421696,0.28090216391821343,0.8423968274691747,0.9211521303789447,0.43051903387211177,0.8676316598203042,0.07884786962105528,1.5
5,0.98,0.00416322634099159,SARS-CoV-2 (Omicron),0.6950556994421696,0.27272328231351645,0.8474064101769537,0.9609106927807752,0.4248630038343383,0.9322232408800344,0.03908930721922477,1.5
5,0.99,0.002061011485330201,SARS-CoV-2 (Omicron),0.6950556994421696,0.26691844281669375,0.8524128493053221,0.9890749393319692,0.4203881109371275,0.980414510790097,0.010925060668030784,1.5
6,0.5,0.20092782615905697,SARS-CoV-2 (Omicron),0.6950556994421696,0.9686309993376805,0.6549652226646019,0.019411285585877937,0.0380598548106324,0.007001970918362998,0.9805887144141221,1.5
6,0.51,0.19314252640211935,SARS-CoV-2 (Omicron),0.6950556994421696,0.9655917116194945,0.6552578272114532,0.020738444406692834,0.040604801361163304,0.007504245178123556,0.9792615555933072,1.5
6,0.52,0.18565072781343067,SARS-CoV-2 (Omicron),0.6950556994421696,0.9622690180310319,0.6555724484116869,0.022170138888025954,0.04334170908877492,0.008050007369984525,0.977829861111974,1.5
6,0.53,0.1784360345147452,SARS-CoV-2 (Omicron),0.6950556994421696,0.9586392821783875,0.6559110362677476,0.023716420879259237,0.046287699286048575,0.008644070395795402,0.9762835791207407,1.5
6,0.54,0.17148325332787334,SARS-CoV-2 (Omicron),0.6950556994421696,0.9546775316514442,0.6562757273856248,0.025388448016251,0.04946152889182759,0.00929188485094803,0.974611551983749,1.5
6,0.55,0.16477828528114657,SARS-CoV-2 (Omicron),0.6950556994421696,0.9503575181641154,0.656668862397018,0.027198615824297712,0.052883733493273105,0.00999963516917683,0.9728013841757023,1.5
6,0.56,0.15830802866617671,SARS-CoV-2 (Omicron),0.6950556994421696,0.9456518122030138,0.6570930046469714,0.02916070614283203,0.05657677571864181,0.010774351619595848,0.9708392938571679,1.5
6,0.5700000000000001,0.15206029223412737,SARS-CoV-2 (Omicron),0.6950556994421696,0.9405319377613977,0.6575509601294253,0.03129005382512805,0.060565196531027224,0.011624040915735219,0.9687099461748719,1.5
6,0.58,0.14602371731439107,SARS-CoV-2 (Omicron),0.6950556994421696,0.9349685528411176,0.658045798616558,0.03360373386111702,0.06487576580403548,0.0125578386845306,0.966396266138883,1.5
6,0.59,0.1401877078028225,SARS-CoV-2 (Omicron),0.6950556994421696,0.9289316812926471,0.6585808758807922,0.036120771271391454,0.06953762709492571,0.013586187614190746,0.9638792287286085,1.5
6,0.6,0.1345423671063978,SARS-CoV-2 (Omicron),0.6950556994421696,0.922391001166629,0.6591598568490659,0.038862376319936213,0.07458242965073224,0.014721045765345522,0.9611376236800638,1.5
6,0.61,0.1290784412503576,SARS-CoV-2 (Omicron),0.6950556994421696,0.9153161940017143,0.6597867394553956,0.041852207783797814,0.08004443829899648,0.01597613030214159,0.9581477922162022,1.5
6,0.62,0.12378726745585697,SARS-CoV-2 (Omicron),0.6950556994421696,0.9076773583048798,0.6604658788678296,0.04511666718803338,0.08596060888935365,0.017367202791307997,0.9548833328119666,1.5
6,0.63,0.11866072758359641,SARS-CoV-2 (Omicron),0.6950556994421696,0.8994454888318951,0.6612020116575864,0.0486852270475074,0.09237061326511635,0.018912403239090964,0.9513147729524926,1.5
6,0.64,0.1136912059141189,SARS-CoV-2 (Omicron),0.6950556994421696,0.8905930211028128,0.6620002793497373,0.05259079623097984,0.0993167932629513,0.02063264119753007,0.9474092037690202,1.5
6,0.65,0.1088715508002948,SARS-CoV-2 (Omicron),0.6950556994421696,0.8810944378714995,0.662866250644899,0.05687012554703574,0.10684401789748224,0.022552053577651658,0.9431298744529643,1.5
6,0.66,0.10419503978355144,SARS-CoV-2 (Omicron),0.6950556994421696,0.8709269310280497,0.6638059414295253,0.06156425650490923,0.11499941167422367,0.024698540255222938,0.9384357434950907,1.5
6,0.67,0.09965534781394023,SARS-CoV-2 (Omicron),0.6950556994421696,0.8600711087157891,0.6648258314991541,0.06671901587176943,0.12383191497383682,0.027104390130350823,0.9332809841282306,1.5
6,0.6799999999999999,0.09524651825627761,SARS-CoV-2 (Omicron),0.6950556994421696,0.8485117334172948,0.6659328767067008,0.07238555805958241,0.13339162990698558,0.029807011972900053,0.9276144419404175,1.5
6,0.69,0.09096293640126052,SARS-CoV-2 (Omicron),0.6950556994421696,0.836238472600075,0.6671345150211585,0.07862095643453634,0.14372889743848588,0.03284978609193856,0.9213790435654636,1.5
6,0.7,0.08679930523243322,SARS-CoV-2 (Omicron),0.6950556994421696,0.8232466394746205,0.6684386647483858,0.08548884322615186,0.15489304476003682,0.03628305451031634,0.9145111567738482,1.5
6,0.71,0.08275062322781494,SARS-CoV-2 (Omicron),0.6950556994421696,0.8095378978311608,0.6698537129361759,0.09306009565978654,0.16693073717351647,0.04016526874972797,0.9069399043402134,1.5
6,0.72,0.07881216399946102,SARS-CoV-2 (Omicron),0.6950556994421696,0.7951209021599479,0.6713884917760135,0.10141356303495394,0.1798838680765663,0.04456431530192602,0.898586436965046,1.5
6,0.73,0.07497945759568433,SARS-CoV-2 (Omicron),0.6950556994421696,0.7800118427183146,0.6730522406442216,0.11063682545025584,0.19378692671131956,0.049559039030939445,0.8893631745497441,1.5
6,0.74,0.07124827330952317,SARS-CoV-2 (Omicron),0.6950556994421696,0.7642348652659069,0.6748545513212472,0.12082696938178927,0.2086637996377645,0.05524098361658374,0.8791730306182107,1.5
6,0.75,0.06761460385364436,SARS-CoV-2 (Omicron),0.6950556994421696,0.7478223371678008,0.6768052939203714,0.13209135790213872,0.22452399261314887,0.06171636499460123,0.8679086420978612,1.5
6,0.76,0.06407465077652015,SARS-CoV-2 (Omicron),0.6950556994421696,0.7308149356764732,0.6789145211813221,0.1445483633985619,0.2413583091977547,0.06910828756402754,0.8554516366014381,1.5
6,0.77,0.06062481100765493,SARS-CoV-2 (Omicron),0.6950556994421696,0.7132615405089786,0.6811923490779433,0.15832801746410868,0.2591340949627798,0.07755920231041598,0.8416719825358914,1.5
6,0.78,0.0572616644310969,SARS-CoV-2 (Omicron),0.6950556994421696,0.6952189212127934,0.6836488121900473,0.1735725152371677,0.2777902537540148,0.08723358898860167,0.8264274847628323,1.5
6,0.79,0.05398196239662173,SARS-CoV-2 (Omicron),0.6950556994421696,0.6767512199446253,0.6862936930315364,0.1904364886307872,0.2972323632551775,0.0983208184507448,0.8095635113692128,1.5
6,0.8,0.05078261708699527,SARS-CoV-2 (Omicron),0.6950556994421696,0.657929241674643,0.6891363255340341,0.20908693306393503,0.3173283528564157,0.11103811245418703,0.790913066936065,1.5
6,0.81,0.047660691667741395,SARS-CoV-2 (Omicron),0.6950556994421696,0.6388295758478445,0.6921853741658166,0.22970263349775036,0.3379053404111846,0.12563346190484576,0.7702973665022497,1.5
6,0.8200000000000001,0.04461339115298419,SARS-CoV-2 (Omicron),0.6950556994421696,0.6195335855117192,0.6954485917047812,0.2524728852678781,0.3587483283573751,0.14238828383173333,0.7475271147321219,1.5
6,0.8300000000000001,0.041638053927307,SARS-CoV-2 (Omicron),0.6950556994421696,0.6001263112488275,0.6989325604362902,0.2775952401873768,0.3796014971747932,0.1616194835170796,0.7224047598126232,1.5
6,0.8400000000000001,0.03873214386926177,SARS-CoV-2 (Omicron),0.6950556994421696,0.5806953475351256,0.702642423430893,0.3052719246161725,0.4001727646829651,0.1836804291927383,0.6947280753838275,1.5
6,0.8500000000000001,0.0358932430272559,SARS-CoV-2 (Omicron),0.6950556994421696,0.5613297583525365,0.706581614453538,0.33570446851875324,0.4201420693806743,0.208960126678608,0.6642955314812468,1.5
6,0.86,0.033119044803103716,SARS-CoV-2 (Omicron),0.6950556994421696,0.5421191075599553,0.7107515968086591,0.36908594647477827,0.43917347260060563,0.23787957923205066,0.6309140535252218,1.5
6,0.87,0.03040734760262253,SARS-CoV-2 (Omicron),0.6950556994421696,0.5231526890438012,0.7151516228496103,0.4055900549821059,0.4569306824267216,0.2708839058906435,0.5944099450178941,1.5
6,0.88,0.027756048916327863,SARS-CoV-2 (Omicron),0.6950556994421696,0.5045190546274959,0.7197785267777788,0.4453560248839382,0.47309505322041523,0.3084282331134004,0.5546439751160618,1.5
6,0.89,0.025163139796586936,SARS-CoV-2 (Omicron),0.6950556994421696,0.4863059586329752,0.7246265635358013,0.48846808038100487,0.48738462163308993,0.3509546215126919,0.5115319196189951,1.5
6,0.9,0.022626699700566133,SARS-CoV-2 (Omicron),0.6950556994421696,0.46860087458272004,0.729687305904853,0.5349277905427265,0.49957243713728683,0.39885627906333443,0.46507220945727346,1.5
6,0.91,0.020144891670990532,SARS-CoV-2 (Omicron),0.6950556994421696,0.4514923053271007,0.7349496102553761,0.5846171950322174,0.5095024512899888,0.45242396238264726,0.41538280496778257,1.5
6,0.9199999999999999,0.01771595782915454,SARS-CoV-2 (Omicron),0.6950556994421696,0.43507222751287794,0.7403996587699977,0.6372499972416649,0.5171016125231754,0.5117676718416884,0.36275000275833513,1.5
6,0.9299999999999999,0.015338215156811963,SARS-CoV-2 (Omicron),0.6950556994421696,0.4194402319065933,0.7460210824589103,0.6923073730631547,0.5223875703625297,0.5767043660416109,0.3076926269368453,1.5
6,0.94,0.013010051545552535,SARS-CoV-2 (Omicron),0.6950556994421696,0.40471033771790366,0.7517951651337131,0.748954001916917,0.525472473469912,0.6465992775750306,0.25104599808308303,1.5
6,0.95,0.010729922094064669,SARS-CoV-2 (Omicron),0.6950556994421696,0.3910222746495143,0.7577011240052429,0.8059287382502582,0.5265647215963668,0.720144274005778,0.19407126174974176,1.5
6,0.96,0.008496345635310185,SARS-CoV-2 (Omicron),0.6950556994421696,0.3785607020442411,0.7637164581016344,0.861402843929003,0.5259723423315957,0.7950512783099909,0.13859715607099699,1.5
6,0.97,0.006307901477111318,SARS-CoV-2 (Omicron),0.6950556994421696,0.36758949634766386,0.7698173516668483,0.9127968168204887,0.5241145093664066,0.8676316598203042,0.08720318317951126,1.5
6,0.98,0.00416322634099159,SARS-CoV-2 (Omicron),0.6950556994421696,0.3585168828986539,0.7759791164727501,0.9565444814382535,0.5215533740694619,0.9322232408800344,0.04345551856174645,1.5
6,0.99,0.002061011485330201,SARS-CoV-2 (Omicron),0.6950556994421696,0.35202967660341467,0.782176654858889,0.9877900332890189,0.5190719369231057,0.980414510790097,0.012209966710981068,1.5
7,0.5,0.20092782615905697,SARS-CoV-2 (Omicron),0.6950556994421696,0.9824338088287629,0.565902287987263,0.01570767182148738,0.03092096291872951,0.007001970918362998,0.9842923281785126,1.5
7,0.51,0.19314252640211935,SARS-CoV-2 (Omicron),0.6950556994421696,0.9805000188854731,0.5661651641476931,0.016801298122085136,0.03303650129618768,0.007504245178123556,0.9831987018779149,1.5
7,0.52,0.18565072781343067,SARS-CoV-2 (Omicron),0.6950556994421696,0.9783602155767404,0.5664485693174995,0.017983875148130574,0.03531853730176594,0.008050007369984525,0.9820161248518694,1.5
7,0.53,0.1784360345147452,SARS-CoV-2 (Omicron),0.6950556994421696,0.9759943258247147,0.5667544128885349,0.01926432536410955,0.03778288633563434,0.008644070395795402,0.9807356746358904,1.5
7,0.54,0.17148325332787334,SARS-CoV-2 (Omicron),0.6950556994421696,0.9733807741794621,0.5670847984506493,0.02065260315200715,0.04044702583104198,0.00929188485094803,0.9793473968479929,1.5
7,0.55,0.16477828528114657,SARS-CoV-2 (Omicron),0.6950556994421696,0.9704964716393878,0.567442043478496,0.022159825333258366,0.04333026922543159,0.00999963516917683,0.9778401746667417,1.5
7,0.56,0.15830802866617671,SARS-CoV-2 (Omicron),0.6950556994421696,0.9673168297219358,0.567828700696249,0.023798418928528194,0.04645395413234545,0.010774351619595848,0.9762015810714718,1.5
7,0.5700000000000001,0.15206029223412737,SARS-CoV-2 (Omicron),0.6950556994421696,0.9638158054184703,0.5682475811592121,0.02558228840527102,0.049841644243487686,0.011624040915735219,0.974417711594729,1.5
7,0.58,0.14602371731439107,SARS-CoV-2 (Omicron),0.6950556994421696,0.9599659831109916,0.5687017790589101,0.027527004924621793,0.05351934376188738,0.0125578386845306,0.9724729950753782,1.5
7,0.59,0.1401877078028225,SARS-CoV-2 (Omicron),0.6950556994421696,0.9557386998327703,0.569194698214696,0.02965002037845512,0.05751572216179915,0.013586187614190746,0.9703499796215449,1.5
7,0.6,0.1345423671063978,SARS-CoV-2 (Omicron),0.6950556994421696,0.9511042203561094,0.569730080157897,0.0319709093006291,0.06186234570915899,0.014721045765345522,0.9680290906993709,1.5
7,0.61,0.1290784412503576,SARS-CoV-2 (Omicron),0.6950556994421696,0.9460319684165975,0.5703120336414775,0.03451164203724643,0.06659391036095501,0.01597613030214159,0.9654883579627536,1.5
7,0.62,0.12378726745585697,SARS-CoV-2 (Omicron),0.6950556994421696,0.9404908198559035,0.5709450653164083,0.03729689285954631,0.07174846827669334,0.017367202791307997,0.9627031071404537,1.5
7,0.63,0.11866072758359641,SARS-CoV-2 (Omicron),0.6950556994421696,0.9344494625052294,0.5716341112025095,0.040354386985506766,0.07736763708521481,0.018912403239090964,0.9596456130144932,1.5
7,0.64,0.1136912059141189,SARS-CoV-2 (Omicron),0.6950556994421696,0.9278768261653628,0.5723845684438156,0.043715290721872004,0.08349677710407871,0.02063264119753007,0.956284709278128,1.5
7,0.65,0.1088715508002948,SARS-CoV-2 (Omicron),0.6950556994421696,0.9207425840077124,0.5732023266739703,0.047414649118280736,0.09018511674601817,0.022552053577651658,0.9525853508817193,1.5
7,0.66,0.10419503978355144,SARS-CoV-2 (Omicron),0.6950556994421696,0.9130177240908863,0.5740937981240778,0.05149187559955299,0.09748580021217787,0.024698540255222938,0.948508124400447,1.5
7,0.67,0.09965534781394023,SARS-CoV-2 (Omicron),0.6950556994421696,0.9046751864648145,0.575065945383049,0.05599129795644639,0.10545582413998927,0.027104390130350823,0.9440087020435536,1.5
7,0.6799999999999999,0.09524651825627761,SARS-CoV-2 (Omicron),0.6950556994421696,0.8956905575765995,0.5761263054697059,0.060962764755500956,0.11415582109129001,0.029807011972900053,0.939037235244499,1.5
7,0.69,0.09096293640126052,SARS-CoV-2 (Omicron),0.6950556994421696,0.8860428095205759,0.5772830086000019,0.06646231557588958,0.12364963771536741,0.03284978609193856,0.9335376844241104,1.5
7,0.7,0.08679930523243322,SARS-CoV-2 (Omicron),0.6950556994421696,0.8757150672831685,0.5785447897380167,0.07255291736340155,0.13400364441105075,0.03628305451031634,0.9274470826365985,1.5
7,0.71,0.08275062322781494,SARS-CoV-2 (Omicron),0.6950556994421696,0.8646953827901677,0.5799209907162846,0.07930526743378795,0.14528570200596178,0.04016526874972797,0.920694732566212,1.5
7,0.72,0.07881216399946102,SARS-CoV-2 (Omicron),0.6950556994421696,0.8529774906083466,0.5814215504148819,0.08679866102884774,0.15756370055479665,0.04456431530192602,0.9132013389711523,1.5
7,0.73,0.07497945759568433,SARS-CoV-2 (Omicron),0.6950556994421696,0.840561516976674,0.5830569802207012,0.09512191752578887,0.17090357773774761,0.049559039030939445,0.9048780824742111,1.5
7,0.74,0.07124827330952317,SARS-CoV-2 (Omicron),0.6950556994421696,0.8274546118614566,0.5848383217761783,0.10437435402715597,0.18536672235225268,0.05524098361658374,0.895625645972844,1.5
7,0.75,0.06761460385364436,SARS-CoV-2 (Omicron),0.6950556994421696,0.8136714733482577,0.5867770839048636,0.11466678759834262,0.20100667598062516,0.06171636499460123,0.8853332124016574,1.5
7,0.76,0.06407465077652015,SARS-CoV-2 (Omicron),0.6950556994421696,0.7992347352449132,0.5888851556104175,0.12612253720104358,0.21786506818463428,0.06910828756402754,0.8738774627989564,1.5
7,0.77,0.06062481100765493,SARS-CoV-2 (Omicron),0.6950556994421696,0.7841751925092764,0.5911746922316838,0.13887838252415127,0.2359667635701629,0.07755920231041598,0.8611216174758487,1.5
7,0.78,0.0572616644310969,SARS-CoV-2 (Omicron),0.6950556994421696,0.768531845115257,0.5936579722475525,0.1530854183143847,0.25531426909165483,0.08723358898860167,0.8469145816856153,1.5
7,0.79,0.05398196239662173,SARS-CoV-2 (Omicron),0.6950556994421696,0.75235174913222,0.5963472229077741,0.1689097180081417,0.27588155224448097,0.0983208184507448,0.8310902819918583,1.5
7,0.8,0.05078261708699527,SARS-CoV-2 (Omicron),0.6950556994421696,0.7356896738296917,0.5992544138584495,0.186532687599412,0.29760755721848076,0.11103811245418703,0.813467312400588,1.5
7,0.81,0.047660691667741395,SARS-CoV-2 (Omicron),0.6950556994421696,0.7186075750824614,0.6023910192573709,0.20615094735311873,0.32038987213269304,0.12563346190484576,0.7938490526468813,1.5
7,0.8200000000000001,0.04461339115298419,SARS-CoV-2 (Omicron),0.6950556994421696,0.7011739076893608,0.6057677505348853,0.22797552212340996,0.34407918161668477,0.14238828383173333,0.77202447787659,1.5
7,0.8300000000000001,0.041638053927307,SARS-CoV-2 (Omicron),0.6950556994421696,0.6834628118764197,0.6093942639181011,0.2522300467425229,0.36847530767907805,0.1616194835170796,0.7477699532574771,1.5
7,0.8400000000000001,0.03873214386926177,SARS-CoV-2 (Omicron),0.6950556994421696,0.6655532218057034,0.6132788490271464,0.27914759620520263,0.3933257566239248,0.1836804291927383,0.7208524037947974,1.5
7,0.8500000000000001,0.0358932430272559,SARS-CoV-2 (Omicron),0.6950556994421696,0.6475279562318104,0.6174281071530301,0.3089656248125949,0.4183276993084094,0.208960126678608,0.6910343751874051,1.5
7,0.86,0.033119044803103716,SARS-CoV-2 (Omicron),0.6950556994421696,0.6294728639396496,0.6218466300722251,0.3419183359513265,0.44313416507976783,0.23787957923205066,0.6580816640486735,1.5
7,0.87,0.03040734760262253,SARS-CoV-2 (Omicron),0.6950556994421696,0.6114761104862703,0.626536692237723,0.37822559447417503,0.4673648923433331,0.2708839058906435,0.621774405525825,1.5
7,0.88,0.027756048916327863,SARS-CoV-2 (Omicron),0.6950556994421696,0.5936277105648307,0.6314979706780656,0.4180772236679962,0.4906217548766413,0.3084282331134004,0.5819227763320038,1.5
7,0.89,0.025163139796586936,SARS-CoV-2 (Omicron),0.6950556994421696,0.5760194365759932,0.6367273076989326,0.4616111820233719,0.5125080317024554,0.3509546215126919,0.5383888179766281,1.5
7,0.9,0.022626699700566133,SARS-CoV-2 (Omicron),0.6950556994421696,0.5587452767867965,0.6422185313062649,0.508883670581613,0.532650127316729,0.39885627906333443,0.491116329418387,1.5
7,0.91,0.020144891670990532,SARS-CoV-2 (Omicron),0.6950556994421696,0.5419026901355225,0.6479623470048397,0.5598286531825627,0.5507198374894364,0.45242396238264726,0.4401713468174373,1.5
7,0.9199999999999999,0.01771595782915454,SARS-CoV-2 (Omicron),0.6950556994421696,0.5255950357159083,0.6539463122125178,0.6142035462744089,0.5664550560805627,0.5117676718416884,0.3857964537255911,1.5
7,0.9299999999999999,0.015338215156811963,SARS-CoV-2 (Omicron),0.6950556994421696,0.5099357939955409,0.6601549010256298,0.671516910306123,0.5796770494351527,0.5767043660416109,0.32848308969387696,1.5
7,0.94,0.013010051545552535,SARS-CoV-2 (Omicron),0.6950556994421696,0.4950556464007294,0.6665696626610672,0.7309327986279568,0.5903031314325161,0.6465992775750306,0.2690672013720432,1.5
7,0.95,0.010729922094064669,SARS-CoV-2 (Omicron),0.6950556994421696,0.48111435888893145,0.6731694718935464,0.7911449264405387,0.5983547354879011,0.720144274005778,0.2088550735594613,1.5
7,0.96,0.008496345635310185,SARS-CoV-2 (Omicron),0.6950556994421696,0.4683212208098996,0.6799308646055189,0.8502119291817695,0.6039624997279165,0.7950512783099909,0.14978807081823053,1.5
7,0.97,0.006307901477111318,SARS-CoV-2 (Omicron),0.6950556994421696,0.45697173704654237,0.6868284466270655,0.9053425836438644,0.6073722734710362,0.8676316598203042,0.09465741635613556,1.5
7,0.98,0.00416322634099159,SARS-CoV-2 (Omicron),0.6950556994421696,0.44751759026447546,0.693835359813683,0.9526168371736516,0.6089598013775828,0.9322232408800344,0.04738316282634836,1.5
7,0.99,0.002061011485330201,SARS-CoV-2 (Omicron),0.6950556994421696,0.44071113462934397,0.7009237861777395,0.9866246697270024,0.6092700488863144,0.980414510790097,0.013375330272997643,1.5
8,0.5,0.20092782615905697,SARS-CoV-2 (Omicron),0.6950556994421696,0.9902870732078822,0.4773730492470635,0.01318490511127109,0.02602332974964564,0.007001970918362998,0.9868150948887289,1.5
8,0.51,0.19314252640211935,SARS-CoV-2 (Omicron),0.6950556994421696,0.9890912348244637,0.477600677200438,0.014113637675102838,0.027830158522158827,0.007504245178123556,0.9858863623248971,1.5
8,0.52,0.18565072781343067,SARS-CoV-2 (Omicron),0.6950556994421696,0.9877524269718865,0.4778465821246405,0.015119588777919024,0.029783282962663152,0.008050007369984525,0.984880411222081,1.5
8,0.53,0.1784360345147452,SARS-CoV-2 (Omicron),0.6950556994421696,0.9862547896746237,0.4781125304748346,0.016210746571863367,0.03189720917601821,0.008644070395795402,0.9837892534281366,1.5
8,0.54,0.17148325332787334,SARS-CoV-2 (Omicron),0.6950556994421696,0.9845810178378672,0.4784004774119369,0.01739605907229703,0.034188066658346374,0.00929188485094803,0.982603940927703,1.5
8,0.55,0.16477828528114657,SARS-CoV-2 (Omicron),0.6950556994421696,0.9827123030949372,0.4787125872311946,0.01868556113995256,0.036673796656224715,0.00999963516917683,0.9813144388600474,1.5
8,0.56,0.15830802866617671,SARS-CoV-2 (Omicron),0.6950556994421696,0.9806282913165356,0.4790512557423042,0.02009051914240728,0.03937436021462556,0.010774351619595848,0.9799094808575928,1.5
8,0.5700000000000001,0.15206029223412737,SARS-CoV-2 (Omicron),0.6950556994421696,0.9783070607416592,0.4794191346939026,0.021623595761643823,0.04231196688421503,0.011624040915735219,0.9783764042383561,1.5
8,0.58,0.14602371731439107,SARS-CoV-2 (Omicron),0.6950556994421696,0.9757251263252258,0.47981915831006594,0.023299037732805446,0.04551132465656208,0.0125578386845306,0.9767009622671946,1.5
8,0.59,0.1401877078028225,SARS-CoV-2 (Omicron),0.6950556994421696,0.972857476471337,0.4802545719703347,0.02513288964728759,0.0489999110788741,0.013586187614190746,0.9748671103527125,1.5
8,0.6,0.1345423671063978,SARS-CoV-2 (Omicron),0.6950556994421696,0.9696776487792435,0.4807289630151961,0.027143237329340323,0.05280826459509929,0.014721045765345522,0.9728567626706597,1.5
8,0.61,0.1290784412503576,SARS-CoV-2 (Omicron),0.6950556994421696,0.9661578517066419,0.481246293592981,0.029350484695459027,0.05697029387498663,0.01597613030214159,0.970649515304541,1.5
8,0.62,0.12378726745585697,SARS-CoV-2 (Omicron),0.6950556994421696,0.9622691390756833,0.48181093537858244,0.03177766842288984,0.06152360111104853,0.017367202791307997,0.9682223315771101,1.5
8,0.63,0.11866072758359641,SARS-CoV-2 (Omicron),0.6950556994421696,0.9579816440276049,0.4824277058857839,0.03445081517600306,0.06650981284284577,0.018912403239090964,0.965549184823997,1.5
8,0.64,0.1136912059141189,SARS-CoV-2 (Omicron),0.6950556994421696,0.9532648782858243,0.48310190595981617,0.037399346549364436,0.07197490863724364,0.02063264119753007,0.9626006534506356,1.5
8,0.65,0.1088715508002948,SARS-CoV-2 (Omicron),0.6950556994421696,0.9480881013321013,0.4838393578715763,0.04065653725793308,0.077969533712119607,0.022552053577651658,0.9593434627420669,1.5
8,0.66,0.10419503978355144,SARS-CoV-2 (Omicron),0.6950556994421696,0.9424207622675971,0.48464644323679174,0.04426003240043354,0.08454927611485336,0.024698540255222938,0.9557399675995665,1.5
8,0.67,0.09965534781394023,SARS-CoV-2 (Omicron),0.6950556994421696,0.9362330146773338,0.4855301397501661,0.0482524297887922,0.09177488211857804,0.027104390130350823,0.9517475702112078,1.5
8,0.6799999999999999,0.09524651825627761,SARS-CoV-2 (Omicron),0.6950556994421696,0.9294963017390363,0.4864980554555127,0.052681933301365266,0.09971237485234505,0.029807011972900053,0.9473180666986347,1.5
8,0.69,0.09096293640126052,SARS-CoV-2 (Omicron),0.6950556994421696,0.9221840051653303,0.4875584589695712,0.057603082880155844,0.10843303066232382,0.03284978609193856,0.9423969171198442,1.5
8,0.7,0.08679930523243322,SARS-CoV-2 (Omicron),0.6950556994421696,0.914272147457338,0.4887203037441453,0.06307756601603755,0.11801315525619312,0.03628305451031634,0.9369224339839625,1.5
8,0.71,0.08275062322781494,SARS-CoV-2 (Omicron),0.6950556994421696,0.9057401325686903,0.4899932440969694,0.06917511416763526,0.12853358748136137,0.04016526874972797,0.9308248858323648,1.5
8,0.72,0.07881216399946102,SARS-CoV-2 (Omicron),0.6950556994421696,0.8965715057001685,0.49138764038014493,0.07597448529333216,0.14007884317049912,0.04456431530192602,0.9240255147066678,1.5
8,0.73,0.07497945759568433,SARS-CoV-2 (Omicron),0.6950556994421696,0.8867547089065916,0.49291455030612685,0.08356453021515027,0.1527357959694221,0.049559039030939445,0.9164354697848497,1.5
8,0.74,0.07124827330952317,SARS-CoV-2 (Omicron),0.6950556994421696,0.8762838058929545,0.4945857031424724,0.0920453354454183,0.1665917783850311,0.05524098361658374,0.9079546645545817,1.5
8,0.75,0.06761460385364436,SARS-CoV-2 (Omicron),0.6950556994421696,0.8651591472255503,0.49641345325314623,0.1015294278221051,0.18173197751621353,0.06171636499460123,0.8984705721778949,1.5
8,0.76,0.06407465077652015,SARS-CoV-2 (Omicron),0.6950556994421696,0.8533879465908113,0.49841070934930365,0.11214301606795513,0.19823600051768608,0.06910828756402754,0.8878569839320449,1.5
8,0.77,0.06062481100765493,SARS-CoV-2 (Omicron),0.6950556994421696,0.840984740044651,0.5005908358663327,0.12402723023294632,0.21617350082384543,0.07755920231041598,0.8759727697670536,1.5
8,0.78,0.0572616644310969,SARS-CoV-2 (Omicron),0.6950556994421696,0.827971703646085,0.5029675231614937,0.1373393006220784,0.23559879502219896,0.08723358898860167,0.8626606993779216,1.5
8,0.79,0.05398196239662173,SARS-CoV-2 (Omicron),0.6950556994421696,0.8143788105522319,0.5055546237836138,0.15225359159075272,0.25654447036349515,0.0983208184507448,0.8477464084092473,1.5
8,0.8,0.05078261708699527,SARS-CoV-2 (Omicron),0.6950556994421696,0.800243816490358,0.5083659529539767,0.16896237035489678,0.2790140920089854,0.11103811245418703,0.8310376296451032,1.5
8,0.81,0.047660691667741395,SARS-CoV-2 (Omicron),0.6950556994421696,0.7856120722736227,0.5114150526542931,0.18767614392764942,0.30297427194337506,0.12563346190484576,0.8123238560723506,1.5
8,0.8200000000000001,0.04461339115298419,SARS-CoV-2 (Omicron),0.6950556994421696,0.7705361733189642,0.5147149203600334,0.20862333486530604,0.32834655593601503,0.14238828383173333,0.791376665134694,1.5
8,0.8300000000000001,0.041638053927307,SARS-CoV-2 (Omicron),0.6950556994421696,0.7550754685326273,0.5182777054700178,0.2320489840557911,0.3549998075703678,0.1616194835170796,0.7679510159442089,1.5
8,0.8400000000000001,0.03873214386926177,SARS-CoV-2 (Omicron),0.6950556994421696,0.7392954640889273,0.5221143788085755,0.25821206036940736,0.38274399004221793,0.1836804291927383,0.7417879396305926,1.5
8,0.8500000000000001,0.0358932430272559,SARS-CoV-2 (Omicron),0.6950556994421696,0.723267171406593,0.5262343831077914,0.2873808149937156,0.4113264202254045,0.208960126678608,0.7126191850062844,1.5
8,0.86,0.033119044803103716,SARS-CoV-2 (Omicron),0.6950556994421696,0.7070664633419307,0.5306452749544083,0.31982543294151883,0.4404316337001095,0.23787957923205066,0.6801745670584811,1.5
8,0.87,0.03040734760262253,SARS-CoV-2 (Omicron),0.6950556994421696,0.6907735193553548,0.5353523710993172,0.3558069931004598,0.4696858883002136,0.2708839058906435,0.6441930068995402,1.5
8,0.88,0.027756048916327863,SARS-CoV-2 (Omicron),0.6950556994421696,0.6744724615069378,0.5403584140300266,0.3955614354106389,0.49866699697492317,0.3084282331134004,0.6044385645893611,1.5
8,0.89,0.025163139796586936,SARS-CoV-2 (Omicron),0.6950556994421696,0.6582513130053536,0.5456632730344846,0.43927682911340515,0.5269196086006861,0.3509546215126919,0.5607231708865948,1.5
8,0.9,0.022626699700566133,SARS-CoV-2 (Omicron),0.6950556994421696,0.6422024576374614,0.5512636973881688,0.4870617138519033,0.5539753010037866,0.39885627906333443,0.5129382861480967,1.5
8,0.91,0.020144891670990532,SARS-CoV-2 (Omicron),0.6950556994421696,0.6264238561537704,0.5571531375750377,0.5389016131852756,0.5793760378557218,0.45242396238264726,0.46109838681472437,1.5
8,0.9199999999999999,0.01771595782915454,SARS-CoV-2 (Omicron),0.6950556994421696,0.6110214113212239,0.5633216484926673,0.5945999566140064,0.6026988477884161,0.5117676718416884,0.40540004338599356,1.5
8,0.9299999999999999,0.015338215156811963,SARS-CoV-2 (Omicron),0.6950556994421696,0.5961131184799465,0.5697558853964422,0.6536985394455154,0.6235791967910939,0.5767043660416109,0.34630146055448463,1.5
8,0.94,0.013010051545552535,SARS-CoV-2 (Omicron),0.6950556994421696,0.5818360974566125,0.5764391990474681,0.7153712340695269,0.6417305806837358,0.6465992775750306,0.28462876593047315,1.5
8,0.95,0.010729922094064669,SARS-CoV-2 (Omicron),0.6950556994421696,0.5683584975990742,0.5833518314220543,0.77828285870949665,0.6569584013011449,0.720144274005778,0.22171714129050335,1.5
8,0.96,0.008496345635310185,SARS-CoV-2 (Omicron),0.6950556994421696,0.5559001072425641,0.5904712078120071,0.8404028063835361,0.6691671350628726,0.7950512783099909,0.15959719361646385,1.5
8,0.97,0.006307901477111318,SARS-CoV-2 (Omicron),0.6950556994421696,0.5447695194505041,0.5977723156653992,0.8987601069307477,0.6783610153971774,0.8676316598203042,0.1012398930692523,1.5
8,0.98,0.00416322634099159,SARS-CoV-2 (Omicron),0.6950556994421696,0.535435199676026,0.6052281555768716,0.9491228746330654,0.6846398328105162,0.9322232408800344,0.05087712536693456,1.5
8,0.99,0.002061011485330201,SARS-CoV-2 (Omicron),0.6950556994421696,0.5286725021653025,0.6128102458815214,0.9855803779839937,0.6881931695087155,0.980414510790097,0.014419622016006328,1.5
9,0.5,0.20092782615905697,SARS-CoV-2 (Omicron),0.6950556994421696,0.9946906087711672,0.39320369946847933,0.011426831628270972,0.022594106119734902,0.007001970918362998,0.988573168371729,1.5
9,0.51,0.19314252640211935,SARS-CoV-2 (Omicron),0.6950556994421696,0.9939686192629869,0.39339454294496856,0.012237626558079813,0.024177581531637068,0.007504245178123556,0.9877623734419202,1.5
9,0.52,0.18565072781343067,SARS-CoV-2 (Omicron),0.6950556994421696,0.99315108608822,0.39360103220540776,0.013116836579033073,0.025891713729636754,0.008050007369984525,0.9868831634209669,1.5
9,0.53,0.1784360345147452,SARS-CoV-2 (Omicron),0.6950556994421696,0.9922261622381342,0.3938247258558303,0.014071697060697202,0.02774984730751961,0.008644070395795402,0.9859283029393028,1.5
9,0.54,0.17148325332787334,SARS-CoV-2 (Omicron),0.6950556994421696,0.9911807441901237,0.3940673557868193,0.015110338151917837,0.02976688649475994,0.00929188485094803,0.9848896618480821,1.5
9,0.55,0.16477828528114657,SARS-CoV-2 (Omicron),0.6950556994421696,0.990000390655017,0.39433084696308607,0.01624190736535079,0.03195948862081011,0.00999963516917683,0.9837580926346492,1.5
9,0.56,0.15830802866617671,SARS-CoV-2 (Omicron),0.6950556994421696,0.9886692489185831,0.39461733927506026,0.017476709958053612,0.03434628058753716,0.010774351619595848,0.9825232900419464,1.5
9,0.5700000000000001,0.15206029223412737,SARS-CoV-2 (Omicron),0.6950556994421696,0.9871699926932956,0.3949292115872133,0.01882636972458283,0.03694810032670439,0.011624040915735219,0.9811736302754172,1.5
9,0.58,0.14602371731439107,SARS-CoV-2 (Omicron),0.6950556994421696,0.9854837760854227,0.39526910810107074,0.02030401318348828,0.0397882650699043,0.0125578386845306,0.9796959868165117,1.5
9,0.59,0.1401877078028225,SARS-CoV-2 (Omicron),0.6950556994421696,0.9835902089721178,0.3956399671241939,0.02192448054311696,0.04289286794886314,0.013586187614190746,0.9780755194568831,1.5
9,0.6,0.1345423671063978,SARS-CoV-2 (Omicron),0.6950556994421696,0.9814673597325655,0.39604505229726394,0.023704567278670007,0.0462911039105038,0.014721045765345522,0.97629543272133,1.5
9,0.61,0.1290784412503576,SARS-CoV-2 (Omicron),0.6950556994421696,0.9790917918344554,0.39648798627674076,0.02566330063800335,0.05001562508972857,0.01597613030214159,0.9743366993619966,1.5
9,0.62,0.12378726745585697,SARS-CoV-2 (Omicron),0.6950556994421696,0.9764386411768478,0.39697278679700077,0.027822255914350256,0.054102924525230495,0.017367202791307997,0.9721777440856497,1.5
9,0.63,0.11866072758359641,SARS-CoV-2 (Omicron),0.6950556994421696,0.9734817412567084,0.39750390493956556,0.03020591787144301,0.05859374529182099,0.018912403239090964,0.969794082128557,1.5
9,0.64,0.1136912059141189,SARS-CoV-2 (Omicron),0.6950556994421696,0.9701938030740638,0.39808626531404034,0.032842093265985084,0.0635335095840616,0.02063264119753007,0.9671579067340149,1.5
9,0.65,0.1088715508002948,SARS-CoV-2 (Omicron),0.6950556994421696,0.9665466561306126,0.3987253077015438,0.0357623809613773,0.0689727588085508,0.022552053577651658,0.9642376190386227,1.5
9,0.66,0.10419503978355144,SARS-CoV-2 (Omicron),0.6950556994421696,0.9625115558232048,0.39942702952287557,0.039002706630952594,0.07496759107290807,0.024698540255222938,0.9609972933690474,1.5
9,0.67,0.09965534781394023,SARS-CoV-2 (Omicron),0.6950556994421696,0.9580595609141563,0.4001980282671148,0.04260392945906031,0.08158007630625454,0.027104390130350823,0.9573960705409397,1.5
9,0.6799999999999999,0.09524651825627761,SARS-CoV-2 (Omicron),0.6950556994421696,0.9531619825277559,0.4010455427496209,0.046612528493374376,0.08887862128831012,0.029807011972900053,0.9533874715066256,1.5
9,0.69,0.09096293640126052,SARS-CoV-2 (Omicron),0.6950556994421696,0.9477909032686481,0.4019774917612393,0.051081376282565566,0.09693824677727725,0.03284978609193856,0.9489186237174344,1.5
9,0.7,0.08679930523243322,SARS-CoV-2 (Omicron),0.6950556994421696,0.9419197616284799,0.40300250832534346,0.05607060701266781,0.10584072642634253,0.03628305451031634,0.9439293929873321,1.5
9,0.71,0.08275062322781494,SARS-CoV-2 (Omicron),0.6950556994421696,0.9355239929539313,0.4041299674024087,0.06164858534510414,0.11567452209805483,0.04016526874972797,0.9383514146548959,1.5
9,0.72,0.07881216399946102,SARS-CoV-2 (Omicron),0.6950556994421696,0.9285817140780972,0.4053700044844273,0.0678929803041962,0.12653443259554442,0.04456431530192602,0.9321070196958038,1.5
9,0.73,0.07497945759568433,SARS-CoV-2 (Omicron),0.6950556994421696,0.9210744345308993,0.40673352212115865,0.07489194551816099,0.1385208532152684,0.049559039030939445,0.925108054481839,1.5
9,0.74,0.07124827330952317,SARS-CoV-2 (Omicron),0.6950556994421696,0.9129877733743039,0.40823218104201875,0.08274540242445909,0.15173852303528218,0.05524098361658374,0.917254597575541,1.5
9,0.75,0.06761460385364436,SARS-CoV-2 (Omicron),0.6950556994421696,0.9043121575373697,0.40987837221482004,0.0915664160943317,0.1662946176144014,0.06171636499460123,0.9084335839056683,1.5
9,0.76,0.06407465077652015,SARS-CoV-2 (Omicron),0.6950556994421696,0.8950434754585724,0.41168516595792126,0.10148264329894217,0.18229603027416455,0.06910828756402754,0.8985173567010578,1.5
9,0.77,0.06062481100765493,SARS-CoV-2 (Omicron),0.6950556994421696,0.8851836592656857,0.4136662341463794,0.11263781825683009,0.1998456805797393,0.07755920231041598,0.8873621817431699,1.5
9,0.78,0.0572616644310969,SARS-CoV-2 (Omicron),0.6950556994421696,0.8747411699637758,0.4158357416829548,0.12519322175698222,0.21903770122914085,0.08723358898860167,0.8748067782430178,1.5
9,0.79,0.05398196239662173,SARS-CoV-2 (Omicron),0.6950556994421696,0.8637313633844195,0.41820820380222656,0.1393290521927613,0.23995139343678512,0.0983208184507448,0.8606709478072387,1.5
9,0.8,0.05078261708699527,SARS-CoV-2 (Omicron),0.6950556994421696,0.8521767200656309,0.4207983064997368,0.15524558005102082,0.26264391645340057,0.11103811245418703,0.8447544199489792,1.5
9,0.81,0.047660691667741395,SARS-CoV-2 (Omicron),0.6950556994421696,0.8401069297277514,0.4236206884778797,0.1731639174282459,0.2871417990926899,0.12563346190484576,0.8268360825717541,1.5
9,0.8200000000000001,0.04461339115298419,SARS-CoV-2 (Omicron),0.6950556994421696,0.8275588304014617,0.42668968450743106,0.19332616710012243,0.3134315366038604,0.14238828383173333,0.8066738328998776,1.5
9,0.8300000000000001,0.041638053927307,SARS-CoV-2 (Omicron),0.6950556994421696,0.8145762132877777,0.43001903202019476,0.21599462625185167,0.3414497635530594,0.1616194835170796,0.7840053737481483,1.5
9,0.8400000000000001,0.03873214386926177,SARS-CoV-2 (Omicron),0.6950556994421696,0.801209516839973,0.4336215450359412,0.24144960133309143,0.3710737575752547,0.1836804291927383,0.7585503986669085,1.5
9,0.8500000000000001,0.0358932430272559,SARS-CoV-2 (Omicron),0.6950556994421696,0.7875154472686142,0.43750876209773226,0.26998523380042505,0.4021132959220899,0.208960126678608,0.730014766199575,1.5
9,0.86,0.033119044803103716,SARS-CoV-2 (Omicron),0.6950556994421696,0.7735565779691568,0.44169057760062136,0.3019025303876322,0.4343051009046985,0.23787957923205066,0.6980974696123678,1.5
9,0.87,0.03040734760262253,SARS-CoV-2 (Omicron),0.6950556994421696,0.7594009982228741,0.4461748685514779,0.3374985214110422,0.4673111975540421,0.2708839058906435,0.6625014785889578,1.5
9,0.88,0.027756048916327863,SARS-CoV-2 (Omicron),0.6950556994421696,0.7451221040523408,0.4509671311482688,0.37705011778431796,0.500722387579343,0.3084282331134004,0.622949882215682,1.5
9,0.89,0.025163139796586936,SARS-CoV-2 (Omicron),0.6950556994421696,0.7307986554159249,0.45607014334416596,0.42079077798877096,0.5340676561375625,0.3509546215126919,0.579209222011229,1.5
9,0.9,0.022626699700566133,SARS-CoV-2 (Omicron),0.6950556994421696,0.7165152715270592,0.4614836704948593,0.46887749973040943,0.5668296571032363,0.39885627906333443,0.5311225002695905,1.5
9,0.91,0.020144891670990532,SARS-CoV-2 (Omicron),0.6950556994421696,0.7023636137632662,0.4672042310424953,0.5213448785787163,0.5984655254532399,0.45242396238264726,0.47865512142128375,1.5
9,0.9199999999999999,0.01771595782915454,SARS-CoV-2 (Omicron),0.6950556994421696,0.6884446391454777,0.47322493780779296,0.5780419781558559,0.6284312769295731,0.5117676718416884,0.4219580218441441,1.5
9,0.9299999999999999,0.015338215156811963,SARS-CoV-2 (Omicron),0.6950556994421696,0.674872546611733,0.47953542779450653,0.6385464707816649,0.6562071618569865,0.5767043660416109,0.36145352921833507,1.5
9,0.94,0.013010051545552535,SARS-CoV-2 (Omicron),0.6950556994421696,0.6617814843969769,0.486121889543808,0.7020488545250719,0.6813207182852592,0.6465992775750306,0.29795114547492807,1.5
9,0.95,0.010729922094064669,SARS-CoV-2 (Omicron),0.6950556994421696,0.6493369558816248,0.4929671922394465,0.7671974320243533,0.7033639978303995,0.720144274005778,0.2328025679756467,1.5
9,0.96,0.008496345635310185,SARS-CoV-2 (Omicron),0.6950556994421696,0.6377556444518359,0.5000511153158171,0.8318920215547471,0.7220013947460137,0.7950512783099909,0.16810797844525294,1.5
9,0.97,0.006307901477111318,SARS-CoV-2 (Omicron),0.6950556994421696,0.6273412745610273,0.5073506717126103,0.8930109020273803,0.7369642456550564,0.8676316598203042,0.10698909797261968,1.5
9,0.98,0.00416322634099159,SARS-CoV-2 (Omicron),0.6950556994421696,0.6185533273592647,0.5148405126449286,0.9460510700934699,0.7480268344008494,0.9322232408800344,0.05394892990653011,1.5
9,0.99,0.002061011485330201,SARS-CoV-2 (Omicron),0.6950556994421696,0.6121493696564159,0.5224933972890994,0.9846562570953327,0.7549531351981674,0.980414510790097,0.015343742904667335,1.5
10,0.5,0.20092782615905697,SARS-CoV-2 (Omicron),0.6950556994421696,0.9971280122164929,0.3163422811852763,0.010179827343858264,0.02015390053654067,0.007001970918362998,0.9898201726561418,1.5
10,0.51,0.19314252640211935,SARS-CoV-2 (Omicron),0.6950556994421696,0.9967010037188813,0.31649769110251436,0.010905387525367993,0.021574715656687105,0.007504245178123556,0.989094612474632,1.5
10,0.52,0.18565072781343067,SARS-CoV-2 (Omicron),0.6950556994421696,0.9962121291540809,0.31666604289803335,0.011692766997251325,0.023114236969209737,0.008050007369984525,0.9883072330027487,1.5
10,0.53,0.1784360345147452,SARS-CoV-2 (Omicron),0.6950556994421696,0.9956529318923331,0.3168486570406408,0.012548605448170077,0.02478483783825254,0.008644070395795402,0.98745139455183,1.5
10,0.54,0.17148325332787334,SARS-CoV-2 (Omicron),0.6950556994421696,0.9950139399488264,0.31704700568037103,0.013480381306860202,0.026600382438347506,0.00929188485094803,0.9865196186931398,1.5
10,0.55,0.16477828528114657,SARS-CoV-2 (Omicron),0.6950556994421696,0.9942845800172115,0.31726273075274414,0.014496529777043833,0.02857641936616904,0.00999963516917683,0.9855034702229561,1.5
10,0.56,0.15830802866617671,SARS-CoV-2 (Omicron),0.6950556994421696,0.9934530933073201,0.3174976641038336,0.015606578581272916,0.030730400192271547,0.010774351619595848,0.9843934214187271,1.5
10,0.5700000000000001,0.15206029223412737,SARS-CoV-2 (Omicron),0.6950556994421696,0.992506455995402,0.31775384979615595,0.016821304127111303,0.03308192562224501,0.011624040915735219,0.9831786958728888,1.5
10,0.58,0.14602371731439107,SARS-CoV-2 (Omicron),0.6950556994421696,0.9914303077378881,0.3180335687466894,0.018152911209591362,0.03565302197797324,0.0125578386845306,0.9818470887904086,1.5
10,0.59,0.1401877078028225,SARS-CoV-2 (Omicron),0.6950556994421696,0.9902088923834318,0.31833936583124267,0.019615239814419785,0.038468450636445044,0.013586187614190746,0.9803847601855802,1.5
10,0.6,0.1345423671063978,SARS-CoV-2 (Omicron),0.6950556994421696,0.9888250157157072,0.3186740795614843,0.021224003089426742,0.04155605282064344,0.014721045765345522,0.9787759969105733,1.5
10,0.61,0.1290784412503576,SARS-CoV-2 (Omicron),0.6950556994421696,0.9872600257340354,0.31904087439929985,0.022997061108130778,0.044947131650198396,0.01597613030214159,0.9770029388918692,1.5
10,0.62,0.12378726745585697,SARS-CoV-2 (Omicron),0.6950556994421696,0.9854938215800443,0.3194432757144122,0.024954735657396587,0.048676872530282835,0.017367202791307997,0.9750452643426034,1.5
10,0.63,0.11866072758359641,SARS-CoV-2 (Omicron),0.6950556994421696,0.9835048976839104,0.31988520731153036,0.027120171935577416,0.052784801656885004,0.018912403239090964,0.9728798280644226,1.5
10,0.64,0.1136912059141189,SARS-CoV-2 (Omicron),0.6950556994421696,0.9812704299592099,0.32037103134856837,0.029519753737300522,0.05731528047919422,0.02063264119753007,0.9704802462626995,1.5
10,0.65,0.1088715508002948,SARS-CoV-2 (Omicron),0.6950556994421696,0.9787664108376615,0.32090559033323474,0.03218357940726145,0.062318031175256465,0.022552053577651658,0.9678164205927385,1.5
10,0.66,0.10419503978355144,SARS-CoV-2 (Omicron),0.6950556994421696,0.9759678395169545,0.3214942507171564,0.035146006537952655,0.06784868430459949,0.024698540255222938,0.9648539934620474,1.5
10,0.67,0.09965534781394023,SARS-CoV-2 (Omicron),0.6950556994421696,0.9728489729121229,0.3221429474005626,0.03844627401949984,0.0739693344859503,0.027104390130350823,0.9615537259805002,1.5
10,0.6799999999999999,0.09524651825627761,SARS-CoV-2 (Omicron),0.6950556994421696,0.9693836413824731,0.32285822821312504,0.04212921055662961,0.08074908284094298,0.029807011972900053,0.9578707894433703,1.5
10,0.69,0.09096293640126052,SARS-CoV-2 (Omicron),0.6950556994421696,0.9655456313060362,0.323647297146059,0.046246039051942606,0.08826453563511373,0.03284978609193856,0.9537539609480574,1.5
10,0.7,0.08679930523243322,SARS-CoV-2 (Omicron),0.6950556994421696,0.9613091339847104,0.32451805477749596,0.050855286180218486,0.09660021661003328,0.03628305451031634,0.9491447138197815,1.5
10,0.71,0.08275062322781494,SARS-CoV-2 (Omicron),0.6950556994421696,0.9566492572311422,0.32547913396127837,0.05602380585628947,0.10584883554872196,0.04016526874972797,0.9439761941437105,1.5
10,0.72,0.07881216399946102,SARS-CoV-2 (Omicron),0.6950556994421696,0.9515425924222948,0.3265399284470838,0.06182792386862305,0.11611133739586403,0.04456431530192602,0.938172076131377,1.5
10,0.73,0.07497945759568433,SARS-CoV-2 (Omicron),0.6950556994421696,0.9459678259855769,0.32771061168136906,0.06835470835677776,0.1274966347899645,0.049559039030939445,0.9316452916432223,1.5
10,0.74,0.07124827330952317,SARS-CoV-2 (Omicron),0.6950556994421696,0.9399063804637252,0.3290021426254345,0.07570336657201637,0.14012090268195976,0.05524098361658374,0.9242966334279836,1.5
10,0.75,0.06761460385364436,SARS-CoV-2 (Omicron),0.6950556994421696,0.9333430668001983,0.33042625504871215,0.0839867618289969,0.15410628814790306,0.06171636499460123,0.9160132381710031,1.5
10,0.76,0.06407465077652015,SARS-CoV-2 (Omicron),0.6950556994421696,0.9262667266572328,0.3319954264510161,0.09333303486612674,0.16957886409323558,0.06910828756402754,0.9066669651338732,1.5
10,0.77,0.06062481100765493,SARS-CoV-2 (Omicron),0.6950556994421696,0.918670841798994,0.333722822584926,0.10388729982935262,0.1866656365074316,0.07755920231041598,0.8961127001706474,1.5
10,0.78,0.0572616644310969,SARS-CoV-2 (Omicron),0.6950556994421696,0.9105540871969108,0.33562221354473754,0.11581336524991824,0.2054904076097538,0.08723358898860167,0.8841866347500817,1.5
10,0.79,0.05398196239662173,SARS-CoV-2 (Omicron),0.6950556994421696,0.9019208058384862,0.3377078576228866,0.12929540268264056,0.22616831041858015,0.0983208184507448,0.8707045973173595,1.5
10,0.8,0.05078261708699527,SARS-CoV-2 (Omicron),0.6950556994421696,0.8927813864471184,0.3399943496707707,0.14453944745279843,0.24879887509453047,0.11103811245418703,0.8554605525472015,1.5
10,0.81,0.047660691667741395,SARS-CoV-2 (Omicron),0.6950556994421696,0.8831525305370239,0.34249643159498633,0.16177456374680363,0.2734575763822721,0.12563346190484576,0.8382254362531963,1.5
10,0.8200000000000001,0.04461339115298419,SARS-CoV-2 (Omicron),0.6950556994421696,0.8730574024095729,0.3452287639141497,0.18125343552682385,0.30018595637049916,0.14238828383173333,0.8187465644731762,1.5
10,0.8300000000000001,0.041638053927307,SARS-CoV-2 (Omicron),0.6950556994421696,0.8625256647389213,0.3482056590127166,0.20325204952702783,0.32898062472359363,0.1616194835170796,0.7967479504729722,1.5
10,0.8400000000000001,0.03873214386926177,SARS-CoV-2 (Omicron),0.6950556994421696,0.8515934131784499,0.3514407788373737,0.2280680091996378,0.35978170631184986,0.1836804291927383,0.7719319908003622,1.5
10,0.8500000000000001,0.0358932430272559,SARS-CoV-2 (Omicron),0.6950556994421696,0.8403030359370408,0.354946802223008,0.25601684894386745,0.3924616134130159,0.208960126678608,0.7439831510561326,1.5
10,0.86,0.033119044803103716,SARS-CoV-2 (Omicron),0.6950556994421696,0.828703038811857,0.35873506968944835,0.28742549336959167,0.42681532264360267,0.23787957923205066,0.7125745066304083,1.5
10,0.87,0.03040734760262253,SARS-CoV-2 (Omicron),0.6950556994421696,0.8168478935858822,0.36281521624164725,0.32262171008193025,0.46255356607533893,0.2708839058906435,0.6773782899180698,1.5
10,0.88,0.027756048916327863,SARS-CoV-2 (Omicron),0.6950556994421696,0.8047979898943624,0.3671948052091034,0.36191801511266314,0.4993004121298136,0.3084282331134004,0.6380819848873369,1.5
10,0.89,0.025163139796586936,SARS-CoV-2 (Omicron),0.6950556994421696,0.7926198013099081,0.3718789782143379,0.40558798017925585,0.5365965222890283,0.3509546215126919,0.5944120198207441,1.5
10,0.9,0.022626699700566133,SARS-CoV-2 (Omicron),0.6950556994421696,0.780386422323698,0.3768701376941084,0.4538322252008935,0.5739088568626921,0.39885627906333443,0.5461677747991065,1.5
10,0.91,0.020144891670990532,SARS-CoV-2 (Omicron),0.6950556994421696,0.7681787067322511,0.3821676787625926,0.5067305129093596,0.6106467567595232,0.45242396238264726,0.49326948709064045,1.5
10,0.9199999999999999,0.01771595782915454,SARS-CoV-2 (Omicron),0.6950556994421696,0.7560873634091867,0.387767786415139,0.564175237497124,0.6461832176828016,0.5117676718416884,0.43582476250287605,1.5
10,0.9299999999999999,0.015338215156811963,SARS-CoV-2 (Omicron),0.6950556994421696,0.744216588672046,0.39366331203321314,0.6257801428649822,0.6798789405273777,0.5767043660416109,0.3742198571350178,1.5
10,0.94,0.013010051545552535,SARS-CoV-2 (Omicron),0.6950556994421696,0.73269022907391,0.3998437398994007,0.6907562251505338,0.7111055499667883,0.6465992775750306,0.3092437748494662,1.5
10,0.95,0.010729922094064669,SARS-CoV-2 (Omicron),0.6950556994421696,0.7216622747037553,0.4062952501374595,0.7577443508299248,0.739263299793022,0.720144274005778,0.24225564917007525,1.5
10,0.96,0.008496345635310185,SARS-CoV-2 (Omicron),0.6950556994421696,0.7113351361526445,0.4130008794595629,0.8245910063548194,0.7637874498549349,0.7950512783099909,0.1754089936451806,1.5
10,0.97,0.006307901477111318,SARS-CoV-2 (Omicron),0.6950556994421696,0.7019927697170358,0.4199407757382545,0.8880495991277596,0.7841355802244664,0.8676316598203042,0.1119504008722404,1.5
10,0.98,0.00416322634099159,SARS-CoV-2 (Omicron),0.6950556994421696,0.694064242570403,0.42709253718908147,0.943384614302684,0.7997434851540075,0.9322232408800344,0.056615385697315945,1.5
10,0.99,0.002061011485330201,SARS-CoV-2 (Omicron),0.6950556994421696,0.6882555163229045,0.4344316223162489,0.9838493972390275,0.8099249866305056,0.980414510790097,0.016150602760972466,1.5
11,0.5,0.20092782615905697,SARS-CoV-2 (Omicron),0.6950556994421696,0.9984614655041243,0.2486991716116358,0.00928407204981598,0.018397081086968286,0.007001970918362998,0.990715927950184,1.5
11,0.51,0.19314252640211935,SARS-CoV-2 (Omicron),0.6950556994421696,0.9982134402840749,0.2488223773617797,0.009947577216925766,0.019698847909856022,0.007504245178123556,0.9900524227830743,1.5
11,0.52,0.18565072781343067,SARS-CoV-2 (Omicron),0.6950556994421696,0.9979264220970415,0.24895596505447637,0.010667967665174279,0.021110263771473375,0.008050007369984525,0.9893320323348257,1.5
11,0.53,0.1784360345147452,SARS-CoV-2 (Omicron),0.6950556994421696,0.9975945983090937,0.24910101425976605,0.0114514181963765,0.022642917664442763,0.008644070395795402,0.9885485818036235,1.5
11,0.54,0.17148325332787334,SARS-CoV-2 (Omicron),0.6950556994421696,0.9972113811192167,0.2492587319280224,0.012304895696839504,0.02430982504031294,0.00929188485094803,0.9876951043031605,1.5
11,0.55,0.16477828528114657,SARS-CoV-2 (Omicron),0.6950556994421696,0.9967693284980829,0.24943046816373082,0.01323627288795481,0.02612561914555434,0.00999963516917683,0.9867637271120452,1.5
11,0.56,0.15830802866617671,SARS-CoV-2 (Omicron),0.6950556994421696,0.9962600633887931,0.24961773386141228,0.014254459585078953,0.02810676835798615,0.010774351619595848,0.985745540414921,1.5
11,0.5700000000000001,0.15206029223412737,SARS-CoV-2 (Omicron),0.6950556994421696,0.9956741930010519,0.2498222203721029,0.015369554235967179,0.03027182266346585,0.011624040915735219,0.9846304457640328,1.5
11,0.58,0.14602371731439107,SARS-CoV-2 (Omicron),0.6950556994421696,0.9950012305707504,0.25004582136673814,0.016593018937857383,0.03264169259576515,0.0125578386845306,0.9834069810621426,1.5
11,0.59,0.1401877078028225,SARS-CoV-2 (Omicron),0.6950556994421696,0.9942295225586792,0.2502906570540614,0.017937881618036212,0.03523996406764454,0.013586187614190746,0.9820621183819638,1.5
11,0.6,0.1345423671063978,SARS-CoV-2 (Omicron),0.6950556994421696,0.9933461849096915,0.25055910089309974,0.01941896961067654,0.03809325250092781,0.014721045765345522,0.9805810303893234,1.5
11,0.61,0.1290784412503576,SARS-CoV-2 (Omicron),0.6950556994421696,0.9923370526636128,0.25085380891119635,0.02105317947599125,0.04123159945264831,0.01597613030214159,0.9789468205240087,1.5
11,0.62,0.12378726745585697,SARS-CoV-2 (Omicron),0.6950556994421696,0.9911866478663661,0.2511777516949625,0.02285978858724982,0.04468891444453372,0.017367202791307997,0.9771402114127502,1.5
11,0.63,0.11866072758359641,SARS-CoV-2 (Omicron),0.6950556994421696,0.9898781713276671,0.2515342490596776,0.024860814754533934,0.048503463815749014,0.018912403239090964,0.9751391852454661,1.5
11,0.64,0.1136912059141189,SARS-CoV-2 (Omicron),0.6950556994421696,0.9883935242515322,0.2519270073186748,0.02708143095372227,0.052718406977774745,0.02063264119753007,0.9729185690462777,1.5
11,0.65,0.1088715508002948,SARS-CoV-2 (Omicron),0.6950556994421696,0.986713366057522,0.25236015896366315,0.02955044307002321,0.057382378253035556,0.022552053577651658,0.9704495569299768,1.5
11,0.66,0.10419503978355144,SARS-CoV-2 (Omicron),0.6950556994421696,0.984817214735892,0.2528383044252649,0.032300839421505266,0.062550109267445,0.024698540255222938,0.9676991605784947,1.5
11,0.67,0.09965534781394023,SARS-CoV-2 (Omicron),0.6950556994421696,0.9826835957564494,0.2533665554058173,0.03537042165826319,0.06828308231979588,0.027104390130350823,0.9646295783417368,1.5
11,0.6799999999999999,0.09524651825627761,SARS-CoV-2 (Omicron),0.6950556994421696,0.9802902448006318,0.25395057905973495,0.03880252737442546,0.07465019887752619,0.029807011972900053,0.9611974726255745,1.5
11,0.69,0.09096293640126052,SARS-CoV-2 (Omicron),0.6950556994421696,0.9776143683442083,0.2545966420376232,0.042646855330896974,0.08172843889136816,0.03284978609193856,0.957353144669103,1.5
11,0.7,0.08679930523243322,SARS-CoV-2 (Omicron),0.6950556994421696,0.9746329643441278,0.2553116531077473,0.04696040443372812,0.0896034754704756,0.03628305451031634,0.9530395955662718,1.5
11,0.71,0.08275062322781494,SARS-CoV-2 (Omicron),0.6950556994421696,0.9713232029755716,0.25610320272409903,0.051808537358430905,0.09837019508757047,0.04016526874972797,0.9481914626415691,1.5
11,0.72,0.07881216399946102,SARS-CoV-2 (Omicron),0.6950556994421696,0.9676628645724541,0.2569795975297089,0.05726617869212039,0.10813305541587744,0.04456431530192602,0.9427338213078796,1.5
11,0.73,0.07497945759568433,SARS-CoV-2 (Omicron),0.6950556994421696,0.9636308287553567,0.2579498873777303,0.06341915532088452,0.11900619083460702,0.049559039030939445,0.9365808446791155,1.5
11,0.74,0.07124827330952317,SARS-CoV-2 (Omicron),0.6950556994421696,0.9592076053593986,0.2590238820383488,0.07036568302361303,0.13111314964000778,0.05524098361658374,0.929634316976387,1.5
11,0.75,0.06761460385364436,SARS-CoV-2 (Omicron),0.6950556994421696,0.9543758944397844,0.26021215436169864,0.07821799717251243,0.14458611777423397,0.06171636499460123,0.9217820028274876,1.5
11,0.76,0.06407465077652015,SARS-CoV-2 (Omicron),0.6950556994421696,0.9491211596273725,0.26152602631934607,0.08710411617638877,0.15956445318229787,0.06910828756402754,0.9128958838236112,1.5
11,0.77,0.06062481100765493,SARS-CoV-2 (Omicron),0.6950556994421696,0.9434321967584806,0.26297753409227964,0.097169712616963,0.17619232601184187,0.07755920231041598,0.902830287383037,1.5
11,0.78,0.0572616644310969,SARS-CoV-2 (Omicron),0.6950556994421696,0.9373016783480286,0.2645793682630462,0.10858004729435326,0.19461523816490242,0.08723358898860167,0.8914199527056468,1.5
11,0.79,0.05398196239662173,SARS-CoV-2 (Omicron),0.6950556994421696,0.9307266544246536,0.26634478526160676,0.12152189345399697,0.2149751892018413,0.0983208184507448,0.878478106546003,1.5
11,0.8,0.05078261708699527,SARS-CoV-2 (Omicron),0.6950556994421696,0.9237089917570143,0.26828748656962875,0.13620533945324187,0.23740427518253465,0.11103811245418703,0.8637946605467581,1.5
11,0.81,0.047660691667741395,SARS-CoV-2 (Omicron),0.6950556994421696,0.9162557367490918,0.27042146286455104,0.1528653042703956,0.26201656615809205,0.12563346190484576,0.8471346957296044,1.5
11,0.8200000000000001,0.04461339115298419,SARS-CoV-2 (Omicron),0.6950556994421696,0.9083793923583072,0.2727608013307149,0.17176252660734898,0.2888982212613714,0.14238828383173333,0.828237473392651,1.5
11,0.8300000000000001,0.041638053927307,SARS-CoV-2 (Omicron),0.6950556994421696,0.9000981063117888,0.2753194558080151,0.19318368840000197,0.3180959802683032,0.1616194835170796,0.806816311599998,1.5
11,0.8400000000000001,0.03873214386926177,SARS-CoV-2 (Omicron),0.6950556994421696,0.8914357766593697,0.2781109812860366,0.21744019885617674,0.34960442254005014,0.1836804291927383,0.7825598011438233,1.5
11,0.8500000000000001,0.0358932430272559,SARS-CoV-2 (Omicron),0.6950556994421696,0.8824220913760334,0.2811482364396043,0.2448649846577993,0.3833526995212543,0.208960126678608,0.7551350153422007,1.5
11,0.86,0.033119044803103716,SARS-CoV-2 (Omicron),0.6950556994421696,0.8730925316085174,0.2844430603467869,0.2758063913702611,0.4191917942632082,0.23787957923205066,0.7241936086297389,1.5
11,0.87,0.03040734760262253,SARS-CoV-2 (Omicron),0.6950556994421696,0.8634883840224162,0.2880059320860916,0.31061798184801337,0.4568836810545742,0.2708839058906435,0.6893820181519866,1.5
11,0.88,0.027756048916327863,SARS-CoV-2 (Omicron),0.6950556994421696,0.8536568281931192,0.2918456243788151,0.34964259554849697,0.49609396169914705,0.3084282331134004,0.650357404451503,1.5
11,0.89,0.025163139796586936,SARS-CoV-2 (Omicron),0.6950556994421696,0.8436511932962416,0.29596886458912663,0.39318847728222733,0.5363895352650533,0.3509546215126919,0.6068115227177726,1.5
11,0.9,0.022626699700566133,SARS-CoV-2 (Omicron),0.6950556994421696,0.8335315204751366,0.3003800179637798,0.441494555322729,0.5772425128629117,0.39885627906333443,0.558505444677271,1.5
11,0.91,0.020144891670990532,SARS-CoV-2 (Omicron),0.6950556994421696,0.8233656343181328,0.30508080874128696,0.494680996024558,0.6180408533361031,0.45242396238264726,0.505319003975442,1.5
11,0.9199999999999999,0.01771595782915454,SARS-CoV-2 (Omicron),0.6950556994421696,0.8132310398771324,0.31007009448773437,0.5526799199213747,0.6581050730615289,0.5117676718416884,0.44732008007862534,1.5
11,0.9299999999999999,0.015338215156811963,SARS-CoV-2 (Omicron),0.6950556994421696,0.803218161547188,0.315343707603838,0.6151395493652826,0.6967089530867142,0.5767043660416109,0.3848604506347174,1.5
11,0.94,0.013010051545552535,SARS-CoV-2 (Omicron),0.6950556994421696,0.793435810141667,0.32089437538485654,0.6812929638798189,0.7331005460288468,0.6465992775750306,0.31870703612018114,1.5
11,0.95,0.010729922094064669,SARS-CoV-2 (Omicron),0.6950556994421696,0.7840204827763623,0.32671172641698953,0.7497799313511123,0.7665180141294069,0.720144274005778,0.2502200686488877,1.5
11,0.96,0.008496345635310185,SARS-CoV-2 (Omicron),0.6950556994421696,0.7751525717398337,0.33278238670152516,0.8184067893129133,0.7961926527119143,0.7950512783099909,0.18159321068708667,1.5
11,0.97,0.006307901477111318,SARS-CoV-2 (Omicron),0.6950556994421696,0.7670857724662793,0.3390901640574172,0.8838248533231349,0.8213278898875449,0.8676316598203042,0.11617514667686513,1.5
11,0.98,0.00416322634099159,SARS-CoV-2 (Omicron),0.6950556994421696,0.7602035687148442,0.3456163144775106,0.9411020535520058,0.8410354145328135,0.9322232408800344,0.058897946447994176,1.5
11,0.99,0.002061011485330201,SARS-CoV-2 (Omicron),0.6950556994421696,0.7551364158062663,0.3523398796333844,0.9831550986776398,0.8541906938060505,0.980414510790097,0.016844901322360162,1.5
12,0.5,0.20092782615905697,SARS-CoV-2 (Omicron),0.6950556994421696,0.9991832221506995,0.19116462334759476,0.008635554910944396,0.017123121293956507,0.007001970918362998,0.9913644450890556,1.5
12,0.51,0.19314252640211935,SARS-CoV-2 (Omicron),0.6950556994421696,0.9990414552029041,0.1912598811547953,0.009253698362561822,0.01833754381433165,0.007504245178123556,0.9907463016374382,1.5
12,0.52,0.18565072781343067,SARS-CoV-2 (Omicron),0.6950556994421696,0.9988756818457336,0.19136323797566301,0.009925046098146456,0.019654797848615145,0.008050007369984525,0.9900749539018535,1.5
12,0.53,0.1784360345147452,SARS-CoV-2 (Omicron),0.6950556994421696,0.9986820332809373,0.19147554879479944,0.010655414443671891,0.021085853865912923,0.008644070395795402,0.9893445855563281,1.5
12,0.54,0.17148325332787334,SARS-CoV-2 (Omicron),0.6950556994421696,0.9984560755419001,0.19159777173340464,0.0114513739672991,0.022643052918381295,0.00929188485094803,0.9885486260327009,1.5
12,0.55,0.16477828528114657,SARS-CoV-2 (Omicron),0.6950556994421696,0.9981927430647131,0.19173098122187993,0.012320359429864529,0.024340294736367698,0.00999963516917683,0.9876796405701355,1.5
12,0.56,0.15830802866617671,SARS-CoV-2 (Omicron),0.6950556994421696,0.9978862687836516,0.19187638280148755,0.013270796992936004,0.026193252350752334,0.010774351619595848,0.986729203007064,1.5
12,0.5700000000000001,0.15206029223412737,SARS-CoV-2 (Omicron),0.6950556994421696,0.9975301118239027,0.19203532971773196,0.014312251486085045,0.02821961669733403,0.011624040915735219,0.9856877485139149,1.5
12,0.58,0.14602371731439107,SARS-CoV-2 (Omicron),0.6950556994421696,0.9971168842839248,0.19220934147082203,0.015455596982873767,0.03043937494534878,0.0125578386845306,0.9845444030171262,1.5
12,0.59,0.1401877078028225,SARS-CoV-2 (Omicron),0.6950556994421696,0.9966382790853269,0.1924001244862532,0.016713214447204684,0.03287512653004514,0.013586187614190746,0.9832867855527954,1.5
12,0.6,0.1345423671063978,SARS-CoV-2 (Omicron),0.6950556994421696,0.9960850014128713,0.19260959505938424,0.018099220794067783,0.03555244101707644,0.014721045765345522,0.9819007792059322,1.5
12,0.61,0.1290784412503576,SARS-CoV-2 (Omicron),0.6950556994421696,0.9954467068585197,0.19283990470960377,0.019629734366366433,0.03850026192692988,0.01597613030214159,0.9803702656336336,1.5
12,0.62,0.12378726745585697,SARS-CoV-2 (Omicron),0.6950556994421696,0.9947119499991636,0.19309346804960215,0.02132318256568341,0.041751360421083454,0.017367202791307997,0.9786768174343166,1.5
12,0.63,0.11866072758359641,SARS-CoV-2 (Omicron),0.6950556994421696,0.9938681477460959,0.19337299323013268,0.023200658189883434,0.04534284218942248,0.018912403239090964,0.9767993418101165,1.5
12,0.64,0.1136912059141189,SARS-CoV-2 (Omicron),0.6950556994421696,0.9929015623625209,0.19368151495690533,0.025286331919986908,0.04931670983470976,0.02063264119753007,0.9747136680800131,1.5
12,0.65,0.1088715508002948,SARS-CoV-2 (Omicron),0.6950556994421696,0.9917973094990481,0.19402242998978025,0.02760792935136689,0.05372048133165101,0.022552053577651658,0.9723920706486331,1.5
12,0.66,0.10419503978355144,SARS-CoV-2 (Omicron),0.6950556994421696,0.990539396882103,0.1943995349209381,0.030197281958198166,0.05860786249463702,0.024698540255222938,0.9698027180418018,1.5
12,0.67,0.09965534781394023,SARS-CoV-2 (Omicron),0.6950556994421696,0.9891107993347846,0.1948170658837688,0.03309096237842776,0.06403946750008993,0.027104390130350823,0.9669090376215722,1.5
12,0.6799999999999999,0.09524651825627761,SARS-CoV-2 (Omicron),0.6950556994421696,0.9874935755400078,0.19527973966364442,0.0363310153513316,0.07008357597867662,0.029807011972900053,0.9636689846486683,1.5
12,0.69,0.09096293640126052,SARS-CoV-2 (Omicron),0.6950556994421696,0.9856690313026022,0.19579279546211614,0.03996579644331464,0.07681690753831903,0.03284978609193856,0.9600342035566853,1.5
12,0.7,0.08679930523243322,SARS-CoV-2 (Omicron),0.6950556994421696,0.9836179329750948,0.19636203630520477,0.044050931231284736,0.08432538424097438,0.03628305451031634,0.9559490687687152,1.5
12,0.71,0.08275062322781494,SARS-CoV-2 (Omicron),0.6950556994421696,0.981320773150991,0.19699386878438863,0.04865040769169255,0.09270483791801287,0.04016526874972797,0.9513495923083074,1.5
12,0.72,0.07881216399946102,SARS-CoV-2 (Omicron),0.6950556994421696,0.9787580887054506,0.19769533947874907,0.0538378139055031,0.10206160164879774,0.04456431530192602,0.9461621860944969,1.5
12,0.73,0.07497945759568433,SARS-CoV-2 (Omicron),0.6950556994421696,0.9759108288297217,0.19847416603600332,0.0596977314696138,0.11251290271475817,0.049559039030939445,0.9403022685303862,1.5
12,0.74,0.07124827330952317,SARS-CoV-2 (Omicron),0.6950556994421696,0.972760767970449,0.1993387605018,0.06632729169869989,0.12418694760244095,0.05524098361658374,0.9336727083013001,1.5
12,0.75,0.06761460385364436,SARS-CoV-2 (Omicron),0.6950556994421696,0.9692909557145962,0.20029824210054337,0.07383789611664104,0.1372225584005476,0.06171636499460123,0.926162103883359,1.5
12,0.76,0.06407465077652015,SARS-CoV-2 (Omicron),0.6950556994421696,0.9654861928759695,0.20136243631482376,0.08235709393329735,0.15176818533640415,0.06910828756402754,0.9176429060667026,1.5
12,0.77,0.06062481100765493,SARS-CoV-2 (Omicron),0.6950556994421696,0.9613335206048306,0.202541856820467,0.09203059591024726,0.16798008472598686,0.07755920231041598,0.9079694040897528,1.5
12,0.78,0.0572616644310969,SARS-CoV-2 (Omicron),0.6950556994421696,0.9568227075474218,0.2038476666548481,0.10302438453174013,0.18601941975928635,0.08723358898860167,0.8969756154682599,1.5
12,0.79,0.05398196239662173,SARS-CoV-2 (Omicron),0.6950556994421696,0.9519467192176203,0.20529161497909543,0.11552685243373967,0.20604802044083753,0.0983208184507448,0.8844731475662604,1.5
12,0.8,0.05078261708699527,SARS-CoV-2 (Omicron),0.6950556994421696,0.9467021540733235,0.2068859459961857,0.12975086156959073,0.2282225389418179,0.11103811245418703,0.8702491384304093,1.5
12,0.81,0.047660691667741395,SARS-CoV-2 (Omicron),0.6950556994421696,0.9410896325320754,0.20864327706249375,0.14593556058382567,0.25268677111249177,0.12563346190484576,0.8540644394161743,1.5
12,0.8200000000000001,0.04461339115298419,SARS-CoV-2 (Omicron),0.6950556994421696,0.9351141284697725,0.21057644382914942,0.16434772201668102,0.2795619998486062,0.14238828383173333,0.835652277983319,1.5
12,0.8300000000000001,0.041638053927307,SARS-CoV-2 (Omicron),0.6950556994421696,0.928785237724242,0.2126983114055656,0.1852822572865711,0.3089353672926645,0.1616194835170796,0.8147177427134289,1.5
12,0.8400000000000001,0.03873214386926177,SARS-CoV-2 (Omicron),0.6950556994421696,0.9221173848513556,0.21502155205994644,0.20906142673783967,0.3408465118365401,0.1836804291927383,0.7909385732621603,1.5
12,0.8500000000000001,0.0358932430272559,SARS-CoV-2 (Omicron),0.6950556994421696,0.9151299779839708,0.21755839183524384,0.23603207242501245,0.3752730124574076,0.208960126678608,0.7639679275749875,1.5
12,0.86,0.033119044803103716,SARS-CoV-2 (Omicron),0.6950556994421696,0.9078475324260175,0.2203203305957261,0.26655994712869724,0.41211554670300976,0.23787957923205066,0.7334400528713028,1.5
12,0.87,0.03040734760262253,SARS-CoV-2 (Omicron),0.6950556994421696,0.9002997972577955,0.22331784231294738,0.30101987408045844,0.45118404046993493,0.2708839058906435,0.6989801259195416,1.5
12,0.88,0.027756048916327863,SARS-CoV-2 (Omicron),0.6950556994421696,0.892521937136069,0.22656006468691103,0.33978002172188787,0.4921863850129784,0.3084282331134004,0.6602199782781122,1.5
12,0.89,0.025163139796586936,SARS-CoV-2 (Omicron),0.6950556994421696,0.8845548463506056,0.2300544892755363,0.3831779825381928,0.534721407768698,0.3509546215126919,0.6168220174618072,1.5
12,0.9,0.022626699700566133,SARS-CoV-2 (Omicron),0.6950556994421696,0.876445709118801,0.23380666494671176,0.43148556073362404,0.5782775853265963,0.39885627906333443,0.5685144392663759,1.5
12,0.91,0.020144891670990532,SARS-CoV-2 (Omicron),0.6950556994421696,0.8682489785249038,0.2378199284467587,0.4848581438181928,0.6222383744025298,0.45242396238264726,0.5151418561818072,1.5
12,0.9199999999999999,0.01771595782915454,SARS-CoV-2 (Omicron),0.6950556994421696,0.8600280443745029,0.24209517600220765,0.543263185591192,0.6658939571596657,0.5117676718416884,0.456736814408808,1.5
12,0.9299999999999999,0.015338215156811963,SARS-CoV-2 (Omicron),0.6950556994421696,0.851858032567011,0.24663068900612928,0.6063805697077491,0.7084576670680928,0.5767043660416109,0.3936194302922509,1.5
12,0.94,0.013010051545552535,SARS-CoV-2 (Omicron),0.6950556994421696,0.8438304966886641,0.25142202494378296,0.6734653353351929,0.7490834370255597,0.6465992775750306,0.3265346646648071,1.5
12,0.95,0.010729922094064669,SARS-CoV-2 (Omicron),0.6950556994421696,0.836061379074437,0.25646198185195124,0.7431602779754319,0.7868782752614709,0.720144274005778,0.25683972202456806,1.5
12,0.96,0.008496345635310185,SARS-CoV-2 (Omicron),0.6950556994421696,0.8287048807981932,0.26174064096150396,0.8132420966550848,0.8209006795261168,0.7950512783099909,0.18675790334491515,1.5
12,0.97,0.006307901477111318,SARS-CoV-2 (Omicron),0.6950556994421696,0.8219786359214618,0.26724548802291404,0.8802797985675538,0.850130830190868,0.8676316598203042,0.11972020143244622,1.5
12,0.98,0.00416322634099159,SARS-CoV-2 (Omicron),0.6950556994421696,0.8162120911611052,0.272961609508912,0.9391776835102442,0.8733879985979282,0.9322232408800344,0.06082231648975578,1.5
12,0.99,0.002061011485330201,SARS-CoV-2 (Omicron),0.6950556994421696,0.8119469188199688,0.2788719558044319,0.982567020330013,0.889145798520759,0.980414510790097,0.017432979669987025,1.5
13,0.5,0.20092782615905697,SARS-CoV-2 (Omicron),0.6950556994421696,0.9995700544506706,0.14375466745164622,0.008164443896546062,0.01619659472532641,0.007001970918362998,0.991835556103454,1.5
13,0.51,0.19314252640211935,SARS-CoV-2 (Omicron),0.6950556994421696,0.9994901874702856,0.1438265961998041,0.008749406997398798,0.017346960956638457,0.007504245178123556,0.9912505930026012,1.5
13,0.52,0.18565072781343067,SARS-CoV-2 (Omicron),0.6950556994421696,0.9993958437451115,0.14390468220704145,0.009384840294947282,0.018595063393599863,0.008050007369984525,0.9906151597050528,1.5
13,0.53,0.1784360345147452,SARS-CoV-2 (Omicron),0.6950556994421696,0.9992845190810457,0.14398958334426237,0.010076286885225823,0.01995139386175452,0.008644070395795402,0.9899237131147742,1.5
13,0.54,0.17148325332787334,SARS-CoV-2 (Omicron),0.6950556994421696,0.9991533127821575,0.14408203830589927,0.010830014083280113,0.02142776848083242,0.00929188485094803,0.9891699859167199,1.5
13,0.55,0.16477828528114657,SARS-CoV-2 (Omicron),0.6950556994421696,0.9989988753875357,0.14418287720582068,0.011653120146510057,0.023037512363428003,0.00999963516917683,0.9883468798534899,1.5
13,0.56,0.15830802866617671,SARS-CoV-2 (Omicron),0.6950556994421696,0.9988173524362504,0.1442930335358833,0.0125536579965328,0.02479567105274548,0.010774351619595848,0.9874463420034671,1.5
13,0.5700000000000001,0.15206029223412737,SARS-CoV-2 (Omicron),0.6950556994421696,0.9986043248028302,0.14441355763413277,0.0135407787534096,0.02671925236182652,0.011624040915735219,0.9864592212465904,1.5
13,0.58,0.14602371731439107,SARS-CoV-2 (Omicron),0.6950556994421696,0.9983547464501765,0.1445456318152193,0.01462489835815682,0.02882750263946299,0.0125578386845306,0.9853751016418432,1.5
13,0.59,0.1401877078028225,SARS-CoV-2 (Omicron),0.6950556994421696,0.998062880812253,0.1446905873175922,0.0158178910908802,0.03114222182338948,0.013586187614190746,0.9841821089091198,1.5
13,0.6,0.1345423671063978,SARS-CoV-2 (Omicron),0.6950556994421696,0.9977222374440765,0.14484992321898904,0.017133314399930936,0.03368812191423958,0.014721045765345522,0.9828666856000691,1.5
13,0.61,0.1290784412503576,SARS-CoV-2 (Omicron),0.6950556994421696,0.9973255110564909,0.14502532746179098,0.01858667014887493,0.036493233663309886,0.01597613030214159,0.9814133298511251,1.5
13,0.62,0.12378726745585697,SARS-CoV-2 (Omicron),0.6950556994421696,0.9968645255756189,0.14521870011074223,0.020195708168077132,0.03958936624142424,0.017367202791307997,0.9798042918319229,1.5
13,0.63,0.11866072758359641,SARS-CoV-2 (Omicron),0.6950556994421696,0.9963301864120678,0.14543217893456672,0.021980778869064424,0.04301262434516019,0.018912403239090964,0.9780192211309355,1.5
13,0.64,0.1136912059141189,SARS-CoV-2 (Omicron),0.6950556994421696,0.9957124446639593,0.14566816735712185,0.023965242641035618,0.04680398646387766,0.02063264119753007,0.9760347573589644,1.5
13,0.65,0.1088715508002948,SARS-CoV-2 (Omicron),0.6950556994421696,0.995000277471393,0.1459293647592692,0.02617594479182411,0.05100994669307429,0.022552053577651658,0.9738240552081759,1.5
13,0.66,0.10419503978355144,SARS-CoV-2 (Omicron),0.6950556994421696,0.9941816891393471,0.14621879902580381,0.028643765902250283,0.05568322029461631,0.024698540255222938,0.9713562340977497,1.5
13,0.67,0.09965534781394023,SARS-CoV-2 (Omicron),0.6950556994421696,0.9932437378935702,0.14653986111844997,0.03140425860055337,0.060883509858829475,0.027104390130350823,0.9685957413994466,1.5
13,0.6799999999999999,0.09524651825627761,SARS-CoV-2 (Omicron),0.6950556994421696,0.992172593166687,0.1468963413120704,0.0344983828790216,0.06667832401957802,0.029807011972900053,0.9655016171209784,1.5
13,0.69,0.09096293640126052,SARS-CoV-2 (Omicron),0.6950556994421696,0.9909536280656189,0.14729246655328054,0.037973353085101205,0.07314383371969459,0.03284978609193856,0.9620266469148988,1.5
13,0.7,0.08679930523243322,SARS-CoV-2 (Omicron),0.6950556994421696,0.989571551088573,0.1477329381858591,0.04188361049997513,0.08036574143236166,0.03628305451031634,0.9581163895000249,1.5
13,0.71,0.08275062322781494,SARS-CoV-2 (Omicron),0.6950556994421696,0.9880105801971408,0.14822296903462695,0.04629193578767379,0.0884401258416737,0.04016526874972797,0.9537080642123262,1.5
13,0.72,0.07881216399946102,SARS-CoV-2 (Omicron),0.6950556994421696,0.9862546609874748,0.14876831855012274,0.05127071529777791,0.09747420755266983,0.04456431530192602,0.9487292847022221,1.5
13,0.73,0.07497945759568433,SARS-CoV-2 (Omicron),0.6950556994421696,0.98428772895962,0.1493753243952104,0.05690337386878219,0.10758695974887646,0.049559039030939445,0.9430966261312178,1.5
13,0.74,0.07124827330952317,SARS-CoV-2 (Omicron),0.6950556994421696,0.9820940138137485,0.15005092851097845,0.06328598389710333,0.11890946082718085,0.05524098361658374,0.9367140161028966,1.5
13,0.75,0.06761460385364436,SARS-CoV-2 (Omicron),0.6950556994421696,0.9796583814129994,0.15080269534797253,0.07052905530447451,0.13158485380121243,0.06171636499460123,0.9294709446955255,1.5
13,0.76,0.06407465077652015,SARS-CoV-2 (Omicron),0.6950556994421696,0.9769667067002343,0.15163881961169134,0.0787595026901732,0.1457677403102386,0.06910828756402754,0.9212404973098268,1.5
13,0.77,0.06062481100765493,SARS-CoV-2 (Omicron),0.6950556994421696,0.9740062686400405,0.15256812057765634,0.08812277308401992,0.16162279727227022,0.07755920231041598,0.91187722691598,1.5
13,0.78,0.0572616644310969,SARS-CoV-2 (Omicron),0.6950556994421696,0.9707661564099785,0.15360001981817417,0.09878509855134845,0.17932236531243365,0.08723358898860167,0.9012149014486516,1.5
13,0.79,0.05398196239662173,SARS-CoV-2 (Omicron),0.6950556994421696,0.9672376748341375,0.15474449909402144,0.11093581006416015,0.19904272639837983,0.0983208184507448,0.8890641899358398,1.5
13,0.8,0.05078261708699527,SARS-CoV-2 (Omicron),0.6950556994421696,0.9634147366807895,0.15601203524853224,0.12478960936397902,0.22095877319892712,0.11103811245418703,0.875210390636021,1.5
13,0.81,0.047660691667741395,SARS-CoV-2 (Omicron),0.6950556994421696,0.9592942301535214,0.15741350924926434,0.14058863976953034,0.24523678774173036,0.12563346190484576,0.8594113602304696,1.5
13,0.8200000000000001,0.04461339115298419,SARS-CoV-2 (Omicron),0.6950556994421696,0.9548763518737584,0.1589600870999922,0.15860411941607233,0.27202510837884003,0.14238828383173333,0.8413958805839277,1.5
13,0.8300000000000001,0.041638053927307,SARS-CoV-2 (Omicron),0.6950556994421696,0.9501648990271269,0.1606630712290541,0.17913719384370272,0.3014425896755571,0.1616194835170796,0.8208628061562973,1.5
13,0.8400000000000001,0.03873214386926177,SARS-CoV-2 (Omicron),0.6950556994421696,0.9451675192550958,0.1625337221657811,0.20251851942793475,0.33356496491072324,0.1836804291927383,0.7974814805720652,1.5
13,0.8500000000000001,0.0358932430272559,SARS-CoV-2 (Omicron),0.6950556994421696,0.9398959234806595,0.1645830518340079,0.22910589207578058,0.36840951167373026,0.208960126678608,0.7708941079242194,1.5
13,0.86,0.033119044803103716,SARS-CoV-2 (Omicron),0.6950556994421696,0.9343660754578176,0.166821591574007,0.2592789701665836,0.4059187858088368,0.23787957923205066,0.7407210298334164,1.5
13,0.87,0.03040734760262253,SARS-CoV-2 (Omicron),0.6950556994421696,0.9285983830212592,0.16925913996404707,0.2934297850873163,0.44594458797802145,0.2708839058906435,0.7065702149126837,1.5
13,0.88,0.027756048916327863,SARS-CoV-2 (Omicron),0.6950556994421696,0.9226179309524037,0.1719044975204843,0.3319472585362406,0.4882336851397247,0.3084282331134004,0.6680527414637594,1.5
13,0.89,0.025163139796586936,SARS-CoV-2 (Omicron),0.6950556994421696,0.9164548162980722,0.17476519724406825,0.37519331626853497,0.5324170152344695,0.3509546215126919,0.624806683731465,1.5
13,0.9,0.022626699700566133,SARS-CoV-2 (Omicron),0.6950556994421696,0.9101446780464515,0.17784724155812504,0.4234673555619216,0.5780040225765813,0.39885627906333443,0.5765326444380784,1.5
13,0.91,0.020144891670990532,SARS-CoV-2 (Omicron),0.6950556994421696,0.9037295620741216,0.18115485725396863,0.4769547270107665,0.6243832713651178,0.45242396238264726,0.5230452729892334,1.5
13,0.9199999999999999,0.01771595782915454,SARS-CoV-2 (Omicron),0.6950556994421696,0.8972593440310466,0.1846902804417453,0.5356534513095944,0.6708294683568051,0.5117676718416884,0.4643465486904056,1.5
13,0.9299999999999999,0.015338215156811963,SARS-CoV-2 (Omicron),0.6950556994421696,0.890794076291778,0.18845358306886484,0.5992715070068834,0.7165154534344824,0.5767043660416109,0.40072849299311664,1.5
13,0.94,0.013010051545552535,SARS-CoV-2 (Omicron),0.6950556994421696,0.8844078892891188,0.1924425512526059,0.6670845658077265,0.7605255841048006,0.6465992775750306,0.33291543419227354,1.5
13,0.95,0.010729922094064669,SARS-CoV-2 (Omicron),0.6950556994421696,0.8781955889079847,0.196652623507798,0.7377408516953218,0.8018641642540921,0.720144274005778,0.2622591483046782,1.5
13,0.96,0.008496345635310185,SARS-CoV-2 (Omicron),0.6950556994421696,0.8722841377807036,0.20107689406046414,0.8089956469269085,0.839448706594308,0.7950512783099909,0.1910043530730915,1.5
13,0.97,0.006307901477111318,SARS-CoV-2 (Omicron),0.6950556994421696,0.8668534918062457,0.20570618303904464,0.8773525919628401,0.8720714426643807,0.8676316598203042,0.1226474080371599,1.5
13,0.98,0.00416322634099159,SARS-CoV-2 (Omicron),0.6950556994421696,0.8621766532691102,0.21052917170832175,0.937581984759385,0.8982996727502945,0.9322232408800344,0.062418015240614966,1.5
13,0.99,0.002061011485330201,SARS-CoV-2 (Omicron),0.6950556994421696,0.8587028251498106,0.21553259737307673,0.9820773429242605,0.9162556219486038,0.980414510790097,0.01792265707573948,1.5
14,0.5,0.20092782615905697,SARS-CoV-2 (Omicron),0.6950556994421696,0.9997754868206037,0.10582750766219973,0.007822444551182434,0.015523430657778715,0.007001970918362998,0.9921775554488176,1.5
14,0.51,0.19314252640211935,SARS-CoV-2 (Omicron),0.6950556994421696,0.9997310811751899,0.10588061462490028,0.008383201704707596,0.01662697860011471,0.007504245178123556,0.9916167982952924,1.5
14,0.52,0.18565072781343067,SARS-CoV-2 (Omicron),0.6950556994421696,0.9996781056451515,0.1059382913400615,0.008992411348325739,0.01782448597520447,0.008050007369984525,0.9910075886516743,1.5
14,0.53,0.1784360345147452,SARS-CoV-2 (Omicron),0.6950556994421696,0.9996149785979713,0.10600103078597689,0.009655410813888732,0.019126080335527155,0.008644070395795402,0.9903445891861112,1.5
14,0.54,0.17148325332787334,SARS-CoV-2 (Omicron),0.6950556994421696,0.9995398492413171,0.1060693874323072,0.010378238305509714,0.020543176479743273,0.00929188485094803,0.9896217616944902,1.5
14,0.55,0.16477828528114657,SARS-CoV-2 (Omicron),0.6950556994421696,0.9994505585629598,0.1061439854822468,0.011167736975996904,0.022088658018192542,0.00999963516917683,0.9888322630240031,1.5
14,0.56,0.15830802866617671,SARS-CoV-2 (Omicron),0.6950556994421696,0.9993445965336707,0.10622552821045672,0.012031675759713598,0.02377708571400422,0.010774351619595848,0.9879683242402864,1.5
14,0.5700000000000001,0.15206029223412737,SARS-CoV-2 (Omicron),0.6950556994421696,0.9992190557802084,0.10631480852259045,0.01297888977672677,0.025624936396488354,0.011624040915735219,0.9870211102232732,1.5
14,0.58,0.14602371731439107,SARS-CoV-2 (Omicron),0.6950556994421696,0.9990705821437569,0.10641272086908615,0.014019443594981551,0.027650876660356802,0.0125578386845306,0.9859805564050185,1.5
14,0.59,0.1401877078028225,SARS-CoV-2 (Omicron),0.6950556994421696,0.9988953227984397,0.10652027465034031,0.015164821182323686,0.02987607597047062,0.013586187614190746,0.9848351788176763,1.5
14,0.6,0.1345423671063978,SARS-CoV-2 (Omicron),0.6950556994421696,0.9986888729167336,0.10663860925128321,0.016428147006902757,0.03232456415649171,0.014721045765345522,0.9835718529930972,1.5
14,0.61,0.1290784412503576,SARS-CoV-2 (Omicron),0.6950556994421696,0.9984462222335252,0.10676901083928048,0.01782444346089666,0.035023638559490915,0.01597613030214159,0.9821755565391034,1.5
14,0.62,0.12378726745585697,SARS-CoV-2 (Omicron),0.6950556994421696,0.9981617032725854,0.1069129310484147,0.019370930595575604,0.03800432621753144,0.017367202791307997,0.9806290694044244,1.5
14,0.63,0.11866072758359641,SARS-CoV-2 (Omicron),0.6950556994421696,0.9978289434475124,0.10707200765332237,0.021087375070246998,0.04130190635681574,0.018912403239090964,0.978912624929753,1.5
14,0.64,0.1136912059141189,SARS-CoV-2 (Omicron),0.6950556994421696,0.9974408237156799,0.10724808730437596,0.02299649623453009,0.04495649796082217,0.02063264119753007,0.97700350376547,1.5
14,0.65,0.1088715508002948,SARS-CoV-2 (Omicron),0.6950556994421696,0.9969894469218964,0.10744325035007563,0.025124438377472868,0.049013716147380856,0.022552053577651658,0.9748755616225271,1.5
14,0.66,0.10419503978355144,SARS-CoV-2 (Omicron),0.6950556994421696,0.9964661193836557,0.10765983770880094,0.027501319373558507,0.053525399259493435,0.024698540255222938,0.9724986806264415,1.5
14,0.67,0.09965534781394023,SARS-CoV-2 (Omicron),0.6950556994421696,0.9958613495986002,0.10790047966699245,0.030161867205885685,0.05855040566356072,0.027104390130350823,0.9698381327941143,1.5
14,0.6799999999999999,0.09524651825627761,SARS-CoV-2 (Omicron),0.6950556994421696,0.9951648681472395,0.10816812637073181,0.03314615710151751,0.06415547485458459,0.029807011972900053,0.9668538428984825,1.5
14,0.69,0.09096293640126052,SARS-CoV-2 (Omicron),0.6950556994421696,0.9943656728663506,0.10846607963920585,0.03650046319472679,0.0704161410971163,0.03284978609193856,0.9634995368052732,1.5
14,0.7,0.08679930523243322,SARS-CoV-2 (Omicron),0.6950556994421696,0.9934521031280313,0.10879802555876916,0.04027823962096888,0.077417678880037,0.03628305451031634,0.9597217603790311,1.5
14,0.71,0.08275062322781494,SARS-CoV-2 (Omicron),0.6950556994421696,0.9924119465307739,0.10916806711356497,0.04454124656086192,0.08525604722539462,0.04016526874972797,0.9554587534391381,1.5
14,0.72,0.07881216399946102,SARS-CoV-2 (Omicron),0.6950556994421696,0.991232580461618,0.10958075587299387,0.04936083674295773,0.09403878358159476,0.04456431530192602,0.9506391632570422,1.5
14,0.73,0.07497945759568433,SARS-CoV-2 (Omicron),0.6950556994421696,0.9899011498155098,0.1100411214904311,0.05481941691185018,0.10388577685083136,0.049559039030939445,0.9451805830881498,1.5
14,0.74,0.07124827330952317,SARS-CoV-2 (Omicron),0.6950556994421696,0.9884047806833304,0.1105546974777406,0.06101209626170343,0.11492982236026653,0.05524098361658374,0.9389879037382965,1.5
14,0.75,0.06761460385364436,SARS-CoV-2 (Omicron),0.6950556994421696,0.986730828105656,0.1111275414171875,0.06804852911246065,0.12731682891405915,0.06171636499460123,0.9319514708875394,1.5
14,0.76,0.06407465077652015,SARS-CoV-2 (Omicron),0.6950556994421696,0.9848671541373686,0.1117662474726977,0.07605495118606004,0.14120550972936224,0.06910828756402754,0.92394504881394,1.5
14,0.77,0.06062481100765493,SARS-CoV-2 (Omicron),0.6950556994421696,0.9828024306208523,0.11247794878878425,0.08517639638272236,0.1567663464477737,0.07755920231041598,0.9148236036172777,1.5
14,0.78,0.0572616644310969,SARS-CoV-2 (Omicron),0.6950556994421696,0.9805264593980894,0.11327030714721142,0.09557906214336218,0.17417957164976944,0.08723358898860167,0.9044209378566378,1.5
14,0.79,0.05398196239662173,SARS-CoV-2 (Omicron),0.6950556994421696,0.978030501402224,0.11415148712428247,0.10745276385810705,0.1936318760068494,0.0983208184507448,0.8925472361418929,1.5
14,0.8,0.05078261708699527,SARS-CoV-2 (Omicron),0.6950556994421696,0.9753076053629156,0.11513011199615564,0.12101337904647731,0.21531152028121925,0.11103811245418703,0.8789866209535226,1.5
14,0.81,0.047660691667741395,SARS-CoV-2 (Omicron),0.6950556994421696,0.9723529269355279,0.11621519881889042,0.13650512578764543,0.2394015325502728,0.12563346190484576,0.8634948742123546,1.5
14,0.8200000000000001,0.04461339115298419,SARS-CoV-2 (Omicron),0.6950556994421696,0.9691640301014663,0.11741607050531833,0.15420244125975935,0.26607071375684166,0.14238828383173333,0.8457975587402407,1.5
14,0.8300000000000001,0.041638053927307,SARS-CoV-2 (Omicron),0.6950556994421696,0.9657411648435261,0.11874224336662675,0.17441111749084465,0.2954622788149143,0.1616194835170796,0.8255888825091553,1.5
14,0.8400000000000001,0.03873214386926177,SARS-CoV-2 (Omicron),0.6950556994421696,0.9620875185240194,0.12020328950295012,0.19746820227881984,0.327680143885266,0.1836804291927383,0.8025317977211801,1.5
14,0.8500000000000001,0.0358932430272559,SARS-CoV-2 (Omicron),0.6950556994421696,0.9582094432598222,0.12180867461328815,0.2237399702166825,0.36277314384497256,0.208960126678608,0.7762600297833175,1.5
14,0.86,0.033119044803103716,SARS-CoV-2 (Omicron),0.6950556994421696,0.9541166681713023,0.123567573221395,0.2536169941720893,0.4007178221754208,0.23787957923205066,0.7463830058279106,1.5
14,0.87,0.03040734760262253,SARS-CoV-2 (Omicron),0.6950556994421696,0.949822514182505,0.1254886649178819,0.2875049782914149,0.44140084655315154,0.2708839058906435,0.712495021708585,1.5
14,0.88,0.027756048916327863,SARS-CoV-2 (Omicron),0.6950556994421696,0.9453441410169849,0.1275799169010614,0.3258095194784569,0.48460249912897585,0.3084282331134004,0.6741904805215431,1.5
14,0.89,0.025163139796586936,SARS-CoV-2 (Omicron),0.6950556994421696,0.9407028729519175,0.12984835972857522,0.368912306144832,0.5299829626243557,0.3509546215126919,0.6310876938551679,1.5
14,0.9,0.022626699700566133,SARS-CoV-2 (Omicron),0.6950556994421696,0.9359246750905909,0.13229986461287013,0.4171353900303348,0.5770731314105209,0.39885627906333443,0.5828646099696653,1.5
14,0.91,0.020144891670990532,SARS-CoV-2 (Omicron),0.6950556994421696,0.9310408916155968,0.1349389316409919,0.47068901333888197,0.6252712695987317,0.45242396238264726,0.5293109866611181,1.5
14,0.9199999999999999,0.01771595782915454,SARS-CoV-2 (Omicron),0.6950556994421696,0.9260894235365681,0.13776849881796716,0.529596954570732,0.673845885681537,0.5117676718416884,0.47040304542926803,1.5
14,0.9299999999999999,0.015338215156811963,SARS-CoV-2 (Omicron),0.6950556994421696,0.921116639053454,0.14078978170109868,0.5935913631862848,0.7219436097529376,0.5767043660416109,0.4064086368137152,1.5
14,0.94,0.013010051545552535,SARS-CoV-2 (Omicron),0.6950556994421696,0.9161805221463888,0.14400215254195603,0.6619664455903874,0.7685985857630807,0.6465992775750306,0.3380335544096126,1.5
14,0.95,0.010729922094064669,SARS-CoV-2 (Omicron),0.6950556994421696,0.9113559758223478,0.1474030662871807,0.7333769635314555,0.8127367820668003,0.720144274005778,0.26662303646854446,1.5
14,0.96,0.008496345635310185,SARS-CoV-2 (Omicron),0.6950556994421696,0.9067440364049698,0.15098803859086962,0.8055630816589254,0.8531641462404804,0.7950512783099909,0.19443691834107457,1.5
14,0.97,0.006307901477111318,SARS-CoV-2 (Omicron),0.6950556994421696,0.9024885881265137,0.1547506783186744,0.8749773613813515,0.8885200683977706,0.8676316598203042,0.12502263861864849,1.5
14,0.98,0.00416322634099159,SARS-CoV-2 (Omicron),0.6950556994421696,0.8988084932096947,0.1586827740953215,0.9362822713633719,0.9171627625065689,0.9322232408800344,0.06371772863662806,1.5
14,0.99,0.002061011485330201,SARS-CoV-2 (Omicron),0.6950556994421696,0.8960643069106459,0.1627744315163051,0.9816769986575703,0.9369189640806592,0.980414510790097,0.0183230013424297,1.5
15,0.5,0.20092782615905697,SARS-CoV-2 (Omicron),0.6950556994421696,0.9998836496291219,0.07631788513797755,0.007575240736365106,0.015036562636413092,0.007001970918362998,0.9924247592636349,1.5
15,0.51,0.19314252640211935,SARS-CoV-2 (Omicron),0.6950556994421696,0.9998592571202627,0.07635626416571206,0.008118439456909142,0.01610610407735255,0.007504245178123556,0.9918815605430908,1.5
15,0.52,0.18565072781343067,SARS-CoV-2 (Omicron),0.6950556994421696,0.9998298755397013,0.07639795883612732,0.008708614317674964,0.017266832861471754,0.008050007369984525,0.991291385682325,1.5
15,0.53,0.1784360345147452,SARS-CoV-2 (Omicron),0.6950556994421696,0.9997945275294245,0.07644332961155487,0.009350949679451924,0.01852860371049152,0.008644070395795402,0.9906490503205481,1.5
15,0.54,0.17148325332787334,SARS-CoV-2 (Omicron),0.6950556994421696,0.9997520581843836,0.07649278248760705,0.010051312964566373,0.01990252976150615,0.00929188485094803,0.9899486870354336,1.5
15,0.55,0.16477828528114657,SARS-CoV-2 (Omicron),0.6950556994421696,0.9997011070601406,0.0765467752127551,0.010816356626122743,0.021401161448604822,0.00999963516917683,0.9891836433738772,1.5
15,0.56,0.15830802866617671,SARS-CoV-2 (Omicron),0.6950556994421696,0.9996400770253874,0.07660582435866836,0.011653636661894002,0.023038692108243275,0.010774351619595848,0.988346363338106,1.5
15,0.5700000000000001,0.15206029223412737,SARS-CoV-2 (Omicron),0.6950556994421696,0.9995670999774469,0.07667051334417219,0.012571750482590367,0.024831194190028934,0.011624040915735219,0.9874282495174096,1.5
15,0.58,0.14602371731439107,SARS-CoV-2 (Omicron),0.6950556994421696,0.9994799995735654,0.07674150152266324,0.013580497422637214,0.026796890409669434,0.0125578386845306,0.9864195025773628,1.5
15,0.59,0.1401877078028225,SARS-CoV-2 (Omicron),0.6950556994421696,0.9993762513053002,0.0768195344482624,0.014691065736100302,0.028956464637592202,0.013586187614190746,0.9853089342638996,1.5
15,0.6,0.1345423671063978,SARS-CoV-2 (Omicron),0.6950556994421696,0.9992529404607886,0.0769054554390608,0.015916250560311446,0.03133341774784282,0.014721045765345522,0.9840837494396886,1.5
15,0.61,0.1290784412503576,SARS-CoV-2 (Omicron),0.6950556994421696,0.9991067187825063,0.07700021855541128,0.01727070806425049,0.03395447401593172,0.01597613030214159,0.9827292919357495,1.5
15,0.62,0.12378726745585697,SARS-CoV-2 (Omicron),0.6950556994421696,0.9989337609347321,0.07710490310597917,0.01877125183617255,0.03685004389062967,0.017367202791307997,0.9812287481638274,1.5
15,0.63,0.11866072758359641,SARS-CoV-2 (Omicron),0.6950556994421696,0.9987297222403686,0.07722072978245065,0.020437198511787633,0.040054748986525626,0.018912403239090964,0.9795628014882124,1.5
15,0.64,0.1136912059141189,SARS-CoV-2 (Omicron),0.6950556994421696,0.9984896995207865,0.07734907850343653,0.022290770703471224,0.04360801482988014,0.02063264119753007,0.9777092292965288,1.5
15,0.65,0.1088715508002948,SARS-CoV-2 (Omicron),0.6950556994421696,0.9982081972581842,0.0774915080167774,0.024357566459708435,0.04755473607279842,0.022552053577651658,0.9756424335402916,1.5
15,0.66,0.10419503978355144,SARS-CoV-2 (Omicron),0.6950556994421696,0.9978791016743291,0.07764977726450661,0.026667105750417187,0.05194601734433771,0.024698540255222938,0.9733328942495828,1.5
15,0.67,0.09965534781394023,SARS-CoV-2 (Omicron),0.6950556994421696,0.9974956656515543,0.07782586845319528,0.029253465812482966,0.05683999033265262,0.027104390130350823,0.970746534187517,1.5
15,0.6799999999999999,0.09524651825627761,SARS-CoV-2 (Omicron),0.6950556994421696,0.9970505076743891,0.07802201169116862,0.03215601855525366,0.062302703700790656,0.029807011972900053,0.9678439814447464,1.5
15,0.69,0.09096293640126052,SARS-CoV-2 (Omicron),0.6950556994421696,0.9965356281010962,0.07824071095017637,0.03542028454348574,0.06840907653623576,0.03284978609193856,0.9645797154565142,1.5
15,0.7,0.08679930523243322,SARS-CoV-2 (Omicron),0.6950556994421696,0.9959424460397429,0.07848477097977402,0.03909891922988209,0.07524389761016999,0.03628305451031634,0.9609010807701179,1.5
15,0.71,0.08275062322781494,SARS-CoV-2 (Omicron),0.6950556994421696,0.9952618598620757,0.07875732464600649,0.04325284792799144,0.08290284104834518,0.04016526874972797,0.9567471520720086,1.5
15,0.72,0.07881216399946102,SARS-CoV-2 (Omicron),0.6950556994421696,0.9944843339073612,0.07906185998131532,0.047952566246050835,0.09149345326385581,0.04456431530192602,0.9520474337539492,1.5
15,0.73,0.07497945759568433,SARS-CoV-2 (Omicron),0.6950556994421696,0.993600013189613,0.07940224602117818,0.053279621980645814,0.10113604529922413,0.049559039030939445,0.9467203780193542,1.5
15,0.74,0.07124827330952317,SARS-CoV-2 (Omicron),0.6950556994421696,0.9925988669285629,0.0797827562687905,0.059328292282890355,0.11196439825918778,0.05524098361658374,0.9406717077171096,1.5
15,0.75,0.06761460385364436,SARS-CoV-2 (Omicron),0.6950556994421696,0.9914708605087849,0.08020808837963056,0.06620746554229237,0.1241261567274516,0.06171636499460123,0.9337925344577076,1.5
15,0.76,0.06407465077652015,SARS-CoV-2 (Omicron),0.6950556994421696,0.9902061540951177,0.080683378404894035,0.07404272989224507,0.13778274595056886,0.06910828756402754,0.925957270107755,1.5
15,0.77,0.06062481100765493,SARS-CoV-2 (Omicron),0.6950556994421696,0.9887953246916588,0.08121420769352361,0.08297865816396352,0.15310860415384275,0.07755920231041598,0.9170213418360365,1.5
15,0.78,0.0572616644310969,SARS-CoV-2 (Omicron),0.6950556994421696,0.9872296070518294,0.0818066003493717,0.09318126064579194,0.17028947427745647,0.08723358898860167,0.9068187393542081,1.5
15,0.79,0.05398196239662173,SARS-CoV-2 (Omicron),0.6950556994421696,0.9855011476777181,0.08246700900082682,0.10484054962684582,0.1895194547467791,0.0983208184507448,0.8951594503731541,1.5
15,0.8,0.05078261708699527,SARS-CoV-2 (Omicron),0.6950556994421696,0.9836032653515407,0.08320228659748352,0.11817312002933733,0.21099647492890095,0.11103811245418703,0.8818268799706627,1.5
15,0.81,0.047660691667741395,SARS-CoV-2 (Omicron),0.6950556994421696,0.9815307113869602,0.0840196420373912,0.13342459392040143,0.2349158499247749,0.12563346190484576,0.8665754060795986,1.5
15,0.8200000000000001,0.04461339115298419,SARS-CoV-2 (Omicron),0.6950556994421696,0.9792799232329559,0.08492657768401168,0.15087169728046648,0.26146159762832677,0.14238828383173333,0.8491283027195335,1.5
15,0.8300000000000001,0.041638053927307,SARS-CoV-2 (Omicron),0.6950556994421696,0.9768492663574553,0.08593080728483504,0.17082362703637338,0.2907952879387892,0.1616194835170796,0.8291763729636266,1.5
15,0.8400000000000001,0.03873214386926177,SARS-CoV-2 (Omicron),0.6950556994421696,0.9742392616280193,0.08704015347427274,0.19362221438066993,0.3230423591292474,0.1836804291927383,0.80637778561933,1.5
15,0.8500000000000001,0.0358932430272559,SARS-CoV-2 (Omicron),0.6950556994421696,0.9714527988603093,0.08826242493691283,0.2196401827290978,0.3582760935584534,0.208960126678608,0.7803598172709022,1.5
15,0.86,0.033119044803103716,SARS-CoV-2 (Omicron),0.6950556994421696,0.9684953420636974,0.08960527440670607,0.24927651682686244,0.3964997937341491,0.23787957923205066,0.7507234831731375,1.5
15,0.87,0.03040734760262253,SARS-CoV-2 (Omicron),0.6950556994421696,0.9653751385897585,0.09107603993982849,0.28294757927223907,0.43762811434113685,0.2708839058906435,0.7170524207277609,1.5
15,0.88,0.027756048916327863,SARS-CoV-2 (Omicron),0.6950556994421696,0.9621034536361398,0.09268157325168591,0.3210721004303228,0.4814689240475092,0.3084282331134004,0.6789278995696773,1.5
15,0.89,0.025163139796586936,SARS-CoV-2 (Omicron),0.6950556994421696,0.9586948647689902,0.09442806025198835,0.3640474861267555,0.5277073879813933,0.3509546215126919,0.6359525138732445,1.5
15,0.9,0.022626699700566133,SARS-CoV-2 (Omicron),0.6950556994421696,0.9551676708877049,0.09632084012440545,0.41221398107668406,0.5758940346270184,0.39885627906333443,0.587786018923316,1.5
15,0.91,0.020144891670990532,SARS-CoV-2 (Omicron),0.6950556994421696,0.9515445012008827,0.09836423024653707,0.46580202532014325,0.6254382362364951,0.45242396238264726,0.5341979746798567,1.5
15,0.9199999999999999,0.01771595782915454,SARS-CoV-2 (Omicron),0.6950556994421696,0.9478532615183662,0.1005613648033582,0.5248565563215652,0.675607635275187,0.5117676718416884,0.47514344367843475,1.5
15,0.9299999999999999,0.015338215156811963,SARS-CoV-2 (Omicron),0.6950556994421696,0.9441286455458902,0.10291405500663064,0.5891299252465535,0.7255324691726436,0.5767043660416109,0.4108700747534465,1.5
15,0.94,0.013010051545552535,SARS-CoV-2 (Omicron),0.6950556994421696,0.940414604743693,0.10542267832732855,0.6579323635978547,0.774211377024047,0.6465992775750306,0.3420676364021453,1.5
15,0.95,0.010729922094064669,SARS-CoV-2 (Omicron),0.6950556994421696,0.9367684906928899,0.10808610306572786,0.7299253651623355,0.8205119137380107,0.720144274005778,0.2700746348376645,1.5
15,0.96,0.008496345635310185,SARS-CoV-2 (Omicron),0.6950556994421696,0.9332682386097603,0.11090165297442045,0.802838693984104,0.8631540370648171,0.7950512783099909,0.197161306015896,1.5
15,0.97,0.006307901477111318,SARS-CoV-2 (Omicron),0.6950556994421696,0.9300253888926869,0.11386511462502635,0.8730856800801999,0.9006564965693012,0.8676316598203042,0.12691431991980007,1.5
15,0.98,0.00416322634099159,SARS-CoV-2 (Omicron),0.6950556994421696,0.9272101141506056,0.11697078793279159,0.9352436235721069,0.9312095429884182,0.9322232408800344,0.06475637642789311,1.5
15,0.99,0.002061011485330201,SARS-CoV-2 (Omicron),0.6950556994421696,0.9251031876444116,0.12021157792023718,0.9813559896256167,0.9523996789866814,0.980414510790097,0.018644010374383346,1.5
0,0.5,0.14907273144306948,SARS-CoV-2 (pre-Omicron),0.6376375524734903,0.25961530136481054,0.9948050962416163,0.2720094255080357,0.26566788716819034,0.007421136846082668,0.7279905744919644,1.5
0,0.51,0.14379711590616773,SARS-CoV-2 (pre-Omicron),0.6376375524734903,0.2508477291203813,0.9948688160380523,0.28131713124769503,0.265210158699076,0.00794333316972858,0.718682868752305,1.5
0,0.52,0.13869065960834395,SARS-CoV-2 (pre-Omicron),0.6376375524734903,0.24208312993237532,0.9949340850518095,0.29086430347497233,0.2642412236442935,0.008510256933868426,0.7091356965250277,1.5
0,0.53,0.1337448391639878,SARS-CoV-2 (pre-Omicron),0.6376375524734903,0.2333293080328235,0.9950009391230247,0.30065782172307637,0.26274895999598324,0.00912683052043507,0.6993421782769236,1.5
0,0.54,0.12895171102262742,SARS-CoV-2 (pre-Omicron),0.6376375524734903,0.22459466978627876,0.9950694136393609,0.3107046915174127,0.2607237095237674,0.009798625024401606,0.6892953084825872,1.5
0,0.55,0.1243038621670018,SARS-CoV-2 (pre-Omicron),0.6376375524734903,0.21588823970364687,0.9951395433044169,0.3210120331221571,0.2581586423477806,0.010531957537495449,0.6789879668778429,1.5
0,0.56,0.11979436581121396,SARS-CoV-2 (pre-Omicron),0.6376375524734903,0.2072196712892927,0.9952113618707837,0.3315870676143436,0.2550501253738534,0.011334004378791299,0.6684129323856565,1.5
0,0.5700000000000001,0.11541674151280147,SARS-CoV-2 (pre-Omicron),0.6376375524734903,0.1985992513977463,0.9952849018335737,0.3424370998682394,0.2513980863781683,0.012212933030191438,0.6575629001317607,1.5
0,0.58,0.11116491919022436,SARS-CoV-2 (pre-Omicron),0.6376375524734903,0.19003789664835236,0.9953601940799293,0.3535694979710848,0.2472063639254857,0.013178056018741795,0.6464305020289152,1.5
0,0.59,0.1070332066035005,SARS-CoV-2 (pre-Omicron),0.6376375524734903,0.18154714034113417,0.9954372674897339,0.364991668520444,0.24248303174023367,0.014240010552783698,0.635008331479556,1.5
0,0.6,0.10301625991236055,SARS-CoV-2 (pre-Omicron),0.6376375524734903,0.17313910824768536,0.9955161484825125,0.37671102717203697,0.23724068472529686,0.0154109683763143,0.623288972827963,1.5
0,0.61,0.09910905697486692,SARS-CoV-2 (pre-Omicron),0.6376375524734903,0.1648264816316637,0.9955968605053566,0.3887349637133939,0.23149667266350651,0.016704881067267023,0.6112650362866061,1.5
0,0.62,0.09530687309121269,SARS-CoV-2 (pre-Omicron),0.6376375524734903,0.15662244590082045,0.9956794234566771,0.4010708008310984,0.22527326688523877,0.01813776688222198,0.5989291991689016,1.5
0,0.63,0.09160525893342643,SARS-CoV-2 (pre-Omicron),0.6376375524734903,0.14854062342364852,0.9957638530407115,0.41372574561563746,0.21859774499821347,0.01972804625274666,0.5862742543843625,1.5
0,0.64,0.08800002043283231,SARS-CoV-2 (pre-Omicron),0.6376375524734903,0.14059498927562444,0.9958501600480664,0.42670683270539816,0.21150237931038413,0.021496934175093196,0.5732931672946018,1.5
0,0.65,0.08448720042408026,SARS-CoV-2 (pre-Omicron),0.6376375524734903,0.13279976902785934,0.995938349558207,0.44002085780727823,0.20402431597863904,0.023468899008672425,0.5599791421927218,1.5
0,0.66,0.08106306186797753,SARS-CoV-2 (pre-Omicron),0.6376375524734903,0.1251693181660201,0.9960284200608064,0.45367430014226423,0.19620533429811451,0.02567219860521716,0.5463256998577357,1.5
0,0.67,0.07772407249573497,SARS-CoV-2 (pre-Omicron),0.6376375524734903,0.11771798333479082,0.9961203624943147,0.46767323214633705,0.1880914789699475,0.028139506213305063,0.532326767853663,1.5
0,0.6799999999999999,0.07446689073501914,SARS-CoV-2 (pre-Omicron),0.6376375524734903,0.1104599463391941,0.9962141592021164,0.48202321450553265,0.1797325626355846,0.030908640206927754,0.5179767854944674,1.5
0,0.69,0.071288352793744,SARS-CoV-2 (pre-Omicron),0.6376375524734903,0.1034090526837921,0.9963097828092903,0.4967291743136697,0.17118154133646302,0.03402341330973009,0.5032708256863303,1.5
0,0.7,0.06818546079114812,SARS-CoV-2 (pre-Omicron),0.6376375524734903,0.0965786273657034,0.9964071950263985,0.5117952638059878,0.16249377163590667,0.037534618526434596,0.48820473619401217,1.5
0,0.71,0.06515537183765269,SARS-CoV-2 (pre-Omicron),0.6376375524734903,0.08998128161447466,0.996506345390982,0.5272246967344628,0.15372616460351038,0.041501170291230335,0.4727753032655372,1.5
0,0.72,0.06219538797550235,SARS-CoV-2 (pre-Omicron),0.6376375524734903,0.08362871523363834,0.9966071699626072,0.5430195590026036,0.14493625829089762,0.04599142016115967,0.45698044099739643,1.5
0,0.73,0.0593029469014501,SARS-CoV-2 (pre-Omicron),0.6376375524734903,0.07753152007539366,0.9967095899934182,0.5591805896592458,0.13618123622936856,0.05108466637094758,0.4408194103407542,1.5
0,0.74,0.05647561340091732,SARS-CoV-2 (pre-Omicron),0.6376375524734903,0.07169899089310613,0.9968135106031734,0.5757069277509302,0.12751692433200554,0.05687287522030939,0.42429307224906976,1.5
0,0.75,0.05371107143028766,SARS-CoV-2 (pre-Omicron),0.6376375524734903,0.06613895028634138,0.9969188194955692,0.5925958198375509,0.11899680188661697,0.0634626288697736,0.40740418016244906,1.5
0,0.76,0.051007116790392444,SARS-CoV-2 (pre-Omicron),0.6376375524734903,0.060857594606415565,0.9970253857610512,0.6098422821706383,0.11067106366721113,0.07097730767187731,0.3901577178293617,1.5
0,0.77,0.048361650339924414,SARS-CoV-2 (pre-Omicron),0.6376375524734903,0.05585936746953789,0.9971330588199216,0.6274387105997643,0.10258576930008739,0.07955950426478337,0.3725612894002357,1.5
0,0.78,0.045772671702563585,SARS-CoV-2 (pre-Omicron),0.6376375524734903,0.0511468668975218,0.9972416675678626,0.6453744301889929,0.09478211281697646,0.0893736493799395,0.3546255698110071,1.5
0,0.79,0.043238273426090296,SARS-CoV-2 (pre-Omicron),0.6376375524734903,0.046720791074373526,0.997351019793291,0.6636351752672492,0.08729583995175536,0.10060880302969452,0.33636482473275076,1.5
0,0.8,0.04075663555576686,SARS-CoV-2 (pre-Omicron),0.6376375524734903,0.04257992631126849,0.9974609019414229,0.6822024891751228,0.08015683354830536,0.11348152586162502,0.31779751082487717,1.5
0,0.81,0.038326020587842645,SARS-CoV-2 (pre-Omicron),0.6376375524734903,0.03872117913281413,0.9975710793025117,0.7010530312719566,0.07338887899493263,0.12823868914802303,0.2989469687280434,1.5
0,0.8200000000000001,0.035944768772236284,SARS-CoV-2 (pre-Omicron),0.6376375524734903,0.03513965255061864,0.9976812967003938,0.7201577767914924,0.0670096125710939,0.14516000160180356,0.2798422232085076,1.5
0,0.8300000000000001,0.03361129373631018,SARS-CoV-2 (pre-Omicron),0.6376375524734903,0.03182876472041036,0.9977912797511318,0.7394810928354422,0.061030646732910095,0.16455991824288474,0.26051890716455783,1.5
0,0.8400000000000001,0.03132407840422051,SARS-CoV-2 (pre-Omicron),0.6376375524734903,0.02878040644688125,0.9979007367492699,0.7589796711174924,0.05545785840587148,0.1867884392391658,0.24102032888250757,1.5
0,0.8500000000000001,0.029081671188629428,SARS-CoV-2 (pre-Omicron),0.6376375524734903,0.02598513256993657,0.99800936122039,0.7786012949518089,0.05029181993726891,0.21223008955074624,0.22139870504819115,1.5
0,0.86,0.02688268243363976,SARS-CoV-2 (pre-Omicron),0.6376375524734903,0.023432381293614607,0.9981168351530987,0.7982834143449058,0.045528347987427914,0.24130007285474225,0.2017165856550942,1.5
0,0.87,0.02472578108967637,SARS-CoV-2 (pre-Omicron),0.6376375524734903,0.021110715148932455,0.9982228328918168,0.8179514988101251,0.0411591436481145,0.2744361886441921,0.18204850118987492,1.5
0,0.88,0.022609691602721978,SARS-CoV-2 (pre-Omicron),0.6376375524734903,0.019008077653251413,0.9983270256350065,0.8375171325764844,0.037172497672712634,0.3120845541270519,0.1624828674235156,1.5
0,0.89,0.020533191001830015,SARS-CoV-2 (pre-Omicron),0.6376375524734903,0.017112061000207467,0.9984290864438782,0.8568758110872999,0.03355403803008382,0.35467643616183975,0.14312418891270007,1.5
0,0.9,0.01849510617021116,SARS-CoV-2 (pre-Omicron),0.6376375524734903,0.015410182521256713,0.9985286956270024,0.8759043909362505,0.030287503284363866,0.4025925123076778,0.1240956090637495,1.5
0,0.91,0.0164943112864286,SARS-CoV-2 (pre-Omicron),0.6376375524734903,0.013890171627841499,0.9986255463300692,0.8944581375021202,0.027355535137670008,0.4561095651661651,0.10554186249787978,1.5
0,0.9199999999999999,0.014529725423360663,SARS-CoV-2 (pre-Omicron),0.6376375524734903,0.012540275312948209,0.9987193501309563,0.9123673053216812,0.024740498261277166,0.515322868004749,0.0876326946783188,1.5
0,0.9299999999999999,0.012600310293609777,SARS-CoV-2 (pre-Omicron),0.6376375524734903,0.011349600784352777,0.9988098424218341,0.9294331754517167,0.022425358464392895,0.5800352093805051,0.07056682454828334,1.5
0,0.94,0.010705068130959072,SARS-CoV-2 (pre-Omicron),0.6376375524734903,0.010308532039718906,0.9988967873550807,0.945423461444145,0.020394688280493282,0.6496004586125169,0.05457653855585498,1.5
0,0.95,0.008843039698319205,SARS-CoV-2 (pre-Omicron),0.6376375524734903,0.009409291063966697,0.9989799821400462,0.9600669807723621,0.01863593761996881,0.7227055715150519,0.03993301922763792,1.5
0,0.96,0.0070133024133719225,SARS-CoV-2 (pre-Omicron),0.6376375524734903,0.008646781896732712,0.9990592605034444,0.973047471226111,0.017141241750361212,0.7970696928372792,0.026952528773888984,1.5
0,0.97,0.00521496858381341,SARS-CoV-2 (pre-Omicron),0.6376375524734903,0.008020001257471794,0.9991344951659402,0.9839964114930123,0.015910326393977978,0.8690321643114169,0.016003588506987687,1.5
0,0.98,0.003447183744732715,SARS-CoV-2 (pre-Omicron),0.6376375524734903,0.007534640081047299,0.9992055992383999,0.99248468134602,0.014955740753536149,0.9329923294728757,0.00751531865398003,1.5
0,0.99,0.0017091250912418794,SARS-CoV-2 (pre-Omicron),0.6376375524734903,0.0072083820851071255,0.9992725264989963,0.9980128689435458,0.014313382407777934,0.980652444325651,0.0019871310564542055,1.5
1,0.5,0.14907273144306948,SARS-CoV-2 (pre-Omicron),0.6376375524734903,0.4890558006655787,0.982437324668431,0.1723199783159175,0.25484478762057594,0.007421136846082668,0.8276800216840825,1.5
1,0.51,0.14379711590616773,SARS-CoV-2 (pre-Omicron),0.6376375524734903,0.4763112161336203,0.9825834629894302,0.17963889040958958,0.26088575183499674,0.00794333316972858,0.8203611095904104,1.5
1,0.52,0.13869065960834395,SARS-CoV-2 (pre-Omicron),0.6376375524734903,0.4633826568002565,0.9827348845630476,0.1872359437933964,0.266705836581746,0.008510256933868426,0.8127640562066036,1.5
1,0.53,0.1337448391639878,SARS-CoV-2 (pre-Omicron),0.6376375524734903,0.4502791232484032,0.9828917871489191,0.19512304943659248,0.2722638359283796,0.00912683052043507,0.8048769505634075,1.5
1,0.54,0.12895171102262742,SARS-CoV-2 (pre-Omicron),0.6376375524734903,0.43701104658353196,0.9830543731974923,0.20331261681973978,0.27751546456303305,0.009798625024401606,0.7966873831802602,1.5
1,0.55,0.1243038621670018,SARS-CoV-2 (pre-Omicron),0.6376375524734903,0.4235903866748714,0.98322284939128,0.21181756518306769,0.28241347650142534,0.010531957537495449,0.7881824348169323,1.5
1,0.56,0.11979436581121396,SARS-CoV-2 (pre-Omicron),0.6376375524734903,0.41003072613070235,0.9833974260630439,0.2206513328759429,0.2869078799651629,0.011334004378791299,0.779348667124057,1.5
1,0.5700000000000001,0.11541674151280147,SARS-CoV-2 (pre-Omicron),0.6376375524734903,0.39634735714807345,0.983578316471709,0.22982788428511566,0.29094626714032423,0.012212933030191438,0.7701721157148843,1.5
1,0.58,0.11116491919022436,SARS-CoV-2 (pre-Omicron),0.6376375524734903,0.38255735790343415,0.9837657359146335,0.2393617137204963,0.2944742779636855,0.013178056018741795,0.7606382862795037,1.5
1,0.59,0.1070332066035005,SARS-CoV-2 (pre-Omicron),0.6376375524734903,0.3686796546807189,0.9839599006526158,0.24926784552102033,0.2974362164413459,0.014240010552783698,0.7507321544789797,1.5
1,0.6,0.10301625991236055,SARS-CoV-2 (pre-Omicron),0.6376375524734903,0.3547350654932361,0.9841610266217812,0.25956182950665446,0.2997758358834083,0.0154109683763143,0.7404381704933456,1.5
1,0.61,0.09910905697486692,SARS-CoV-2 (pre-Omicron),0.6376375524734903,0.3407463205779424,0.9843693279043442,0.27025973074229953,0.3014373054140426,0.016704881067267023,0.7297402692577004,1.5
1,0.62,0.09530687309121269,SARS-CoV-2 (pre-Omicron),0.6376375524734903,0.32673805486520036,0.9845850149283126,0.2813781123911214,0.30236636377919285,0.01813776688222198,0.7186218876088786,1.5
1,0.63,0.09160525893342643,SARS-CoV-2 (pre-Omicron),0.6376375524734903,0.3127367673999008,0.9848082923646515,0.29293401021383414,0.3025116574938634,0.01972804625274666,0.7070659897861659,1.5
1,0.64,0.08800002043283231,SARS-CoV-2 (pre-Omicron),0.6376375524734903,0.29877074276161636,0.9850393566894667,0.3049448970109939,0.3018262485817176,0.021496934175093196,0.6950551029890061,1.5
1,0.65,0.08448720042408026,SARS-CoV-2 (pre-Omicron),0.6376375524734903,0.2848699298549734,0.9852783933786728,0.3174286350007292,0.3002692626647108,0.023468899008672425,0.6825713649992708,1.5
1,0.66,0.08106306186797753,SARS-CoV-2 (pre-Omicron),0.6376375524734903,0.2710657740671157,0.9855255737036928,0.33040341376662413,0.2978076314420423,0.02567219860521716,0.6695965862333759,1.5
1,0.67,0.07772407249573497,SARS-CoV-2 (pre-Omicron),0.6376375524734903,0.25739099976003704,0.9857810510994015,0.3438876709904668,0.2944178656159749,0.028139506213305063,0.6561123290095332,1.5
1,0.6799999999999999,0.07446689073501914,SARS-CoV-2 (pre-Omicron),0.6376375524734903,0.24387934141040613,0.9860449570802171,0.3578999926912889,0.29008777657223583,0.030908640206927754,0.6421000073087111,1.5
1,0.69,0.071288352793744,SARS-CoV-2 (pre-Omicron),0.6376375524734903,0.2305652234355236,0.9863173966874824,0.37245898911270237,0.28481804961843604,0.03402341330973009,0.6275410108872976,1.5
1,0.7,0.06818546079114812,SARS-CoV-2 (pre-Omicron),0.6376375524734903,0.21748339082931478,0.9865984434616257,0.3875831417198786,0.2786235607326864,0.037534618526434596,0.6124168582801214,1.5
1,0.71,0.06515537183765269,SARS-CoV-2 (pre-Omicron),0.6376375524734903,0.20466849511916652,0.9868881339466131,0.4032906159675996,0.27153432512335623,0.041501170291230335,0.5967093840324005,1.5
1,0.72,0.06219538797550235,SARS-CoV-2 (pre-Omicron),0.6376375524734903,0.1921546427453235,0.9871864617524644,0.4195990335607245,0.2635959717545122,0.04599142016115967,0.5804009664392755,1.5
1,0.73,0.0593029469014501,SARS-CoV-2 (pre-Omicron),0.6376375524734903,0.17997491562098483,0.9874933712245589,0.4365251968230924,0.2548696549403999,0.05108466637094758,0.5634748031769077,1.5
1,0.74,0.05647561340091732,SARS-CoV-2 (pre-Omicron),0.6376375524734903,0.16816087617808273,0.9878087507964193,0.4540847564911416,0.2454313425491026,0.05687287522030939,0.5459152435088583,1.5
1,0.75,0.05371107143028766,SARS-CoV-2 (pre-Omicron),0.6376375524734903,0.15674207143938887,0.9881324261356391,0.47229181271948295,0.2353704590922125,0.0634626288697736,0.527708187280517,1.5
1,0.76,0.051007116790392444,SARS-CoV-2 (pre-Omicron),0.6376375524734903,0.14574555236991402,0.988464153230277,0.49115843728655156,0.22478790808669116,0.07097730767187731,0.5088415627134484,1.5
1,0.77,0.048361650339924414,SARS-CoV-2 (pre-Omicron),0.6376375524734903,0.13519542574854812,0.9888036116044555,0.5106941028706924,0.2137935470558714,0.07955950426478337,0.4893058971293076,1.5
1,0.78,0.045772671702563585,SARS-CoV-2 (pre-Omicron),0.6376375524734903,0.1251124558992066,0.9891503978955435,0.5309050027734937,0.20250323483938415,0.0893736493799395,0.46909499722650627,1.5
1,0.79,0.043238273426090296,SARS-CoV-2 (pre-Omicron),0.6376375524734903,0.11551373272514309,0.989504020068808,0.5517932415301005,0.1910356087399982,0.10060880302969452,0.44820675846989955,1.5
1,0.8,0.04075663555576686,SARS-CoV-2 (pre-Omicron),0.6376375524734903,0.10641242057916954,0.9898638925856111,0.5733558733856243,0.17950877345099603,0.11348152586162502,0.4266441266143757,1.5
1,0.81,0.038326020587842645,SARS-CoV-2 (pre-Omicron),0.6376375524734903,0.09781759965257208,0.9902293328740599,0.595583761537789,0.16803709137710374,0.12823868914802303,0.404416238462211,1.5
1,0.8200000000000001,0.035944768772236284,SARS-CoV-2 (pre-Omicron),0.6376375524734903,0.08973420795533729,0.9905995594717325,0.6184602262364812,0.1567282539195378,0.14516000160180356,0.3815397737635188,1.5
1,0.8300000000000001,0.03361129373631018,SARS-CoV-2 (pre-Omicron),0.6376375524734903,0.08216308786442494,0.9909736922135136,0.6419594441581272,0.14568078711330285,0.16455991824288474,0.3580405558418728,1.5
1,0.8400000000000001,0.03132407840422051,SARS-CoV-2 (pre-Omicron),0.6376375524734903,0.07510113698857207,0.9913507548184669,0.6660445547793994,0.134982106499622,0.1867884392391658,0.3339554452206006,1.5
1,0.8500000000000001,0.029081671188629428,SARS-CoV-2 (pre-Omicron),0.6376375524734903,0.06854155914569254,0.9917296801835116,0.6906654215743758,0.12470719064734079,0.21223008955074624,0.3093345784256242,1.5
1,0.86,0.02688268243363976,SARS-CoV-2 (pre-Omicron),0.6376375524734903,0.062474208012363176,0.9921093186152526,0.7157559865309616,0.11491789627841308,0.24130007285474225,0.2842440134690384,1.5
1,0.87,0.02472578108967637,SARS-CoV-2 (pre-Omicron),0.6376375524734903,0.05688601394293995,0.9924884491237032,0.7412311454644939,0.10566289617714943,0.2744361886441921,0.25876885453550613,1.5
1,0.88,0.022609691602721978,SARS-CoV-2 (pre-Omicron),0.6376375524734903,0.051761484058820986,0.9928657937648422,0.7669830585883323,0.0969781886597929,0.3120845541270519,0.23301694141166773,1.5
1,0.89,0.020533191001830015,SARS-CoV-2 (pre-Omicron),0.6376375524734903,0.04708326755752257,0.9932400348585483,0.7928767954151227,0.08888810776685005,0.35467643616183975,0.20712320458487732,1.5
1,0.9,0.01849510617021116,SARS-CoV-2 (pre-Omicron),0.6376375524734903,0.042832783104107874,0.9936098347337533,0.8187451948715435,0.08140675886786519,0.4025925123076778,0.1812548051284565,1.5
1,0.91,0.0164943112864286,SARS-CoV-2 (pre-Omicron),0.6376375524734903,0.03899091450239111,0.9939738574763787,0.8443827999959629,0.07453981711608547,0.4561095651661651,0.15561720000403712,1.5
1,0.9199999999999999,0.014529725423360663,SARS-CoV-2 (pre-Omicron),0.6376375524734903,0.03553879712348969,0.9943307919929445,0.8695387011382699,0.06828665954048137,0.515322868004749,0.13046129886173008,1.5
1,0.9299999999999999,0.012600310293609777,SARS-CoV-2 (pre-Omicron),0.6376375524734903,0.03245874579231828,0.9946793755698239,0.8939080914652622,0.06264286314148262,0.5800352093805051,0.10609190853473782,1.5
1,0.94,0.010705068130959072,SARS-CoV-2 (pre-Omicron),0.6376375524734903,0.029735425351119248,0.9950184170201176,0.9171223029285449,0.05760320893430688,0.6496004586125169,0.08287769707145509,1.5
1,0.95,0.008843039698319205,SARS-CoV-2 (pre-Omicron),0.6376375524734903,0.027357460362093255,0.9953468184791067,0.9387370486486102,0.05316552647655765,0.7227055715150519,0.061262951351389816,1.5
1,0.96,0.0070133024133719225,SARS-CoV-2 (pre-Omicron),0.6376375524734903,0.02531987165948607,0.9956635949422366,0.9582185476907229,0.049336091345160295,0.7970696928372792,0.0417814523092771,1.5
1,0.97,0.00521496858381341,SARS-CoV-2 (pre-Omicron),0.6376375524734903,0.023628140081011474,0.9959678907372286,0.9749271490101671,0.04613808668833754,0.8690321643114169,0.025072850989832918,1.5
1,0.98,0.003447183744732715,SARS-CoV-2 (pre-Omicron),0.6376375524734903,0.02230566475882842,0.9962589922779368,0.988098001211084,0.0436264900973532,0.9329923294728757,0.011901998788915957,1.5
1,0.99,0.0017091250912418794,SARS-CoV-2 (pre-Omicron),0.6376375524734903,0.021408886541430968,0.9965363366492936,0.9968182316592912,0.04191750159185357,0.980652444325651,0.0031817683407088238,1.5
2,0.5,0.14907273144306948,SARS-CoV-2 (pre-Omicron),0.6376375524734903,0.6618108070996574,0.9609931865493483,0.11257235519767111,0.19241534392214682,0.007421136846082668,0.8874276448023288,1.5
2,0.51,0.14379711590616773,SARS-CoV-2 (pre-Omicron),0.6376375524734903,0.648830780528579,0.9612170863402133,0.1181304017152076,0.19987097788912556,0.00794333316972858,0.8818695982847924,1.5
2,0.52,0.13869065960834395,SARS-CoV-2 (pre-Omicron),0.6376375524734903,0.6354738387084111,0.9614512588345574,0.12395607205787057,0.20744729651838414,0.008510256933868426,0.8760439279421295,1.5
2,0.53,0.1337448391639878,SARS-CoV-2 (pre-Omicron),0.6376375524734903,0.6217414019736408,0.961696209079522,0.13006403758442664,0.21512533115383997,0.00912683052043507,0.8699359624155734,1.5
2,0.54,0.12895171102262742,SARS-CoV-2 (pre-Omicron),0.6376375524734903,0.6076367075902267,0.9619524635905524,0.1364698134083612,0.2228822507659936,0.009798625024401606,0.8635301865916388,1.5
2,0.55,0.1243038621670018,SARS-CoV-2 (pre-Omicron),0.6376375524734903,0.5931650178684927,0.962220570315887,0.14318980162625883,0.23069090876190324,0.010531957537495449,0.8568101983737412,1.5
2,0.56,0.11979436581121396,SARS-CoV-2 (pre-Omicron),0.6376375524734903,0.5783338342518525,0.9625010983788317,0.15024133508214757,0.23851937600509415,0.011334004378791299,0.8497586649178525,1.5
2,0.5700000000000001,0.11541674151280147,SARS-CoV-2 (pre-Omicron),0.6376375524734903,0.563153113983358,0.9627946375510619,0.15764272124112771,0.2463304725841061,0.012212933030191438,0.8423572787588722,1.5
2,0.58,0.11116491919022436,SARS-CoV-2 (pre-Omicron),0.6376375524734903,0.5476354850604693,0.9631017974033605,0.16541328562764512,0.2540813157078242,0.013178056018741795,0.8345867143723549,1.5
2,0.59,0.1070332066035005,SARS-CoV-2 (pre-Omicron),0.6376375524734903,0.5317964542261151,0.9634232060727946,0.17357341414090943,0.2617229068821729,0.014240010552783698,0.8264265858590906,1.5
2,0.6,0.10301625991236055,SARS-CoV-2 (pre-Omicron),0.6376375524734903,0.5156546017398788,0.9637595085774515,0.18214459338729863,0.269199788185716,0.0154109683763143,0.8178554066127014,1.5
2,0.61,0.09910905697486692,SARS-CoV-2 (pre-Omicron),0.6376375524734903,0.4992317556682234,0.9641113646016366,0.19114944796129366,0.27644980482967585,0.016704881067267023,0.8088505520387064,1.5
2,0.62,0.09530687309121269,SARS-CoV-2 (pre-Omicron),0.6376375524734903,0.482553137482884,0.9644794456661061,0.20061177335559127,0.2834040188918139,0.01813776688222198,0.7993882266444088,1.5
2,0.63,0.09160525893342643,SARS-CoV-2 (pre-Omicron),0.6376375524734903,0.46564746993236406,0.964864431589779,0.21055656287922517,0.2899868265343051,0.01972804625274666,0.7894434371207748,1.5
2,0.64,0.08800002043283231,SARS-CoV-2 (pre-Omicron),0.6376375524734903,0.44854703753785574,0.9652670061419052,0.22101002659989732,0.2961163372242494,0.021496934175093196,0.7789899734001027,1.5
2,0.65,0.08448720042408026,SARS-CoV-2 (pre-Omicron),0.6376375524734903,0.4312876897590948,0.9656878517774259,0.23199959989143115,0.301705077191902,0.023468899008672425,0.7680004001085688,1.5
2,0.66,0.08106306186797753,SARS-CoV-2 (pre-Omicron),0.6376375524734903,0.4139087769822933,0.9661276433440252,0.2435539386452079,0.3066610789560694,0.02567219860521716,0.7564460613547921,1.5
2,0.67,0.07772407249573497,SARS-CoV-2 (pre-Omicron),0.6376375524734903,0.3964530101069176,0.9665870406480914,0.2557028975788067,0.31088941231222045,0.028139506213305063,0.7442971024211933,1.5
2,0.6799999999999999,0.07446689073501914,SARS-CoV-2 (pre-Omicron),0.6376375524734903,0.37896623574679644,0.9670666797696441,0.26847748732571797,0.3142941977157454,0.030908640206927754,0.731522512674282,1.5
2,0.69,0.071288352793744,SARS-CoV-2 (pre-Omicron),0.6376375524734903,0.36149712098856346,0.967567163024644,0.28190980509296204,0.31678111872435755,0.03402341330973009,0.718090194907038,1.5
2,0.7,0.06818546079114812,SARS-CoV-2 (pre-Omicron),0.6376375524734903,0.3440967443056765,0.968089047488562,0.2960329326000907,0.31826041500634333,0.037534618526434596,0.7039670673999092,1.5
2,0.71,0.06515537183765269,SARS-CoV-2 (pre-Omicron),0.6376375524734903,0.32681809259775424,0.9686328320194315,0.3108807937291425,0.3186502915727263,0.041501170291230335,0.6891192062708575,1.5
2,0.72,0.06219538797550235,SARS-CoV-2 (pre-Omicron),0.6376375524734903,0.30971546833747116,0.9691989427536881,0.32648796277987047,0.31788062545127677,0.04599142016115967,0.6735120372201295,1.5
2,0.73,0.0593029469014501,SARS-CoV-2 (pre-Omicron),0.6376375524734903,0.29284381531229237,0.9697877170957476,0.3428894123891028,0.31589679248723807,0.05108466637094758,0.6571105876108971,1.5
2,0.74,0.05647561340091732,SARS-CoV-2 (pre-Omicron),0.6376375524734903,0.276257976221131,0.9703993862841243,0.3601201879792381,0.3126633813796085,0.05687287522030939,0.6398798120207618,1.5
2,0.75,0.05371107143028766,SARS-CoV-2 (pre-Omicron),0.6376375524734903,0.2600119001316853,0.971034056694088,0.37821499297885874,0.3081675186184673,0.0634626288697736,0.6217850070211413,1.5
2,0.76,0.051007116790392444,SARS-CoV-2 (pre-Omicron),0.6376375524734903,0.24415782217419776,0.9716916901298192,0.39720766592510964,0.3024215068090933,0.07097730767187731,0.6027923340748904,1.5
2,0.77,0.048361650339924414,SARS-CoV-2 (pre-Omicron),0.6376375524734903,0.2287454414678437,0.9723720834669659,0.41713052681330137,0.2954644891326523,0.07955950426478337,0.5828694731866986,1.5
2,0.78,0.045772671702563585,SARS-CoV-2 (pre-Omicron),0.6376375524734903,0.213821125785056,0.9730748481271435,0.43801356558517407,0.28736290026439587,0.0893736493799395,0.561986434414826,1.5
2,0.79,0.043238273426090296,SARS-CoV-2 (pre-Omicron),0.6376375524734903,0.19942717255127,0.9737993899949121,0.45988344030119305,0.2782095492309049,0.10060880302969452,0.5401165596988069,1.5
2,0.8,0.04075663555576686,SARS-CoV-2 (pre-Omicron),0.6376375524734903,0.18560115524838883,0.9745448905185276,0.48276224615400515,0.2681212957157275,0.11348152586162502,0.5172377538459949,1.5
2,0.81,0.038326020587842645,SARS-CoV-2 (pre-Omicron),0.6376375524734903,0.1723753820759747,0.9753102898590899,0.5066660088463447,0.25723541459283134,0.12823868914802303,0.4933339911536553,1.5
2,0.8200000000000001,0.035944768772236284,SARS-CoV-2 (pre-Omicron),0.6376375524734903,0.15977648992975518,0.9760942730569858,0.5316028467337602,0.2457048754094419,0.14516000160180356,0.46839715326623976,1.5
2,0.8300000000000001,0.03361129373631018,SARS-CoV-2 (pre-Omicron),0.6376375524734903,0.14782519166778454,0.97689526025598306,0.5575707352295282,0.23369287420240858,0.16455991824288474,0.44242926477047184,1.5
2,0.8400000000000001,0.03132407840422051,SARS-CoV-2 (pre-Omicron),0.6376375524734903,0.13653618871069637,0.977711402049038,0.5845547939374711,0.22136702739973332,0.1867884392391658,0.4154452060625289,1.5
2,0.8500000000000001,0.029081671188629428,SARS-CoV-2 (pre-Omicron),0.6376375524734903,0.12591825487891523,0.9785405809709828,0.6125240014014349,0.20889366141213148,0.21223008955074624,0.3874759985985651,1.5
2,0.86,0.02688268243363976,SARS-CoV-2 (pre-Omicron),0.6376375524734903,0.11597449175243672,0.9793804200489162,0.6414272237389007,0.19643260570393134,0.24130007285474225,0.3585727762610993,1.5
2,0.87,0.02472578108967637,SARS-CoV-2 (pre-Omicron),0.6376375524734903,0.10670275161201873,0.9802282991226494,0.671188421163916,0.18413282961611713,0.2744361886441921,0.32881157883608403,1.5
2,0.88,0.022609691602721978,SARS-CoV-2 (pre-Omicron),0.6376375524734903,0.09809622219361372,0.9810813793627636,0.7017008697865451,0.17212916907615006,0.3120845541270519,0.2982991302134549,1.5
2,0.89,0.020533191001830015,SARS-CoV-2 (pre-Omicron),0.6376375524734903,0.09014416932251174,0.9819366360490546,0.7328202042478029,0.16054028751714225,0.35467643616183975,0.2671797957521971,1.5
2,0.9,0.01849510617021116,SARS-CoV-2 (pre-Omicron),0.6376375524734903,0.0828328407707717,0.9827908992436067,0.7643560486871055,0.14946792542000925,0.4025925123076778,0.2356439513128945,1.5
2,0.91,0.0164943112864286,SARS-CoV-2 (pre-Omicron),0.6376375524734903,0.07614655027253567,0.9836409015267638,0.7960619580195315,0.13899743313691487,0.4561095651661651,0.2039380419804685,1.5
2,0.9199999999999999,0.014529725423360663,SARS-CoV-2 (pre-Omicron),0.6376375524734903,0.07006898969369335,0.9844833314959613,0.8276233370573486,0.1291995694881641,0.515322868004749,0.17237666294265142,1.5
2,0.9299999999999999,0.012600310293609777,SARS-CoV-2 (pre-Omicron),0.6376375524734903,0.06458486986409645,0.9853148912977286,0.8586429398913318,0.120133605046619,0.5800352093805051,0.14135706010866822,1.5
2,0.94,0.010705068130959072,SARS-CoV-2 (pre-Omicron),0.6376375524734903,0.05968208695702663,0.9861323561145942,0.8886234740547693,0.11185192965441687,0.6496004586125169,0.11137652594523073,1.5
2,0.95,0.008843039698319205,SARS-CoV-2 (pre-Omicron),0.6376375524734903,0.05535479552342329,0.9869326332997347,0.916946740817464,0.10440670398370054,0.7227055715150519,0.08305325918253603,1.5
2,0.96,0.0070133024133719225,SARS-CoV-2 (pre-Omicron),0.6376375524734903,0.051608141702979046,0.9877128187722491,0.9428486314970201,0.09785979057125326,0.7970696928372792,0.05715136850297986,1.5
2,0.97,0.00521496858381341,SARS-CoV-2 (pre-Omicron),0.6376375524734903,0.048466215899150844,0.9884702483701812,0.9653891663404225,0.09229868595105019,0.8690321643114169,0.03461083365957751,1.5
2,0.98,0.003447183744732715,SARS-CoV-2 (pre-Omicron),0.6376375524734903,0.04598667455166372,0.9892025421052784,0.9834166030281026,0.08786461099770827,0.9329923294728757,0.01658339697189737,1.5
2,0.99,0.0017091250912418794,SARS-CoV-2 (pre-Omicron),0.6376375524734903,0.04429037511041336,0.9899076396539437,0.9955244510534853,0.08480769894657623,0.980652444325651,0.004475548946514696,1.5
3,0.5,0.14907273144306948,SARS-CoV-2 (pre-Omicron),0.6376375524734903,0.7829196630688141,0.9290843696457837,0.07624923022183328,0.13896457867763912,0.007421136846082668,0.9237507697781667,1.5
3,0.51,0.14379711590616773,SARS-CoV-2 (pre-Omicron),0.6376375524734903,0.7716458281567041,0.9293688836971826,0.08043936142014958,0.14569129570312592,0.00794333316972858,0.9195606385798504,1.5
3,0.52,0.13869065960834395,SARS-CoV-2 (pre-Omicron),0.6376375524734903,0.7598825938213315,0.9296687493838158,0.08486663676839826,0.1526812401626999,0.008510256933868426,0.9151333632316018,1.5
3,0.53,0.1337448391639878,SARS-CoV-2 (pre-Omicron),0.6376375524734903,0.7476200083825429,0.9299848752164733,0.0895465224858932,0.15993657037885567,0.00912683052043507,0.9104534775141068,1.5
3,0.54,0.12895171102262742,SARS-CoV-2 (pre-Omicron),0.6376375524734903,0.7348496521835963,0.9303182208501828,0.09449557113818824,0.16745749690498976,0.009798625024401606,0.9055044288618117,1.5
3,0.55,0.1243038621670018,SARS-CoV-2 (pre-Omicron),0.6376375524734903,0.7215649251008568,0.9306697986995923,0.09973149669908161,0.17524184456607497,0.010531957537495449,0.9002685033009183,1.5
3,0.56,0.11979436581121396,SARS-CoV-2 (pre-Omicron),0.6376375524734903,0.7077613558794922,0.931040675302645,0.10527325354952896,0.18328454854433807,0.011334004378791299,0.894726746450471,1.5
3,0.5700000000000001,0.11541674151280147,SARS-CoV-2 (pre-Omicron),0.6376375524734903,0.6934369309193193,0.9314319723523521,0.11114111927423577,0.19157707976230198,0.012212933030191438,0.8888588807257642,1.5
3,0.58,0.11116491919022436,SARS-CoV-2 (pre-Omicron),0.6376375524734903,0.6785924389637041,0.9318448673019445,0.11735678100676805,0.20010679639906273,0.013178056018741795,0.882643218993232,1.5
3,0.59,0.1070332066035005,SARS-CoV-2 (pre-Omicron),0.6376375524734903,0.6632318267962724,0.9322805934324162,0.12394342493444582,0.208856220918845,0.014240010552783698,0.8760565750655542,1.5
3,0.6,0.10301625991236055,SARS-CoV-2 (pre-Omicron),0.6376375524734903,0.6473625595418313,0.9327404392534857,0.13092582839834527,0.21780224578810553,0.0154109683763143,0.8690741716016548,1.5
3,0.61,0.09910905697486692,SARS-CoV-2 (pre-Omicron),0.6376375524734903,0.630995977532136,0.9332257470894173,0.13833045380331757,0.2269152764414215,0.016704881067267023,0.8616695461966825,1.5
3,0.62,0.09530687309121269,SARS-CoV-2 (pre-Omicron),0.6376375524734903,0.6141476399871968,0.9337379106801889,0.14618554327813887,0.2361583273768142,0.01813776688222198,0.8538144567218611,1.5
3,0.63,0.09160525893342643,SARS-CoV-2 (pre-Omicron),0.6376375524734903,0.5968376440549459,0.9342783716065913,0.15452121268479865,0.24548609684454153,0.01972804625274666,0.8454787873152013,1.5
3,0.64,0.08800002043283231,SARS-CoV-2 (pre-Omicron),0.6376375524734903,0.5790909061477506,0.9348486143256414,0.1633695431539878,0.2548440576759631,0.021496934175093196,0.8366304568460122,1.5
3,0.65,0.08448720042408026,SARS-CoV-2 (pre-Omicron),0.6376375524734903,0.560937391140695,0.935450159581098,0.17276466780353641,0.26416761642581316,0.023468899008672425,0.8272353321964636,1.5
3,0.66,0.08106306186797753,SARS-CoV-2 (pre-Omicron),0.6376375524734903,0.5424122740035361,0.9360845559341736,0.18274285065656742,0.27338140988516907,0.02567219860521716,0.8172571493434326,1.5
3,0.67,0.07772407249573497,SARS-CoV-2 (pre-Omicron),0.6376375524734903,0.5235560179930215,0.9367533691434143,0.19334255399078104,0.2823988263664756,0.028139506213305063,0.806657446009219,1.5
3,0.6799999999999999,0.07446689073501914,SARS-CoV-2 (pre-Omicron),0.6376375524734903,0.504414353808547,0.9374581691123349,0.20460448938838866,0.2911218574553614,0.030908640206927754,0.7953955106116113,1.5
3,0.69,0.071288352793744,SARS-CoV-2 (pre-Omicron),0.6376375524734903,0.4850381452780007,0.9382005141214496,0.21657164658007153,0.2994414017478538,0.03402341330973009,0.7834283534199284,1.5
3,0.7,0.06818546079114812,SARS-CoV-2 (pre-Omicron),0.6376375524734903,0.46548312933116687,0.9389819320710491,0.22928929274040033,0.307238151994287,0.037534618526434596,0.7707107072595997,1.5
3,0.71,0.06515537183765269,SARS-CoV-2 (pre-Omicron),0.6376375524734903,0.44580952132531543,0.9398038984862285,0.24280493314119145,0.3143841966052272,0.041501170291230335,0.7571950668588086,1.5
3,0.72,0.06219538797550235,SARS-CoV-2 (pre-Omicron),0.6376375524734903,0.4260814812291132,0.9406678110804636,0.2571682219366634,0.32074545051428976,0.04599142016115967,0.7428317780633367,1.5
3,0.73,0.0593029469014501,SARS-CoV-2 (pre-Omicron),0.6376375524734903,0.4063664416702767,0.9415749607429661,0.27243080925924695,0.3261849938503307,0.05108466637094758,0.7275691907407531,1.5
3,0.74,0.05647561340091732,SARS-CoV-2 (pre-Omicron),0.6376375524734903,0.3867343052228678,0.94252649891258,0.28864610765006193,0.3305673358884763,0.05687287522030939,0.7113538923499381,1.5
3,0.75,0.05371107143028766,SARS-CoV-2 (pre-Omicron),0.6376375524734903,0.3672565252493058,0.9435234014311427,0.30586895701534267,0.3337635353133727,0.0634626288697736,0.6941310429846573,1.5
3,0.76,0.051007116790392444,SARS-CoV-2 (pre-Omicron),0.6376375524734903,0.34800509170886224,0.9445664291350105,0.32415516264704003,0.33565699957365763,0.07097730767187731,0.67584483735296,1.5
3,0.77,0.048361650339924414,SARS-CoV-2 (pre-Omicron),0.6376375524734903,0.32905145010327047,0.9456560856460632,0.34356087520000284,0.3361496658044054,0.07955950426478337,0.6564391247999972,1.5
3,0.78,0.045772671702563585,SARS-CoV-2 (pre-Omicron),0.6376375524734903,0.3104653876120773,0.946792573061483,0.36414177467127806,0.3351681498204497,0.0893736493799395,0.6358582253287219,1.5
3,0.79,0.043238273426090296,SARS-CoV-2 (pre-Omicron),0.6376375524734903,0.2923139249485964,0.947975746509882,0.38595201212735286,0.3326693597296831,0.10060880302969452,0.6140479878726471,1.5
3,0.8,0.04075663555576686,SARS-CoV-2 (pre-Omicron),0.6376375524734903,0.2746602550919517,0.9492050688302436,0.40904285286827685,0.32864503028959735,0.11348152586162502,0.5909571471317232,1.5
3,0.81,0.038326020587842645,SARS-CoV-2 (pre-Omicron),0.6376375524734903,0.25756277051551374,0.9504795669246652,0.43346095253585465,0.3231246630794154,0.12823868914802303,0.5665390474641454,1.5
3,0.8200000000000001,0.035944768772236284,SARS-CoV-2 (pre-Omicron),0.6376375524734903,0.2410742187339966,0.9517977916152917,0.4592461829220094,0.3161764657796587,0.14516000160180356,0.5407538170779906,1.5
3,0.8300000000000001,0.03361129373631018,SARS-CoV-2 (pre-Omicron),0.6376375524734903,0.22524102207459065,0.9531577830739119,0.486428906376256,0.3079060661655611,0.16455991824288474,0.513571093623744,1.5
3,0.8400000000000001,0.03132407840422051,SARS-CoV-2 (pre-Omicron),0.6376375524734903,0.2101027919570309,0.9545570440588246,0.5150265760991924,0.2984530108346695,0.1867884392391658,0.48497342390080755,1.5
3,0.8500000000000001,0.029081671188629428,SARS-CoV-2 (pre-Omicron),0.6376375524734903,0.19569206133443043,0.9559925232549092,0.5450395134587159,0.28798530946176165,0.21223008955074624,0.45496048654128407,1.5
3,0.86,0.02688268243363976,SARS-CoV-2 (pre-Omicron),0.6376375524734903,0.18203425226411185,0.9574606109374436,0.5764456818308382,0.2766925107601246,0.24130007285474225,0.4235543181691618,1.5
3,0.87,0.02472578108967637,SARS-CoV-2 (pre-Omicron),0.6376375524734903,0.16914789008817607,0.9589571489414528,0.6091942382050084,0.2647779589477303,0.2744361886441921,0.3908057617949916,1.5
3,0.88,0.022609691602721978,SARS-CoV-2 (pre-Omicron),0.6376375524734903,0.15704507298979908,0.9604774564996412,0.6431975975248321,0.2524509561210753,0.3120845541270519,0.3568024024751679,1.5
3,0.89,0.020533191001830015,SARS-CoV-2 (pre-Omicron),0.6376375524734903,0.14573220785435914,0.9620163729116193,0.6783216887937348,0.23991954348011052,0.35467643616183975,0.3216783112062652,1.5
3,0.9,0.01849510617021116,SARS-CoV-2 (pre-Omicron),0.6376375524734903,0.1352110334475589,0.963568317242463,0.7143740143510793,0.22738453083365465,0.4025925123076778,0.2856259856489207,1.5
3,0.91,0.0164943112864286,SARS-CoV-2 (pre-Omicron),0.6376375524734903,0.12547997482134335,0.9651273643579991,0.7510890419921079,0.21503528477510378,0.4561095651661651,0.2489109580078921,1.5
3,0.9199999999999999,0.014529725423360663,SARS-CoV-2 (pre-Omicron),0.6376375524734903,0.11653591724055086,0.96668733564647,0.7881103608385973,0.20304767954635203,0.515322868004749,0.2118896391614027,1.5
3,0.9299999999999999,0.012600310293609777,SARS-CoV-2 (pre-Omicron),0.6376375524734903,0.10837657033505786,0.9682419018269515,0.8249689125371725,0.191584580446425,0.5800352093805051,0.17503108746282747,1.5
3,0.94,0.010705068130959072,SARS-CoV-2 (pre-Omicron),0.6376375524734903,0.1010037471758721,0.969784694389149,0.8610564652136056,0.18079934789232602,0.6496004586125169,0.13894353478639443,1.5
3,0.95,0.008843039698319205,SARS-CoV-2 (pre-Omicron),0.6376375524734903,0.09442818050185167,0.9713094215318188,0.8955933235149,0.17084325474951964,0.7227055715150519,0.10440667648510005,1.5
3,0.96,0.0070133024133719225,SARS-CoV-2 (pre-Omicron),0.6376375524734903,0.08867710322058756,0.9728099840414856,0.9275890578457965,0.16187867663047414,0.7970696928372792,0.07241094215420352,1.5
3,0.97,0.00521496858381341,SARS-CoV-2 (pre-Omicron),0.6376375524734903,0.08380713255112121,0.9742805864309401,0.955794782107185,0.15410210171083563,0.8690321643114169,0.04420521789281495,1.5
3,0.98,0.003447183744732715,SARS-CoV-2 (pre-Omicron),0.6376375524734903,0.07992807903293869,0.9757158388596461,0.9786452029050291,0.14778614283518868,0.9329923294728757,0.0213547970949709,1.5
3,0.99,0.0017091250912418794,SARS-CoV-2 (pre-Omicron),0.6376375524734903,0.07725128405124101,0.977110845873079,0.994188293527607,0.1433628622106183,0.980652444325651,0.005811706472393041,1.5
4,0.5,0.14907273144306948,SARS-CoV-2 (pre-Omicron),0.6376375524734903,0.8640142232184389,0.8860573140440221,0.05365256223191665,0.1010313931276011,0.007421136846082668,0.9463474377680834,1.5
4,0.51,0.14379711590616773,SARS-CoV-2 (pre-Omicron),0.6376375524734903,0.855104519290202,0.8863807954168248,0.056835687210274266,0.10658692893248255,0.00794333316972858,0.9431643127897258,1.5
4,0.52,0.13869065960834395,SARS-CoV-2 (pre-Omicron),0.6376375524734903,0.8456820000221241,0.8867238928498657,0.0602211291239242,0.1124356971128207,0.008510256933868426,0.9397788708760758,1.5
4,0.53,0.1337448391639878,SARS-CoV-2 (pre-Omicron),0.6376375524734903,0.8357266039074362,0.8870879363280816,0.06382390147103824,0.11859107877899926,0.00912683052043507,0.9361760985289618,1.5
4,0.54,0.12895171102262742,SARS-CoV-2 (pre-Omicron),0.6376375524734903,0.8252190318347468,0.8874743456853394,0.06766023609122795,0.1250662133764373,0.009798625024401606,0.932339763908772,1.5
4,0.55,0.1243038621670018,SARS-CoV-2 (pre-Omicron),0.6376375524734903,0.8141410510268784,0.8878846352396358,0.07174768422492013,0.13187375054953884,0.010531957537495449,0.9282523157750798,1.5
4,0.56,0.11979436581121396,SARS-CoV-2 (pre-Omicron),0.6376375524734903,0.8024758357382578,0.8883204182896507,0.07610522511665091,0.13902554209421636,0.011334004378791299,0.923894774883349,1.5
4,0.5700000000000001,0.11541674151280147,SARS-CoV-2 (pre-Omicron),0.6376375524734903,0.7902083446061176,0.8887834113653778,0.0807533824394886,0.14653226353656207,0.012212933030191438,0.9192466175605114,1.5
4,0.58,0.11116491919022436,SARS-CoV-2 (pre-Omicron),0.6376375524734903,0.777325733370968,0.8892754381014685,0.08571434874260747,0.15440295387808894,0.013178056018741795,0.9142856512573925,1.5
4,0.59,0.1070332066035005,SARS-CoV-2 (pre-Omicron),0.6376375524734903,0.7638178002281353,0.8897984325742221,0.09101211801856349,0.16264446130202126,0.014240010552783698,0.9089878819814365,1.5
4,0.6,0.10301625991236055,SARS-CoV-2 (pre-Omicron),0.6376375524734903,0.7496774593372008,0.8903544419116238,0.09667262634300575,0.17126078234170142,0.0154109683763143,0.9033273736569942,1.5
4,0.61,0.09910905697486692,SARS-CoV-2 (pre-Omicron),0.6376375524734903,0.7349012360083933,0.8909456279503994,0.10272390034742328,0.1802522824502631,0.016704881067267023,0.8972760996525767,1.5
4,0.62,0.09530687309121269,SARS-CoV-2 (pre-Omicron),0.6376375524734903,0.7194897748351805,0.8915742676748,0.10919621303273999,0.18961478745385182,0.01813776688222198,0.89080378696726,1.5
4,0.63,0.09160525893342643,SARS-CoV-2 (pre-Omicron),0.6376375524734903,0.7034483496087207,0.8922427521290788,0.11612224610294286,0.19933853850147432,0.01972804625274666,0.8838777538970571,1.5
4,0.64,0.08800002043283231,SARS-CoV-2 (pre-Omicron),0.6376375524734903,0.6867873613236548,0.8929535834500525,0.12353725757470323,0.20940700844122664,0.021496934175093196,0.8764627424252968,1.5
4,0.65,0.08448720042408026,SARS-CoV-2 (pre-Omicron),0.6376375524734903,0.6695228080942943,0.8937093696188297,0.13147925287807333,0.2197955857596831,0.023468899008672425,0.8685207471219267,1.5
4,0.66,0.08106306186797753,SARS-CoV-2 (pre-Omicron),0.6376375524734903,0.6516767085119072,0.8945128164834149,0.1399891569764257,0.23047014409161296,0.02567219860521716,0.8600108430235743,1.5
4,0.67,0.07772407249573497,SARS-CoV-2 (pre-Omicron),0.6376375524734903,0.6332774580904481,0.8953667165588163,0.14911098416601615,0.2413855316003413,0.028139506213305063,0.8508890158339839,1.5
4,0.6799999999999999,0.07446689073501914,SARS-CoV-2 (pre-Omicron),0.6376375524734903,0.6143600972013542,0.896273934071677,0.15889200112405827,0.2524840358441896,0.030908640206927754,0.8411079988759418,1.5
4,0.69,0.071288352793744,SARS-CoV-2 (pre-Omicron),0.6376375524734903,0.5949664685356195,0.8972373856864866,0.1693828774065079,0.2636939062902844,0.03402341330973009,0.8306171225934921,1.5
4,0.7,0.06818546079114812,SARS-CoV-2 (pre-Omicron),0.6376375524734903,0.5751452428970523,0.8982600163353416,0.18063781588847927,0.2749280479044294,0.037534618526434596,0.8193621841115207,1.5
4,0.71,0.06515537183765269,SARS-CoV-2 (pre-Omicron),0.6376375524734903,0.554951794238373,0.8993447695793666,0.19271465351240136,0.2860830335892861,0.041501170291230335,0.8072853464875986,1.5
4,0.72,0.06219538797550235,SARS-CoV-2 (pre-Omicron),0.6376375524734903,0.5344479084551089,0.9004945519647438,0.20567492006507432,0.29703861741498244,0.04599142016115967,0.7943250799349257,1.5
4,0.73,0.0593029469014501,SARS-CoV-2 (pre-Omicron),0.6376375524734903,0.5137013156113077,0.9017121909081792,0.21958383942629195,0.3076579593227532,0.05108466637094758,0.7804161605737081,1.5
4,0.74,0.05647561340091732,SARS-CoV-2 (pre-Omicron),0.6376375524734903,0.4927850419227324,0.9030003857645197,0.2345102536739495,0.3177887878216465,0.05687287522030939,0.7654897463260505,1.5
4,0.75,0.05371107143028766,SARS-CoV-2 (pre-Omicron),0.6376375524734903,0.47177658575821346,0.904361651902007,0.2505264454163059,0.32726572078330135,0.0634626288697736,0.7494735545836941,1.5
4,0.76,0.051007116790392444,SARS-CoV-2 (pre-Omicron),0.6376375524734903,0.45075693077380874,0.9057982578463425,0.2677078275348673,0.3359139255982731,0.07097730767187731,0.7322921724651327,1.5
4,0.77,0.048361650339924414,SARS-CoV-2 (pre-Omicron),0.6376375524734903,0.42980941855773064,0.9073121558592218,0.2861324618963867,0.3435542197927324,0.07955950426478337,0.7138675381036133,1.5
4,0.78,0.045772671702563585,SARS-CoV-2 (pre-Omicron),0.6376375524734903,0.40901851221332236,0.9089049066926168,0.3058803592063697,0.35000958720053105,0.0893736493799395,0.6941196407936303,1.5
4,0.79,0.043238273426090296,SARS-CoV-2 (pre-Omicron),0.6376375524734903,0.3884684904603489,0.9105775997037677,0.3270325006341623,0.35511291649921717,0.10060880302969452,0.6729674993658377,1.5
4,0.8,0.04075663555576686,SARS-CoV-2 (pre-Omicron),0.6376375524734903,0.3682421184239419,0.9123307700173693,0.3496695076588728,0.358715573255549,0.11348152586162502,0.6503304923411273,1.5
4,0.81,0.038326020587842645,SARS-CoV-2 (pre-Omicron),0.6376375524734903,0.34841934573898636,0.914164314961575,0.37386986917735276,0.36069622118165434,0.12823868914802303,0.6261301308226472,1.5
4,0.8200000000000001,0.035944768772236284,SARS-CoV-2 (pre-Omicron),0.6376375524734903,0.32907608454861975,0.9160774125537072,0.39970761356187173,0.3609691511383712,0.14516000160180356,0.6002923864381282,1.5
4,0.8300000000000001,0.03361129373631018,SARS-CoV-2 (pre-Omicron),0.6376375524734903,0.3102831193122244,0.9180684453297666,0.42724928717995786,0.3594912993196778,0.16455991824288474,0.5727507128200422,1.5
4,0.8400000000000001,0.03132407840422051,SARS-CoV-2 (pre-Omicron),0.6376375524734903,0.2921051972897568,0.9201349332488733,0.4565500688237279,0.35626717385887363,0.1867884392391658,0.5434499311762722,1.5
4,0.8500000000000001,0.029081671188629428,SARS-CoV-2 (pre-Omicron),0.6376375524734903,0.2746003437460348,0.9222734797022794,0.487648810238977,0.351351077843508,0.21223008955074624,0.512351189761023,1.5
4,0.86,0.02688268243363976,SARS-CoV-2 (pre-Omicron),0.6376375524734903,0.2578194403509918,0.9244797347564249,0.520561744908667,0.34484630482356043,0.24130007285474225,0.479438255091333,1.5
4,0.87,0.02472578108967637,SARS-CoV-2 (pre-Omicron),0.6376375524734903,0.2418061004416983,0.9267483796044007,0.5552745484990472,0.33690134975804875,0.2744361886441921,0.4447254515009528,1.5
4,0.88,0.022609691602721978,SARS-CoV-2 (pre-Omicron),0.6376375524734903,0.22659687285185626,0.9290731357457995,0.5917323625665444,0.3277035626235791,0.3120845541270519,0.4082676374334556,1.5
4,0.89,0.020533191001830015,SARS-CoV-2 (pre-Omicron),0.6376375524734903,0.21222180986521189,0.9314468016378836,0.6298273053865759,0.31747100787986937,0.35467643616183975,0.37017269461342406,1.5
4,0.9,0.01849510617021116,SARS-CoV-2 (pre-Omicron),0.6376375524734903,0.1987054489560161,0.9338613184669756,0.6693828866177965,0.30644353012978265,0.4025925123076778,0.33061711338220345,1.5
4,0.91,0.0164943112864286,SARS-CoV-2 (pre-Omicron),0.6376375524734903,0.18606828957909344,0.9363078653188573,0.7101346117208602,0.29487414598223843,0.4561095651661651,0.28986538827913977,1.5
4,0.9199999999999999,0.014529725423360663,SARS-CoV-2 (pre-Omicron),0.6376375524734903,0.17432890815078794,0.9387769824588208,0.7517059024601624,0.2830219074376409,0.515322868004749,0.24829409753983755,1.5
4,0.9299999999999999,0.012600310293609777,SARS-CoV-2 (pre-Omicron),0.6376375524734903,0.16350697077585327,0.9412587197778649,0.7935782651736049,0.27114738236113606,0.5800352093805051,0.20642173482639514,1.5
4,0.94,0.010705068130959072,SARS-CoV-2 (pre-Omicron),0.6376375524734903,0.15362762314622774,0.9437428058582558,0.835054401201039,0.2595119961627869,0.6496004586125169,0.16494559879896098,1.5
4,0.95,0.008843039698319205,SARS-CoV-2 (pre-Omicron),0.6376375524734903,0.1447281649342983,0.9462188317065412,0.875212664693297,0.24838288498474506,0.7227055715150519,0.12478733530670305,1.5
4,0.96,0.0070133024133719225,SARS-CoV-2 (pre-Omicron),0.6376375524734903,0.13686878963840346,0.9486764421348342,0.9128509207901734,0.23804602201447211,0.7970696928372792,0.08714907920982662,1.5
4,0.97,0.00521496858381341,SARS-CoV-2 (pre-Omicron),0.6376375524734903,0.13015107016473074,0.9511055271549443,0.9464174282872229,0.22883307711726,0.8690321643114169,0.05358257171277714,1.5
4,0.98,0.003447183744732715,SARS-CoV-2 (pre-Omicron),0.6376375524734903,0.12475233533369279,0.9534964056550896,0.9739258489603149,0.221173999514193,0.9329923294728757,0.026074151039685134,1.5
4,0.99,0.0017091250912418794,SARS-CoV-2 (pre-Omicron),0.6376375524734903,0.12099565140703522,0.9558399940720438,0.992850850759695,0.21570411219860564,0.980652444325651,0.007149149240304964,1.5
5,0.5,0.14907273144306948,SARS-CoV-2 (pre-Omicron),0.6376375524734903,0.9165191136513958,0.8321534870911916,0.03922442402277814,0.07522924910657143,0.007421136846082668,0.9607755759772219,1.5
5,0.51,0.14379711590616773,SARS-CoV-2 (pre-Omicron),0.6376375524734903,0.9099162847642236,0.8324947030935902,0.04168202645516213,0.07971253039515179,0.00794333316972858,0.9583179735448378,1.5
5,0.52,0.13869065960834395,SARS-CoV-2 (pre-Omicron),0.6376375524734903,0.90284139226515,0.8328584802091387,0.044309693147128605,0.08447358751509393,0.008510256933868426,0.9556903068528714,1.5
5,0.53,0.1337448391639878,SARS-CoV-2 (pre-Omicron),0.6376375524734903,0.8952681536614282,0.8332465151823564,0.04712135069925097,0.08953037877299024,0.00912683052043507,0.9528786493007491,1.5
5,0.54,0.12895171102262742,SARS-CoV-2 (pre-Omicron),0.6376375524734903,0.8871701275075764,0.8336606356221294,0.05013218767756141,0.09490167390731555,0.009798625024401606,0.9498678123224386,1.5
5,0.55,0.1243038621670018,SARS-CoV-2 (pre-Omicron),0.6376375524734903,0.8785209726795336,0.8341028086735888,0.053358773916106016,0.10060697666842958,0.010531957537495449,0.946641226083894,1.5
5,0.56,0.11979436581121396,SARS-CoV-2 (pre-Omicron),0.6376375524734903,0.8692947533741199,0.8345751498332197,0.056819190635381954,0.10666640887936933,0.011334004378791299,0.943180809364618,1.5
5,0.5700000000000001,0.11541674151280147,SARS-CoV-2 (pre-Omicron),0.6376375524734903,0.8594662924298027,0.8350799317909486,0.06053317212489788,0.11310054629299782,0.012212933030191438,0.9394668278751022,1.5
5,0.58,0.11116491919022436,SARS-CoV-2 (pre-Omicron),0.6376375524734903,0.8490115746499405,0.8356195931496073,0.06452225971808956,0.11993019472808862,0.013178056018741795,0.9354777402819104,1.5
5,0.59,0.1070332066035005,SARS-CoV-2 (pre-Omicron),0.6376375524734903,0.8379082005668659,0.8361967468328235,0.06880996874116165,0.12717609294841906,0.014240010552783698,0.9311900312588384,1.5
5,0.6,0.10301625991236055,SARS-CoV-2 (pre-Omicron),0.6376375524734903,0.826135889478726,0.8368141879464427,0.07342196903536477,0.13485852660217829,0.0154109683763143,0.9265780309646352,1.5
5,0.61,0.09910905697486692,SARS-CoV-2 (pre-Omicron),0.6376375524734903,0.8136770285970536,0.8374749008055604,0.07838627952369506,0.1429968353703097,0.016704881067267023,0.921613720476305,1.5
5,0.62,0.09530687309121269,SARS-CoV-2 (pre-Omicron),0.6376375524734903,0.8005172627571437,0.838182064778848,0.08373347710405574,0.15160879345828612,0.01813776688222198,0.9162665228959442,1.5
5,0.63,0.09160525893342643,SARS-CoV-2 (pre-Omicron),0.6376375524734903,0.7866461163873372,0.83893905853405,0.08949691988396566,0.16070984197961422,0.01972804625274666,0.9105030801160343,1.5
5,0.64,0.08800002043283231,SARS-CoV-2 (pre-Omicron),0.6376375524734903,0.7720576363640032,0.8397494621937183,0.09571298440488132,0.1703121510232789,0.021496934175093196,0.9042870155951187,1.5
5,0.65,0.08448720042408026,SARS-CoV-2 (pre-Omicron),0.6376375524734903,0.7567510410957672,0.8406170568293762,0.10242131600946174,0.1804234898378274,0.023468899008672425,0.8975786839905383,1.5
5,0.66,0.08106306186797753,SARS-CoV-2 (pre-Omicron),0.6376375524734903,0.7407313578311066,0.8415458206370893,0.10966509084808282,0.19104588636685807,0.02567219860521716,0.8903349091519172,1.5
5,0.67,0.07772407249573497,SARS-CoV-2 (pre-Omicron),0.6376375524734903,0.7240100269678041,0.8425399210505793,0.11749128715845397,0.20217406332252316,0.028139506213305063,0.8825087128415461,1.5
5,0.6799999999999999,0.07446689073501914,SARS-CoV-2 (pre-Omicron),0.6376375524734903,0.7066054493108203,0.8436037019634642,0.12595096233049857,0.21379364829638478,0.030908640206927754,0.8740490376695014,1.5
5,0.69,0.071288352793744,SARS-CoV-2 (pre-Omicron),0.6376375524734903,0.6885434500692773,0.8447416651553838,0.13509953082078385,0.2258791714671326,0.03402341330973009,0.8649004691792161,1.5
5,0.7,0.06818546079114812,SARS-CoV-2 (pre-Omicron),0.6376375524734903,0.669857632222056,0.8459584449548037,0.14499703612349105,0.2383918877070477,0.037534618526434596,0.855002963876509,1.5
5,0.71,0.06515537183765269,SARS-CoV-2 (pre-Omicron),0.6376375524734903,0.6505895920353634,0.8472587751332437,0.1557084076347897,0.25127749155035844,0.041501170291230335,0.8442915923652103,1.5
5,0.72,0.06219538797550235,SARS-CoV-2 (pre-Omicron),0.6376375524734903,0.6307889712740973,0.8486474470226137,0.1673036902363165,0.2644638341989047,0.04599142016115967,0.8326963097636835,1.5
5,0.73,0.0593029469014501,SARS-CoV-2 (pre-Omicron),0.6376375524734903,0.6105133242314018,0.8501292578922046,0.17985823061223516,0.2778588009361677,0.05108466637094758,0.8201417693877648,1.5
5,0.74,0.05647561340091732,SARS-CoV-2 (pre-Omicron),0.6376375524734903,0.5898277832158058,0.8517089487292634,0.19345279950629396,0.2913485624605915,0.05687287522030939,0.806547200493706,1.5
5,0.75,0.05371107143028766,SARS-CoV-2 (pre-Omicron),0.6376375524734903,0.5688045135415526,0.8533911307524324,0.20817362307671963,0.30479646936194466,0.0634626288697736,0.7918263769232804,1.5
5,0.76,0.051007116790392444,SARS-CoV-2 (pre-Omicron),0.6376375524734903,0.547521958146201,0.855180200265914,0.22411228891663681,0.3180429063104338,0.07097730767187731,0.7758877110833632,1.5
5,0.77,0.048361650339924414,SARS-CoV-2 (pre-Omicron),0.6376375524734903,0.5260638823030583,0.8570802418475557,0.24136548280378292,0.33090644875188713,0.07955950426478337,0.7586345171962171,1.5
5,0.78,0.045772671702563585,SARS-CoV-2 (pre-Omicron),0.6376375524734903,0.5045182399216667,0.8590949203656155,0.2600345003662503,0.34318665418499694,0.0893736493799395,0.7399654996337497,1.5
5,0.79,0.043238273426090296,SARS-CoV-2 (pre-Omicron),0.6376375524734903,0.4829758939197216,0.8612273629397191,0.2802244630339255,0.35466875584861424,0.10060880302969452,0.7197755369660745,1.5
5,0.8,0.04075663555576686,SARS-CoV-2 (pre-Omicron),0.6376375524734903,0.46152923332035223,0.8634800326947262,0.30204314918926,0.36513039567202804,0.11348152586162502,0.69795685081074,1.5
5,0.81,0.038326020587842645,SARS-CoV-2 (pre-Omicron),0.6376375524734903,0.4402707383208671,0.8658545969824668,0.32559932847465145,0.37435033162769416,0.12823868914802303,0.6744006715253485,1.5
5,0.8200000000000001,0.035944768772236284,SARS-CoV-2 (pre-Omicron),0.6376375524734903,0.4192915509666784,0.8683517936306671,0.3510004586961898,0.38211879357583667,0.14516000160180356,0.6489995413038102,1.5
5,0.8300000000000001,0.03361129373631018,SARS-CoV-2 (pre-Omicron),0.6376375524734903,0.3986801128646587,0.8709712996687433,0.37834956937927705,0.3882488725188011,0.16455991824288474,0.6216504306207229,1.5
5,0.8400000000000001,0.03132407840422051,SARS-CoV-2 (pre-Omicron),0.6376375524734903,0.37852093255129604,0.8737116078070298,0.40774111217448816,0.39258806158859355,0.1867884392391658,0.5922588878255118,1.5
5,0.8500000000000001,0.029081671188629428,SARS-CoV-2 (pre-Omicron),0.6376375524734903,0.3588935441056855,0.8765699166249623,0.4392555040077055,0.39502888583000156,0.21223008955074624,0.5607444959922945,1.5
5,0.86,0.02688268243363976,SARS-CoV-2 (pre-Omicron),0.6376375524734903,0.3398717163177407,0.8795420408606456,0.4729520216910801,0.3955175220198806,0.24130007285474225,0.5270479783089199,1.5
5,0.87,0.02472578108967637,SARS-CoV-2 (pre-Omicron),0.6376375524734903,0.32152296979457606,0.8826223482939356,0.5088596236821891,0.3940594581344045,0.2744361886441921,0.49114037631781093,1.5
5,0.88,0.022609691602721978,SARS-CoV-2 (pre-Omicron),0.6376375524734903,0.3039084602745022,0.8858037293930253,0.5469651721423161,0.3907215759346021,0.3120845541270519,0.4530348278576839,1.5
5,0.89,0.020533191001830015,SARS-CoV-2 (pre-Omicron),0.6376375524734903,0.28708329383537823,0.8890776050901356,0.5871984019182315,0.3856305174323676,0.35467643616183975,0.41280159808176853,1.5
5,0.9,0.01849510617021116,SARS-CoV-2 (pre-Omicron),0.6376375524734903,0.27109735943942487,0.8924339767428027,0.6294128270601158,0.3789677406683902,0.4025925123076778,0.3705871729398842,1.5
5,0.91,0.0164943112864286,SARS-CoV-2 (pre-Omicron),0.6376375524734903,0.2559968059838198,0.8958615205506808,0.6733615832606661,0.3709621962461049,0.4561095651661651,0.3266384167393339,1.5
5,0.9199999999999999,0.014529725423360663,SARS-CoV-2 (pre-Omicron),0.6376375524734903,0.24182637183182193,0.8993477265175522,0.7186669679172818,0.36188200004012533,0.515322868004749,0.2813330320827182,1.5
5,0.9299999999999999,0.012600310293609777,SARS-CoV-2 (pre-Omicron),0.6376375524734903,0.2286329270923189,0.9028790796142818,0.7647821483002208,0.35202683245920974,0.5800352093805051,0.23521785169977916,1.5
5,0.94,0.010705068130959072,SARS-CoV-2 (pre-Omicron),0.6376375524734903,0.21647087789148373,0.9064412782977438,0.8109431502307287,0.3417231434368732,0.6496004586125169,0.18905684976927128,1.5
5,0.95,0.008843039698319205,SARS-CoV-2 (pre-Omicron),0.6376375524734903,0.2054106466023619,0.9100194831893285,0.8561087996769683,0.3313248056264877,0.7227055715150519,0.1438912003230317,1.5
5,0.96,0.0070133024133719225,SARS-CoV-2 (pre-Omicron),0.6376375524734903,0.19555259822235738,0.9135985867347741,0.8988857493772735,0.3212231080559332,0.7970696928372792,0.1011142506227265,1.5
5,0.97,0.00521496858381341,SARS-CoV-2 (pre-Omicron),0.6376375524734903,0.18705130074870432,0.9171634932509984,0.9374350595682112,0.3118729643110199,0.8690321643114169,0.06256494043178884,1.5
5,0.98,0.003447183744732715,SARS-CoV-2 (pre-Omicron),0.6376375524734903,0.18016093038989012,0.9206993980604574,0.9693559887779868,0.303849510877446,0.9329923294728757,0.030644011222013212,1.5
5,0.99,0.0017091250912418794,SARS-CoV-2 (pre-Omicron),0.6376375524734903,0.17532798422156728,0.9241920544925926,0.9915416541188524,0.29796815989766934,0.980652444325651,0.008458345881147578,1.5
6,0.5,0.14907273144306948,SARS-CoV-2 (pre-Omicron),0.6376375524734903,0.9496290648559108,0.7685475910738464,0.029762922777190448,0.057716903714083063,0.007421136846082668,0.9702370772228095,1.5
6,0.51,0.14379711590616773,SARS-CoV-2 (pre-Omicron),0.6376375524734903,0.9449632754285967,0.7688882644454731,0.03170069972061994,0.06134350770294088,0.00794333316972858,0.96829930027938,1.5
6,0.52,0.13869065960834395,SARS-CoV-2 (pre-Omicron),0.6376375524734903,0.9398997918208186,0.7692529760908215,0.0337812226932888,0.06521841075995392,0.008510256933868426,0.9662187773067112,1.5
6,0.53,0.1337448391639878,SARS-CoV-2 (pre-Omicron),0.6376375524734903,0.9344103671937025,0.7696436858498839,0.03601710262675688,0.06936067895305498,0.00912683052043507,0.9639828973732432,1.5
6,0.54,0.12895171102262742,SARS-CoV-2 (pre-Omicron),0.6376375524734903,0.9284657983431369,0.7700625208997158,0.038422196412327775,0.07379075024111958,0.009798625024401606,0.9615778035876722,1.5
6,0.55,0.1243038621670018,SARS-CoV-2 (pre-Omicron),0.6376375524734903,0.9220361023415135,0.7705117888128493,0.04101173709919503,0.07853047517796694,0.010531957537495449,0.958988262900805,1.5
6,0.56,0.11979436581121396,SARS-CoV-2 (pre-Omicron),0.6376375524734903,0.9150907401524477,0.7709939911796696,0.043802477567628215,0.08360313928004681,0.011334004378791299,0.9561975224323718,1.5
6,0.5700000000000001,0.11541674151280147,SARS-CoV-2 (pre-Omicron),0.6376375524734903,0.9075988921204338,0.7715118376938357,0.046812848889594284,0.08903346001220372,0.012212933030191438,0.9531871511104058,1.5
6,0.58,0.11116491919022436,SARS-CoV-2 (pre-Omicron),0.6376375524734903,0.8995297897628599,0.7720682605597589,0.050063134636403335,0.0948475495493879,0.013178056018741795,0.9499368653635967,1.5
6,0.59,0.1070332066035005,SARS-CoV-2 (pre-Omicron),0.6376375524734903,0.8908531074912489,0.7726664290326075,0.05357566242076023,0.1010728323278062,0.014240010552783698,0.9464243375792398,1.5
6,0.6,0.10301625991236055,SARS-CoV-2 (pre-Omicron),0.6376375524734903,0.8815394167024493,0.7733097638431736,0.057375013960314955,0.10773790387728628,0.0154109683763143,0.942624986039685,1.5
6,0.61,0.09910905697486692,SARS-CoV-2 (pre-Omicron),0.6376375524734903,0.8715607030543149,0.7740019511911697,0.06148825491014119,0.114872314516013,0.016704881067267023,0.9385117450898588,1.5
6,0.62,0.09530687309121269,SARS-CoV-2 (pre-Omicron),0.6376375524734903,0.8608909456323419,0.7747469559102133,0.06594518561791643,0.12250625820969269,0.01813776688222198,0.9340548143820836,1.5
6,0.63,0.09160525893342643,SARS-CoV-2 (pre-Omicron),0.6376375524734903,0.8495067541023033,0.7755490333152502,0.0707786137890934,0.13067014332217194,0.01972804625274666,0.9292213862109066,1.5
6,0.64,0.08800002043283231,SARS-CoV-2 (pre-Omicron),0.6376375524734903,0.8373880568380945,0.7764127391382528,0.07602464978591031,0.1393940182665443,0.021496934175093196,0.9239753502140897,1.5
6,0.65,0.08448720042408026,SARS-CoV-2 (pre-Omicron),0.6376375524734903,0.8245188294638252,0.7773429368411215,0.08172302489283513,0.14870682147585862,0.023468899008672425,0.9182769751071649,1.5
6,0.66,0.08106306186797753,SARS-CoV-2 (pre-Omicron),0.6376375524734903,0.8108878493555014,0.7783448014671267,0.08791743232272273,0.15863542208812476,0.02567219860521716,0.9120825676772772,1.5
6,0.67,0.07772407249573497,SARS-CoV-2 (pre-Omicron),0.6376375524734903,0.7964894575713422,0.7794238190565244,0.09465588996272499,0.16920341594323665,0.028139506213305063,0.905344110037275,1.5
6,0.6799999999999999,0.07446689073501914,SARS-CoV-2 (pre-Omicron),0.6376375524734903,0.7813243056459711,0.7805857805122375,0.1019911228037042,0.18042964186987973,0.030908640206927754,0.8980088771962957,1.5
6,0.69,0.071288352793744,SARS-CoV-2 (pre-Omicron),0.6376375524734903,0.7654000609815038,0.7818367686638601,0.10998096158177349,0.19232638709713154,0.03402341330973009,0.8900190384182265,1.5
6,0.7,0.06818546079114812,SARS-CoV-2 (pre-Omicron),0.6376375524734903,0.7487320415418621,0.7831831371511937,0.1186887522850466,0.2048972596434488,0.037534618526434596,0.8813112477149534,1.5
6,0.71,0.06515537183765269,SARS-CoV-2 (pre-Omicron),0.6376375524734903,0.7313437485858936,0.7846314796433269,0.12818376871605427,0.218134721771179,0.041501170291230335,0.8718162312839457,1.5
6,0.72,0.06219538797550235,SARS-CoV-2 (pre-Omicron),0.6376375524734903,0.7132672656481328,0.7861885878402651,0.13854161709146312,0.2320173043593574,0.04599142016115967,0.8614583829085369,1.5
6,0.73,0.0593029469014501,SARS-CoV-2 (pre-Omicron),0.6376375524734903,0.6945434932498051,0.7878613966887547,0.1498446175059813,0.24650655962962814,0.05108466637094758,0.8501553824940187,1.5
6,0.74,0.05647561340091732,SARS-CoV-2 (pre-Omicron),0.6376375524734903,0.6752221921759765,0.7896569153026928,0.16218214173643855,0.26154386080960174,0.05687287522030939,0.8378178582635615,1.5
6,0.75,0.05371107143028766,SARS-CoV-2 (pre-Omicron),0.6376375524734903,0.6553618137403492,0.7915821422341262,0.17565088000174572,0.2770472224308969,0.0634626288697736,0.8243491199982542,1.5
6,0.76,0.051007116790392444,SARS-CoV-2 (pre-Omicron),0.6376375524734903,0.6350291032591993,0.7936439640172581,0.1903550005333384,0.292908391945416,0.07097730767187731,0.8096449994666616,1.5
6,0.77,0.048361650339924414,SARS-CoV-2 (pre-Omicron),0.6376375524734903,0.6142984727506264,0.7958490363282834,0.20640615465990986,0.3089905462674729,0.07955950426478337,0.7935938453400901,1.5
6,0.78,0.045772671702563585,SARS-CoV-2 (pre-Omicron),0.6376375524734903,0.5932511502326407,0.7982036476879825,0.22392326596006426,0.3251270046205922,0.0893736493799395,0.7760767340399357,1.5
6,0.79,0.043238273426090296,SARS-CoV-2 (pre-Omicron),0.6376375524734903,0.5719741252877378,0.8007135663945883,0.2430320241272343,0.34112142470793877,0.10060880302969452,0.7569679758727657,1.5
6,0.8,0.04075663555576686,SARS-CoV-2 (pre-Omicron),0.6376375524734903,0.5505589230235173,0.8033838723130524,0.2638639815770722,0.35674996049629737,0.11348152586162502,0.7361360184229278,1.5
6,0.81,0.038326020587842645,SARS-CoV-2 (pre-Omicron),0.6376375524734903,0.5291002503592471,0.8062187762491861,0.28655512233238295,0.3717658021854512,0.12823868914802303,0.713444877667617,1.5
6,0.8200000000000001,0.035944768772236284,SARS-CoV-2 (pre-Omicron),0.6376375524734903,0.5076945689276626,0.8092214308685909,0.31124373688296025,0.38590637098558256,0.14516000160180356,0.6887562631170397,1.5
6,0.8300000000000001,0.03361129373631018,SARS-CoV-2 (pre-Omicron),0.6376375524734903,0.48643865719840645,0.8123937384221784,0.3380673917231308,0.3989031937060219,0.16455991824288474,0.6619326082768693,1.5
6,0.8400000000000001,0.03132407840422051,SARS-CoV-2 (pre-Omicron),0.6376375524734903,0.46542823041925585,0.8157361618280284,0.3671587258676732,0.41049414664307676,0.1867884392391658,0.6328412741323268,1.5
6,0.8500000000000001,0.029081671188629428,SARS-CoV-2 (pre-Omicron),0.6376375524734903,0.4447566908051676,0.8192475468244371,0.39863973604793435,0.4204373748408243,0.21223008955074624,0.6013602639520657,1.5
6,0.86,0.02688268243363976,SARS-CoV-2 (pre-Omicron),0.6376375524734903,0.4245140828631927,0.8229249638230209,0.4326141240401773,0.4285258299083923,0.24130007285474225,0.5673858759598227,1.5
6,0.87,0.02472578108967637,SARS-CoV-2 (pre-Omicron),0.6376375524734903,0.40478633139901216,0.8267635786159382,0.4691571694039801,0.4346011138662655,0.2744361886441921,0.5308428305960199,1.5
6,0.88,0.022609691602721978,SARS-CoV-2 (pre-Omicron),0.6376375524734903,0.3856548452730725,0.8307565610948804,0.5083024535260544,0.4385652521207539,0.3120845541270519,0.4916975464739456,1.5
6,0.89,0.020533191001830015,SARS-CoV-2 (pre-Omicron),0.6376375524734903,0.36719658265042676,0.834895040511908,0.5500245897478957,0.44038920122402453,0.35467643616183975,0.4499754102521043,1.5
6,0.9,0.01849510617021116,SARS-CoV-2 (pre-Omicron),0.6376375524734903,0.3494847002935464,0.8391681144869076,0.5942169014483784,0.4401173322768991,0.4025925123076778,0.40578309855162165,1.5
6,0.91,0.0164943112864286,SARS-CoV-2 (pre-Omicron),0.6376375524734903,0.33258996220298076,0.8435629169385338,0.6406627253204964,0.437867769245821,0.4561095651661651,0.3593372746795036,1.5
6,0.9199999999999999,0.014529725423360663,SARS-CoV-2 (pre-Omicron),0.6376375524734903,0.31658318278939035,0.8480647474552366,0.6889986884833361,0.43382921663394197,0.515322868004749,0.3110013115166639,1.5
6,0.9299999999999999,0.012600310293609777,SARS-CoV-2 (pre-Omicron),0.6376375524734903,0.3015391669493046,0.852657261480589,0.7386679004339947,0.42825570087572484,0.5800352093805051,0.26133209956600534,1.5
6,0.94,0.010705068130959072,SARS-CoV-2 (pre-Omicron),0.6376375524734903,0.2875429647003903,0.8573227172862962,0.7888604956283847,0.42146145754440806,0.6496004586125169,0.21113950437161533,1.5
6,0.95,0.008843039698319205,SARS-CoV-2 (pre-Omicron),0.6376375524734903,0.27469995354062043,0.862042272324939,0.8384383368945333,0.4138191528773408,0.7227055715150519,0.1615616631054667,1.5
6,0.96,0.0070133024133719225,SARS-CoV-2 (pre-Omicron),0.6376375524734903,0.26315268796610153,0.8667963184949478,0.8858399159382443,0.4057661540982748,0.7970696928372792,0.1141600840617557,1.5
6,0.97,0.00521496858381341,SARS-CoV-2 (pre-Omicron),0.6376375524734903,0.25311056450687264,0.8715648434018927,0.9289605305548976,0.39782670479911725,0.8690321643114169,0.07103946944510242,1.5
6,0.98,0.003447183744732715,SARS-CoV-2 (pre-Omicron),0.6376375524734903,0.24490566870511946,0.876327803101078,0.9650016367063601,0.3906652519280896,0.9329923294728757,0.03499836329363992,1.5
6,0.99,0.0017091250912418794,SARS-CoV-2 (pre-Omicron),0.6376375524734903,0.23910714289843044,0.8810654912107255,0.990281815780721,0.3852051117979729,0.980652444325651,0.009718184219278947,1.5
7,0.5,0.14907273144306948,SARS-CoV-2 (pre-Omicron),0.6376375524734903,0.9700626255392928,0.697244094073039,0.02339544507173739,0.04568898787644093,0.007421136846082668,0.9766045549282626,1.5
7,0.51,0.14379711590616773,SARS-CoV-2 (pre-Omicron),0.6376375524734903,0.9668862199801225,0.6975699160536724,0.02495969352592337,0.04866317115696879,0.00794333316972858,0.9750403064740766,1.5
7,0.52,0.13869065960834395,SARS-CoV-2 (pre-Omicron),0.6376375524734903,0.9633960037573525,0.6979198877395745,0.026644563607405154,0.051854978366306606,0.008510256933868426,0.9733554363925948,1.5
7,0.53,0.1337448391639878,SARS-CoV-2 (pre-Omicron),0.6376375524734903,0.9595651100078096,0.6982961074259706,0.0284613524631906,0.05528297438311604,0.00912683052043507,0.9715386475368094,1.5
7,0.54,0.12895171102262742,SARS-CoV-2 (pre-Omicron),0.6376375524734903,0.9553651851663284,0.6987008675805424,0.030422552434416186,0.05896735439310136,0.009798625024401606,0.9695774475655838,1.5
7,0.55,0.1243038621670018,SARS-CoV-2 (pre-Omicron),0.6376375524734903,0.9507664726854029,0.6991366719108578,0.032541986239053224,0.06293005859936074,0.010531957537495449,0.9674580137609468,1.5
7,0.56,0.11979436581121396,SARS-CoV-2 (pre-Omicron),0.6376375524734903,0.9457379383846582,0.6996062534849631,0.03483495760171677,0.06719488397203745,0.011334004378791299,0.9651650423982833,1.5
7,0.5700000000000001,0.11541674151280147,SARS-CoV-2 (pre-Omicron),0.6376375524734903,0.9402474437357391,0.7001125938426409,0.03731841895993175,0.07178758868395287,0.012212933030191438,0.9626815810400683,1.5
7,0.58,0.11116491919022436,SARS-CoV-2 (pre-Omicron),0.6376375524734903,0.9342619733956913,0.7006589429921146,0.04001115799469257,0.07673598341488087,0.013178056018741795,0.9599888420053074,1.5
7,0.59,0.1070332066035005,SARS-CoV-2 (pre-Omicron),0.6376375524734903,0.9277479230342154,0.7012488401336627,0.04293400484206465,0.08207000187365861,0.014240010552783698,0.9570659951579353,1.5
7,0.6,0.10301625991236055,SARS-CoV-2 (pre-Omicron),0.6376375524734903,0.920671452883763,0.7018861348860403,0.04611006193399942,0.08782174061600208,0.0154109683763143,0.9538899380660005,1.5
7,0.61,0.09910905697486692,SARS-CoV-2 (pre-Omicron),0.6376375524734903,0.9129989114003917,0.7025750087120755,0.04956495847977441,0.09402545545631869,0.016704881067267023,0.9504350415202256,1.5
7,0.62,0.09530687309121269,SARS-CoV-2 (pre-Omicron),0.6376375524734903,0.9046973318858729,0.7033199961446546,0.05332713162023331,0.1007174984183362,0.01813776688222198,0.9466728683797667,1.5
7,0.63,0.09160525893342643,SARS-CoV-2 (pre-Omicron),0.6376375524734903,0.8957350028273091,0.7041260053020812,0.057428136246369624,0.1079361751924246,0.01972804625274666,0.9425718637536303,1.5
7,0.64,0.08800002043283231,SARS-CoV-2 (pre-Omicron),0.6376375524734903,0.8860821100205953,0.704998337051376,0.061902985346912014,0.11572149845141085,0.021496934175093196,0.938097014653088,1.5
7,0.65,0.08448720042408026,SARS-CoV-2 (pre-Omicron),0.6376375524734903,0.8757114452528955,0.70594270202902,0.06679052250397029,0.12411480716661197,0.023468899008672425,0.9332094774960297,1.5
7,0.66,0.08106306186797753,SARS-CoV-2 (pre-Omicron),0.6376375524734903,0.8645991724669214,0.7069652345613893,0.0721338277493171,0.13315821640645537,0.02567219860521716,0.9278661722506829,1.5
7,0.67,0.07772407249573497,SARS-CoV-2 (pre-Omicron),0.6376375524734903,0.8527256380150647,0.7080725023435155,0.0779806573720107,0.14289385628948958,0.028139506213305063,0.9220193426279893,1.5
7,0.6799999999999999,0.07446689073501914,SARS-CoV-2 (pre-Omicron),0.6376375524734903,0.8400762070019654,0.7092715105384386,0.08438391736056809,0.15336285332396615,0.030908640206927754,0.915616082639432,1.5
7,0.69,0.071288352793744,SARS-CoV-2 (pre-Omicron),0.6376375524734903,0.8266421030533158,0.7105696987563193,0.0914021688796541,0.16460400313205878,0.03402341330973009,0.9085978311203459,1.5
7,0.7,0.06818546079114812,SARS-CoV-2 (pre-Omicron),0.6376375524734903,0.8124212244551885,0.7119749291715962,0.09910016240692547,0.1766520817761599,0.037534618526434596,0.9008998375930746,1.5
7,0.71,0.06515537183765269,SARS-CoV-2 (pre-Omicron),0.6376375524734903,0.7974189058660962,0.713495463850323,0.10754939474302162,0.18953574534006637,0.041501170291230335,0.8924506052569784,1.5
7,0.72,0.06219538797550235,SARS-CoV-2 (pre-Omicron),0.6376375524734903,0.7816485921424272,0.7151399292050169,0.11682867986932483,0.20327497642148845,0.04599142016115967,0.8831713201306752,1.5
7,0.73,0.0593029469014501,SARS-CoV-2 (pre-Omicron),0.6376375524734903,0.7651323896775,0.716917265391938,0.12702472032586334,0.21787805470872174,0.05108466637094758,0.8729752796741367,1.5
7,0.74,0.05647561340091732,SARS-CoV-2 (pre-Omicron),0.6376375524734903,0.7479014614436602,0.7188366584412623,0.13823266011372715,0.23333806023991585,0.05687287522030939,0.8617673398862729,1.5
7,0.75,0.05371107143028766,SARS-CoV-2 (pre-Omicron),0.6376375524734903,0.7299962349698518,0.7209074529937303,0.150556592710427,0.24962896574424948,0.0634626288697736,0.849443407289573,1.5
7,0.76,0.051007116790392444,SARS-CoV-2 (pre-Omicron),0.6376375524734903,0.7114663979701138,0.7231390437406633,0.1641099881400365,0.2667014414393337,0.07097730767187731,0.8358900118599635,1.5
7,0.77,0.048361650339924414,SARS-CoV-2 (pre-Omicron),0.6376375524734903,0.6923706642626093,0.7255407440613358,0.17901599055359296,0.2844785827466302,0.07955950426478337,0.820984009446407,1.5
7,0.78,0.045772671702563585,SARS-CoV-2 (pre-Omicron),0.6376375524734903,0.6727763027681459,0.7281216309541214,0.1954075216819761,0.30285187599193525,0.0893736493799395,0.8045924783180239,1.5
7,0.79,0.043238273426090296,SARS-CoV-2 (pre-Omicron),0.6376375524734903,0.6527584343125541,0.7308903661909177,0.21342710485826422,0.3216778311503712,0.10060880302969452,0.7865728951417358,1.5
7,0.8,0.04075663555576686,SARS-CoV-2 (pre-Omicron),0.6376375524734903,0.6323991140426004,0.7338549947019009,0.23322629785710555,0.3407758185208132,0.11348152586162502,0.7667737021428944,1.5
7,0.81,0.038326020587842645,SARS-CoV-2 (pre-Omicron),0.6376375524734903,0.6117862307299287,0.7370227225158132,0.2549645890439223,0.35992772395989225,0.12823868914802303,0.7450354109560777,1.5
7,0.8200000000000001,0.035944768772236284,SARS-CoV-2 (pre-Omicron),0.6376375524734903,0.591012267276056,0.7403996781118507,0.2788075683607153,0.3788800539136023,0.14516000160180356,0.7211924316392847,1.5
7,0.8300000000000001,0.03361129373631018,SARS-CoV-2 (pre-Omicron),0.6376375524734903,0.5701729786319513,0.7439906627250863,0.3049241301121998,0.39734904340464533,0.16455991824288474,0.6950758698878001,1.5
7,0.8400000000000001,0.03132407840422051,SARS-CoV-2 (pre-Omicron),0.6376375524734903,0.5493660536448695,0.7477988968967355,0.33348239537314744,0.4150291201393849,0.1867884392391658,0.6665176046268526,1.5
7,0.8500000000000001,0.029081671188629428,SARS-CoV-2 (pre-Omicron),0.6376375524734903,0.5286898360010647,0.7518257722474495,0.36464395439020947,0.43160474733839777,0.21223008955074624,0.6353560456097905,1.5
7,0.86,0.02688268243363976,SARS-CoV-2 (pre-Omicron),0.6376375524734903,0.5082421870265993,0.7560706189197905,0.3985559189520156,0.44676522936042723,0.24130007285474225,0.6014440810479844,1.5
7,0.87,0.02472578108967637,SARS-CoV-2 (pre-Omicron),0.6376375524734903,0.4881195810974728,0.7605305002080381,0.43534013555913526,0.4602215792874922,0.2744361886441921,0.5646598644408647,1.5
7,0.88,0.022609691602721978,SARS-CoV-2 (pre-Omicron),0.6376375524734903,0.4684165355138581,0.7652000463880183,0.4750787351312935,0.4717241137930443,0.3120845541270519,0.5249212648687065,1.5
7,0.89,0.020533191001830015,SARS-CoV-2 (pre-Omicron),0.6376375524734903,0.44922549555731983,0.7700713395126857,0.5177949749783182,0.48107917323173693,0.35467643616183975,0.48220502502168183,1.5
7,0.9,0.01849510617021116,SARS-CoV-2 (pre-Omicron),0.6376375524734903,0.4306373299179978,0.7751338598294504,0.5634280526962376,0.4881633672342915,0.4025925123076778,0.43657194730376236,1.5
7,0.91,0.0164943112864286,SARS-CoV-2 (pre-Omicron),0.6376375524734903,0.412742655330652,0.7803745024498974,0.6118002257094688,0.4929340769707226,0.4561095651661651,0.3881997742905312,1.5
7,0.9199999999999999,0.014529725423360663,SARS-CoV-2 (pre-Omicron),0.6376375524734903,0.39563432666280196,0.785777669998408,0.6625741372288433,0.4954356000568935,0.515322868004749,0.3374258627711567,1.5
7,0.9299999999999999,0.012600310293609777,SARS-CoV-2 (pre-Omicron),0.6376375524734903,0.3794116466541401,0.7913254433215569,0.7151977082113736,0.4958012444340633,0.5800352093805051,0.28480229178862637,1.5
7,0.94,0.010705068130959072,SARS-CoV-2 (pre-Omicron),0.6376375524734903,0.3641872621443616,0.7969978281933863,0.7688332792347475,0.4942527991048774,0.6496004586125169,0.23116672076525246,1.5
7,0.95,0.008843039698319205,SARS-CoV-2 (pre-Omicron),0.6376375524734903,0.3500985214423882,0.8027730716238046,0.822266843585066,0.49110015487960057,0.7227055715150519,0.17773315641493403,1.5
7,0.96,0.0070133024133719225,SARS-CoV-2 (pre-Omicron),0.6376375524734903,0.33732672518153634,0.8086280372397897,0.8737921632304039,0.48674568901867793,0.7970696928372792,0.12620783676959613,1.5
7,0.97,0.00521496858381341,SARS-CoV-2 (pre-Omicron),0.6376375524734903,0.3261313185482471,0.8145386256397247,0.9210632532908734,0.4817012197529651,0.8690321643114169,0.07893674670912665,1.5
7,0.98,0.003447183744732715,SARS-CoV-2 (pre-Omicron),0.6376375524734903,0.3169145865382325,0.8204802229558706,0.9609070972163338,0.47663219256257106,0.9329923294728757,0.03909290278366617,1.5
7,0.99,0.0017091250912418794,SARS-CoV-2 (pre-Omicron),0.6376375524734903,0.3103544903416623,0.8264281593475834,0.9890864391795274,0.4724607494832741,0.980652444325651,0.010913560820472568,1.5
8,0.5,0.14907273144306948,SARS-CoV-2 (pre-Omicron),0.6376375524734903,0.9824449878317769,0.6208532870432253,0.01900522681286278,0.037289102447351646,0.007421136846082668,0.9809947731871372,1.5
8,0.51,0.14379711590616773,SARS-CoV-2 (pre-Omicron),0.6376375524734903,0.9803472372490651,0.6211540531379379,0.020299114042662176,0.039774652342735396,0.00794333316972858,0.9797008859573378,1.5
8,0.52,0.13869065960834395,SARS-CoV-2 (pre-Omicron),0.6376375524734903,0.9780141678463257,0.6214779600243835,0.021696125972682105,0.04245053535980365,0.008510256933868426,0.9783038740273179,1.5
8,0.53,0.1337448391639878,SARS-CoV-2 (pre-Omicron),0.6376375524734903,0.975422326709235,0.6218271224876151,0.023206361520190757,0.045334173582803616,0.00912683052043507,0.9767936384798093,1.5
8,0.54,0.12895171102262742,SARS-CoV-2 (pre-Omicron),0.6376375524734903,0.9725465339387508,0.6222038641200641,0.02484104744271168,0.04844470703426054,0.009798625024401606,0.9751589525572883,1.5
8,0.55,0.1243038621670018,SARS-CoV-2 (pre-Omicron),0.6376375524734903,0.9693598844864827,0.6226107374399461,0.02661267425401634,0.051803151832562004,0.010531957537495449,0.9733873257459836,1.5
8,0.56,0.11979436581121396,SARS-CoV-2 (pre-Omicron),0.6376375524734903,0.9658337822983504,0.6230505455366557,0.028535148921507134,0.05543256621563188,0.011334004378791299,0.9714648510784929,1.5
8,0.5700000000000001,0.11541674151280147,SARS-CoV-2 (pre-Omicron),0.6376375524734903,0.9619380134549815,0.623526365234874,0.03062396632372175,0.05935822231700038,0.012212933030191438,0.9693760336762782,1.5
8,0.58,0.11116491919022436,SARS-CoV-2 (pre-Omicron),0.6376375524734903,0.9576408654159368,0.6240415717281755,0.03289640163435731,0.06360778050079485,0.013178056018741795,0.9671035983656426,1.5
8,0.59,0.1070332066035005,SARS-CoV-2 (pre-Omicron),0.6376375524734903,0.9529092996987231,0.624599864580031,0.035371725988609735,0.06821146164877394,0.014240010552783698,0.9646282740113903,1.5
8,0.6,0.10301625991236055,SARS-CoV-2 (pre-Omicron),0.6376375524734903,0.9477091852765309,0.6252052949230608,0.038071447972143874,0.07320221096467115,0.0154109683763143,0.9619285520278561,1.5
8,0.61,0.09910905697486692,SARS-CoV-2 (pre-Omicron),0.6376375524734903,0.9420055995757868,0.6258622936038578,0.04101958364325688,0.07861584452532826,0.016704881067267023,0.9589804163567431,1.5
8,0.62,0.09530687309121269,SARS-CoV-2 (pre-Omicron),0.6376375524734903,0.9357632031071275,0.626575699918251,0.0442429579416671,0.08449116685985195,0.01813776688222198,0.9557570420583329,1.5
8,0.63,0.09160525893342643,SARS-CoV-2 (pre-Omicron),0.6376375524734903,0.9289466923841337,0.6273507904581719,0.04777154043489553,0.09087004416618381,0.01972804625274666,0.9522284595651045,1.5
8,0.64,0.08800002043283231,SARS-CoV-2 (pre-Omicron),0.6376375524734903,0.9215213337966515,0.6281933074442119,0.05163881838111204,0.09779741327006782,0.021496934175093196,0.9483611816188879,1.5
8,0.65,0.08448720042408026,SARS-CoV-2 (pre-Omicron),0.6376375524734903,0.9134535784553846,0.6291094857459492,0.05588221001303668,0.10532120100312717,0.023468899008672425,0.9441177899869633,1.5
8,0.66,0.08106306186797753,SARS-CoV-2 (pre-Omicron),0.6376375524734903,0.9047117546921043,0.6301060775944443,0.06054352072778497,0.11349212227624458,0.02567219860521716,0.939456479272215,1.5
8,0.67,0.07772407249573497,SARS-CoV-2 (pre-Omicron),0.6376375524734903,0.895266830915909,0.6311903737686322,0.06566944444538954,0.1223633177850995,0.028139506213305063,0.9343305555546104,1.5
8,0.6799999999999999,0.07446689073501914,SARS-CoV-2 (pre-Omicron),0.6376375524734903,0.8850932369850685,0.6323702197921318,0.0713121116993071,0.131989784178863,0.030908640206927754,0.9286878883006929,1.5
8,0.69,0.071288352793744,SARS-CoV-2 (pre-Omicron),0.6376375524734903,0.8741697273274397,0.6336540254144062,0.07752968494791422,0.14242754104190092,0.03402341330973009,0.9224703150520858,1.5
8,0.7,0.06818546079114812,SARS-CoV-2 (pre-Omicron),0.6376375524734903,0.8624802639856014,0.6350507653786226,0.08438700001997826,0.15373247089838116,0.037534618526434596,0.9156129999800218,1.5
8,0.71,0.06515537183765269,SARS-CoV-2 (pre-Omicron),0.6376375524734903,0.8500148929147686,0.6365699692105709,0.09195625036516122,0.16595876182537742,0.041501170291230335,0.9080437496348388,1.5
8,0.72,0.06219538797550235,SARS-CoV-2 (pre-Omicron),0.6376375524734903,0.8367705826345077,0.6382216975160855,0.10031770766099486,0.17915687893523508,0.04599142016115967,0.8996822923390051,1.5
8,0.73,0.0593029469014501,SARS-CoV-2 (pre-Omicron),0.6376375524734903,0.8227519911911318,0.6400165020716897,0.10956046805799063,0.19337099350392287,0.05108466637094758,0.8904395319420093,1.5
8,0.74,0.05647561340091732,SARS-CoV-2 (pre-Omicron),0.6376375524734903,0.8079721258017342,0.6419653668636707,0.11978320757519953,0.208635810279009,0.05687287522030939,0.8802167924248004,1.5
8,0.75,0.05371107143028766,SARS-CoV-2 (pre-Omicron),0.6376375524734903,0.7924528599637297,0.6440796272094425,0.13109492244237164,0.22497275873594133,0.0634626288697736,0.8689050775576284,1.5
8,0.76,0.051007116790392444,SARS-CoV-2 (pre-Omicron),0.6376375524734903,0.7762252755759772,0.6463708642217427,0.14361561995100955,0.24238555757975988,0.07097730767187731,0.8563843800489904,1.5
8,0.77,0.048361650339924414,SARS-CoV-2 (pre-Omicron),0.6376375524734903,0.7593298029338101,0.6488507721940597,0.15747691189755653,0.2608552283559376,0.07955950426478337,0.8425230881024435,1.5
8,0.78,0.045772671702563585,SARS-CoV-2 (pre-Omicron),0.6376375524734903,0.7418161393424807,0.6515309970378294,0.1728224450526896,0.28033472711079993,0.0893736493799395,0.8271775549473104,1.5
8,0.79,0.043238273426090296,SARS-CoV-2 (pre-Omicron),0.6376375524734903,0.7237429373328441,0.6544229447270911,0.1898080800969185,0.30074348295367803,0.10060880302969452,0.8101919199030815,1.5
8,0.8,0.04075663555576686,SARS-CoV-2 (pre-Omicron),0.6376375524734903,0.7051772656312999,0.6575375598326548,0.2086017006364129,0.3219622737906793,0.11348152586162502,0.7913982993635871,1.5
8,0.81,0.038326020587842645,SARS-CoV-2 (pre-Omicron),0.6376375524734903,0.6861938595225378,0.6608850756658187,0.2293824953715782,0.34382901866035387,0.12823868914802303,0.7706175046284218,1.5
8,0.8200000000000001,0.035944768772236284,SARS-CoV-2 (pre-Omicron),0.6376375524734903,0.666874191333458,0.664474739285823,0.2523395068561515,0.3661361985958311,0.14516000160180356,0.7476604931438485,1.5
8,0.8300000000000001,0.03361129373631018,SARS-CoV-2 (pre-Omicron),0.6376375524734903,0.6473054057570323,0.6683145166063094,0.2776691765567982,0.3886306984732629,0.16455991824288474,0.7223308234432018,1.5
8,0.8400000000000001,0.03132407840422051,SARS-CoV-2 (pre-Omicron),0.6376375524734903,0.6275791780900797,0.6724107849746476,0.3055715343238082,0.4110168482057648,0.1867884392391658,0.6944284656761919,1.5
8,0.8500000000000001,0.029081671188629428,SARS-CoV-2 (pre-Omicron),0.6376375524734903,0.6077905659989236,0.6767680227614123,0.33624457615992154,0.4329632915803463,0.21223008955074624,0.6637554238400785,1.5
8,0.86,0.02688268243363976,SARS-CoV-2 (pre-Omicron),0.6376375524734903,0.5880369375617613,0.6813885075114626,0.369876241356252,0.45411399911974903,0.24130007285474225,0.630123758643748,1.5
8,0.87,0.02472578108967637,SARS-CoV-2 (pre-Omicron),0.6376375524734903,0.5684170713727971,0.6862720358662475,0.40663323116216976,0.4741032740139459,0.2744361886441921,0.5933667688378302,1.5
8,0.88,0.022609691602721978,SARS-CoV-2 (pre-Omicron),0.6376375524734903,0.5490305410929593,0.6914156795460242,0.4466456967856355,0.49257403009945044,0.3120845541270519,0.5533543032143645,1.5
8,0.89,0.020533191001830015,SARS-CoV-2 (pre-Omicron),0.6376375524734903,0.5299775217869689,0.6968135919651472,0.4899865529395639,0.5091980501479407,0.35467643616183975,0.510013447060436,1.5
8,0.9,0.01849510617021116,SARS-CoV-2 (pre-Omicron),0.6376375524734903,0.5113591970573681,0.70245687936504,0.5366438296823441,0.523696498674923,0.4025925123076778,0.46335617031765586,1.5
8,0.91,0.0164943112864286,SARS-CoV-2 (pre-Omicron),0.6376375524734903,0.49327901913539146,0.7083335485782964,0.5864840416277413,0.5358588070020225,0.4561095651661651,0.41351595837225874,1.5
8,0.9199999999999999,0.014529725423360663,SARS-CoV-2 (pre-Omicron),0.6376375524734903,0.47584520569799954,0.7144285406715226,0.6392040068817509,0.5455582743902938,0.515322868004749,0.36079599311824906,1.5
8,0.9299999999999999,0.012600310293609777,SARS-CoV-2 (pre-Omicron),0.6376375524734903,0.4591750988684862,0.7207238558591517,0.6942678598610129,0.5527633781631233,0.5800352093805051,0.3057321401389871,1.5
8,0.94,0.010705068130959072,SARS-CoV-2 (pre-Omicron),0.6376375524734903,0.44340246758646795,0.7271987704634847,0.7508251370859923,0.557544838533834,0.6496004586125169,0.2491748629140077,1.5
8,0.95,0.008843039698319205,SARS-CoV-2 (pre-Omicron),0.6376375524734903,0.42868972576835107,0.7338301416554172,0.8076047291786917,0.5600799202737943,0.7227055715150519,0.19239527082130825,1.5
8,0.96,0.0070133024133719225,SARS-CoV-2 (pre-Omicron),0.6376375524734903,0.4152488675918319,0.7405927906620309,0.8627781311030919,0.5606573918851578,0.7970696928372792,0.13722186889690813,1.5
8,0.97,0.00521496858381341,SARS-CoV-2 (pre-Omicron),0.6376375524734903,0.40337891128137576,0.7474599505191792,0.9137837185898173,0.5596895526673931,0.8690321643114169,0.08621628141018267,1.5
8,0.98,0.003447183744732715,SARS-CoV-2 (pre-Omicron),0.6376375524734903,0.39353704047655413,0.754403760702524,0.9571016480304917,0.557743463453568,0.9329923294728757,0.04289835196950831,1.5
8,0.99,0.0017091250912418794,SARS-CoV-2 (pre-Omicron),0.6376375524734903,0.38648500387598006,0.7613957884323547,0.9879663164776272,0.5556168632512332,0.980652444325651,0.012033683522372773,1.5
9,0.5,0.14907273144306948,SARS-CoV-2 (pre-Omicron),0.6376375524734903,0.9898306048967188,0.5422938246597736,0.015911592183021163,0.03131971783846913,0.007421136846082668,0.9840884078169788,1.5
9,0.51,0.14379711590616773,SARS-CoV-2 (pre-Omicron),0.6376375524734903,0.9884801368325833,0.542563109885104,0.017007992152156853,0.03344059850171869,0.00794333316972858,0.9829920078478431,1.5
9,0.52,0.13869065960834395,SARS-CoV-2 (pre-Omicron),0.6376375524734903,0.9869603334784574,0.5428537100868032,0.01819385343966879,0.035729069016028146,0.008510256933868426,0.9818061465603312,1.5
9,0.53,0.1337448391639878,SARS-CoV-2 (pre-Omicron),0.6376375524734903,0.9852520089329567,0.543167653148373,0.01947823658213778,0.03820124219149793,0.00912683052043507,0.9805217634178622,1.5
9,0.54,0.12895171102262742,SARS-CoV-2 (pre-Omicron),0.6376375524734903,0.9833342491225027,0.5435071780409867,0.02087125794090975,0.04087494563853366,0.009798625024401606,0.9791287420590903,1.5
9,0.55,0.1243038621670018,SARS-CoV-2 (pre-Omicron),0.6376375524734903,0.9811843540579891,0.5438747567081552,0.022384223587123553,0.0437699036232442,0.010531957537495449,0.9776157764128764,1.5
9,0.56,0.11979436581121396,SARS-CoV-2 (pre-Omicron),0.6376375524734903,0.9787778018565576,0.544273117863327,0.024029780772664152,0.04690793410655615,0.011334004378791299,0.9759702192273358,1.5
9,0.5700000000000001,0.11541674151280147,SARS-CoV-2 (pre-Omicron),0.6376375524734903,0.9760882407523617,0.5447052727518764,0.025822089242131967,0.05031316058202852,0.012212933030191438,0.9741779107578681,1.5
9,0.58,0.11116491919022436,SARS-CoV-2 (pre-Omicron),0.6376375524734903,0.9730875160157347,0.5451745428935866,0.027777014891580007,0.054012237597582974,0.013178056018741795,0.97222298510842,1.5
9,0.59,0.1070332066035005,SARS-CoV-2 (pre-Omicron),0.6376375524734903,0.9697457392890428,0.5456845897739733,0.029912348543917416,0.058034587836875984,0.014240010552783698,0.9700876514560826,1.5
9,0.6,0.10301625991236055,SARS-CoV-2 (pre-Omicron),0.6376375524734903,0.9660314082606086,0.5462394463900195,0.032248052883618414,0.062412647266362406,0.0154109683763143,0.9677519471163816,1.5
9,0.61,0.09910905697486692,SARS-CoV-2 (pre-Omicron),0.6376375524734903,0.9619115847532552,0.5468435504752446,0.03480654086712357,0.06718211302605656,0.016704881067267023,0.9651934591328765,1.5
9,0.62,0.09530687309121269,SARS-CoV-2 (pre-Omicron),0.6376375524734903,0.9573521391089809,0.5475017791274397,0.037612989188829195,0.07238218633815383,0.01813776688222198,0.9623870108111708,1.5
9,0.63,0.09160525893342643,SARS-CoV-2 (pre-Omicron),0.6376375524734903,0.9523180681071539,0.5482194844367132,0.04069569061968951,0.07805579959117133,0.01972804625274666,0.9593043093803105,1.5
9,0.64,0.08800002043283231,SARS-CoV-2 (pre-Omicron),0.6376375524734903,0.9467738924619655,0.5490025295586309,0.04408644922353913,0.08424981277421038,0.021496934175093196,0.9559135507764609,1.5
9,0.65,0.08448720042408026,SARS-CoV-2 (pre-Omicron),0.6376375524734903,0.9406841381172517,0.5498573244944924,0.04782102256397749,0.09101515942209086,0.023468899008672425,0.9521789774360225,1.5
9,0.66,0.08106306186797753,SARS-CoV-2 (pre-Omicron),0.6376375524734903,0.9340139030265027,0.5507908606261371,0.05193961499938502,0.09840691602663512,0.02567219860521716,0.948060385000615,1.5
9,0.67,0.07772407249573497,SARS-CoV-2 (pre-Omicron),0.6376375524734903,0.9267295078433193,0.5518107428053355,0.056487425967827895,0.10648426133912783,0.028139506213305063,0.9435125740321721,1.5
9,0.6799999999999999,0.07446689073501914,SARS-CoV-2 (pre-Omicron),0.6376375524734903,0.918799224975582,0.5529252175187623,0.061515256710294515,0.11531028306833356,0.030908640206927754,0.9384847432897054,1.5
9,0.69,0.071288352793744,SARS-CoV-2 (pre-Omicron),0.6376375524734903,0.9101940758667172,0.5541431953423493,0.06708017806770683,0.12495157923071243,0.03402341330973009,0.9329198219322932,1.5
9,0.7,0.06818546079114812,SARS-CoV-2 (pre-Omicron),0.6376375524734903,0.9008886813330037,0.555474265570514,0.07324626067958769,0.13547759011677926,0.037534618526434596,0.9267537393204123,1.5
9,0.71,0.06515537183765269,SARS-CoV-2 (pre-Omicron),0.6376375524734903,0.8908621445695347,0.5569287005677891,0.08008536693298608,0.14695958512557114,0.041501170291230335,0.9199146330670139,1.5
9,0.72,0.06219538797550235,SARS-CoV-2 (pre-Omicron),0.6376375524734903,0.8800989413908406,0.5585174470596899,0.08767800112773326,0.15946921772069805,0.04599142016115967,0.9123219988722667,1.5
9,0.73,0.0593029469014501,SARS-CoV-2 (pre-Omicron),0.6376375524734903,0.8685897878230242,0.5602521012795849,0.09611421023675662,0.17307655331422941,0.05108466637094758,0.9038857897632434,1.5
9,0.74,0.05647561340091732,SARS-CoV-2 (pre-Omicron),0.6376375524734903,0.8563324517912123,0.5621448646493448,0.10549452195680245,0.18784747174594818,0.05687287522030939,0.8945054780431976,1.5
9,0.75,0.05371107143028766,SARS-CoV-2 (pre-Omicron),0.6376375524734903,0.8433324738394291,0.5642084765315174,0.1159308989593758,0.20384035205802675,0.0634626288697736,0.8840691010406242,1.5
9,0.76,0.051007116790392444,SARS-CoV-2 (pre-Omicron),0.6376375524734903,0.8296037620311081,0.5664561205944962,0.1275476777113175,0.22110196751334443,0.07097730767187731,0.8724523222886825,1.5
9,0.77,0.048361650339924414,SARS-CoV-2 (pre-Omicron),0.6376375524734903,0.8151690287639709,0.5689013015298816,0.14048244609948018,0.23966255932721287,0.07955950426478337,0.8595175539005198,1.5
9,0.78,0.045772671702563585,SARS-CoV-2 (pre-Omicron),0.6376375524734903,0.800060042399908,0.5715576893057182,0.15488679528690844,0.25953012484883503,0.0893736493799395,0.8451132047130916,1.5
9,0.79,0.043238273426090296,SARS-CoV-2 (pre-Omicron),0.6376375524734903,0.7843176743738074,0.5744389288813962,0.17092685636902608,0.2806840555708382,0.10060880302969452,0.829073143630974,1.5
9,0.8,0.04075663555576686,SARS-CoV-2 (pre-Omicron),0.6376375524734903,0.7679917326080301,0.5775584143921842,0.18878349972466807,0.30306839504587063,0.11348152586162502,0.811216500275332,1.5
9,0.81,0.038326020587842645,SARS-CoV-2 (pre-Omicron),0.6376375524734903,0.7511405842248747,0.5809290282598203,0.20865203222026743,0.3265851532847188,0.12823868914802303,0.7913479677797326,1.5
9,0.8200000000000001,0.035944768772236284,SARS-CoV-2 (pre-Omicron),0.6376375524734903,0.7338305841740111,0.5845628475008122,0.23074117176463121,0.35108829970718347,0.14516000160180356,0.7692588282353687,1.5
9,0.8300000000000001,0.03361129373631018,SARS-CoV-2 (pre-Omicron),0.6376375524734903,0.7161353408798403,0.5884708216512933,0.25527100649097456,0.37637923562047815,0.16455991824288474,0.7447289935090254,1.5
9,0.8400000000000001,0.03132407840422051,SARS-CoV-2 (pre-Omicron),0.6376375524734903,0.6981348648590884,0.5926624291276459,0.28246955245076427,0.402204679779062,0.1867884392391658,0.7175304475492357,1.5
9,0.8500000000000001,0.029081671188629428,SARS-CoV-2 (pre-Omicron),0.6376375524734903,0.6799146612334622,0.5971453213671465,0.31256740330126537,0.4282579357800911,0.21223008955074624,0.6874325966987347,1.5
9,0.86,0.02688268243363976,SARS-CoV-2 (pre-Omicron),0.6376375524734903,0.6615648424638598,0.601924966563731,0.345789810672807,0.4541843945646171,0.24130007285474225,0.654210189327193,1.5
9,0.87,0.02472578108967637,SARS-CoV-2 (pre-Omicron),0.6376375524734903,0.6431793546227477,0.6070043070078368,0.3823453353937491,0.47959181959356567,0.2744361886441921,0.6176546646062508,1.5
9,0.88,0.022609691602721978,SARS-CoV-2 (pre-Omicron),0.6376375524734903,0.624855431633451,0.6123834457045115,0.42240995578467594,0.5040654611890061,0.3120845541270519,0.5775900442153241,1.5
9,0.89,0.020533191001830015,SARS-CoV-2 (pre-Omicron),0.6376375524734903,0.6066934218919506,0.6180593788243358,0.46610519502561637,0.5271873980304265,0.35467643616183975,0.5338948049743837,1.5
9,0.9,0.01849510617021116,SARS-CoV-2 (pre-Omicron),0.6376375524734903,0.5887971790702888,0.6240257904078923,0.5134684165721602,0.5485588163407482,0.4025925123076778,0.48653158342783975,1.5
9,0.91,0.0164943112864286,SARS-CoV-2 (pre-Omicron),0.6376375524734903,0.5712752889860673,0.6302729244302041,0.564412911432804,0.5678233673068369,0.4561095651661651,0.43558708856719597,1.5
9,0.9199999999999999,0.014529725423360663,SARS-CoV-2 (pre-Omicron),0.6376375524734903,0.5542435454489102,0.6367875467683899,0.6186747346013985,0.5846894608385422,0.515322868004749,0.38132526539860145,1.5
9,0.9299999999999999,0.012600310293609777,SARS-CoV-2 (pre-Omicron),0.6376375524734903,0.5378293442280565,0.6435530058603454,0.6757424034976967,0.5989494966759673,0.5800352093805051,0.32425759650230335,1.5
9,0.94,0.010705068130959072,SARS-CoV-2 (pre-Omicron),0.6376375524734903,0.522179145205329,0.650549396089452,0.7347645032048058,0.6104946720499457,0.6496004586125169,0.2652354967951942,1.5
9,0.95,0.008843039698319205,SARS-CoV-2 (pre-Omicron),0.6376375524734903,0.5074710917104966,0.6577538225069008,0.7944288945659702,0.6193251442682549,0.7227055715150519,0.2055711054340298,1.5
9,0.96,0.0070133024133719225,SARS-CoV-2 (pre-Omicron),0.6376375524734903,0.4939368020477858,0.6651407598404523,0.852805520720188,0.625556982285169,0.7970696928372792,0.147194479279812,1.5
9,0.97,0.00521496858381341,SARS-CoV-2 (pre-Omicron),0.6376375524734903,0.4819005501951535,0.6726824933254273,0.907142666921448,0.6294297325066573,0.8690321643114169,0.09285733307855204,1.5
9,0.98,0.003447183744732715,SARS-CoV-2 (pre-Omicron),0.6376375524734903,0.4718539505416399,0.6803496242178002,0.953603837488894,0.6313224309398691,0.9329923294728757,0.04639616251110601,1.5
9,0.99,0.0017091250912418794,SARS-CoV-2 (pre-Omicron),0.6376375524734903,0.46460993227349523,0.688111619333349,0.9869290358974142,0.6317943129075592,0.980652444325651,0.013070964102585791,1.5
10,0.5,0.14907273144306948,SARS-CoV-2 (pre-Omicron),0.6376375524734903,0.9941744979215777,0.4644780120332912,0.01369002229298657,0.02700813604742756,0.007421136846082668,0.9863099777070135,1.5
10,0.51,0.14379711590616773,SARS-CoV-2 (pre-Omicron),0.6376375524734903,0.9933240019604561,0.46471262653620493,0.014640799894857143,0.028856281323897424,0.00794333316972858,0.9853592001051429,1.5
10,0.52,0.13869065960834395,SARS-CoV-2 (pre-Omicron),0.6376375524734903,0.992355763840314,0.4649662165467159,0.015670439074603353,0.03085366331276542,0.008510256933868426,0.9843295609253967,1.5
10,0.53,0.1337448391639878,SARS-CoV-2 (pre-Omicron),0.6376375524734903,0.9912548771340096,0.46524064626754,0.016787128692073962,0.03301513844248574,0.00912683052043507,0.983212871307926,1.5
10,0.54,0.12895171102262742,SARS-CoV-2 (pre-Omicron),0.6376375524734903,0.9900048657693373,0.46553798254529966,0.018000043890770846,0.03535723063478646,0.009798625024401606,0.9819999561092292,1.5
10,0.55,0.1243038621670018,SARS-CoV-2 (pre-Omicron),0.6376375524734903,0.9885875913797607,0.46586051717440424,0.01931947636165803,0.037898324586388615,0.010531957537495449,0.980680523638342,1.5
10,0.56,0.11979436581121396,SARS-CoV-2 (pre-Omicron),0.6376375524734903,0.9869831727453459,0.466210791365794,0.02075698259184639,0.04065887903070713,0.011334004378791299,0.9792430174081536,1.5
10,0.5700000000000001,0.11541674151280147,SARS-CoV-2 (pre-Omicron),0.6376375524734903,0.9851699225469369,0.46659162248723474,0.02232555256071023,0.043661660881806806,0.012212933030191438,0.9776744474392898,1.5
10,0.58,0.11116491919022436,SARS-CoV-2 (pre-Omicron),0.6376375524734903,0.9831243074815745,0.4670061331545605,0.024039801651232415,0.04693200072570462,0.013178056018741795,0.9759601983487676,1.5
10,0.59,0.1070332066035005,SARS-CoV-2 (pre-Omicron),0.6376375524734903,0.9808209385838594,0.4674577827139865,0.025916188874538695,0.05049806946251124,0.014240010552783698,0.9740838111254613,1.5
10,0.6,0.10301625991236055,SARS-CoV-2 (pre-Omicron),0.6376375524734903,0.9782325993104792,0.4679504011015151,0.027973264857710622,0.054391174942277465,0.0154109683763143,0.9720267351422893,1.5
10,0.61,0.09910905697486692,SARS-CoV-2 (pre-Omicron),0.6376375524734903,0.9753303195025134,0.46848822499336795,0.03023195341361382,0.05864607608353357,0.016704881067267023,0.9697680465863862,1.5
10,0.62,0.09530687309121269,SARS-CoV-2 (pre-Omicron),0.6376375524734903,0.9720835036577361,0.4690759360677492,0.032715870887703266,0.06330131009908296,0.01813776688222198,0.9672841291122968,1.5
10,0.63,0.09160525893342643,SARS-CoV-2 (pre-Omicron),0.6376375524734903,0.9684601219259334,0.4697187010793389,0.03545168784685429,0.06839952593528159,0.01972804625274666,0.9645483121531457,1.5
10,0.64,0.08800002043283231,SARS-CoV-2 (pre-Omicron),0.6376375524734903,0.9644269717795646,0.4704222132998619,0.038469538018991445,0.07398781368750991,0.021496934175093196,0.9615304619810086,1.5
10,0.65,0.08448720042408026,SARS-CoV-2 (pre-Omicron),0.6376375524734903,0.9599500173047809,0.4711927346971715,0.0418034796806525,0.08011801538722445,0.023468899008672425,0.9581965203193475,1.5
10,0.66,0.08106306186797753,SARS-CoV-2 (pre-Omicron),0.6376375524734903,0.9549948114078062,0.47203713800830005,0.045492014881907315,0.08684699694412133,0.02567219860521716,0.95450798511809265,1.5
10,0.67,0.07772407249573497,SARS-CoV-2 (pre-Omicron),0.6376375524734903,0.949527003865735,0.4729629476066324,0.049578671937939786,0.09423685394041283,0.028139506213305063,0.9504213280620603,1.5
10,0.6799999999999999,0.07446689073501914,SARS-CoV-2 (pre-Omicron),0.6376375524734903,0.9435129350333549,0.47397837776904395,0.0541126564271523,0.10235501519821455,0.030908640206927754,0.9458873435728476,1.5
10,0.69,0.071288352793744,SARS-CoV-2 (pre-Omicron),0.6376375524734903,0.9369203111681046,0.4750923666172566,0.05914957541279202,0.11127419741890475,0.03402341330973009,0.940850424587208,1.5
10,0.7,0.06818546079114812,SARS-CoV-2 (pre-Omicron),0.6376375524734903,0.9297189528444376,0.4763146036438354,0.06475223860919439,0.12107215169516614,0.037534618526434596,0.9352477613908056,1.5
10,0.71,0.06515537183765269,SARS-CoV-2 (pre-Omicron),0.6376375524734903,0.9218816029717277,0.4776555483466539,0.07099153855868348,0.13183112852268403,0.041501170291230335,0.9290084614413165,1.5
10,0.72,0.06219538797550235,SARS-CoV-2 (pre-Omicron),0.6376375524734903,0.9133847757734159,0.4791264371014091,0.0779474093244501,0.14363697266805261,0.04599142016115967,0.9220525906755499,1.5
10,0.73,0.0593029469014501,SARS-CoV-2 (pre-Omicron),0.6376375524734903,0.9042096230856272,0.4807392750217986,0.08570985941335771,0.15657774403880115,0.05108466637094758,0.9142901405866423,1.5
10,0.74,0.05647561340091732,SARS-CoV-2 (pre-Omicron),0.6376375524734903,0.8943427899226786,0.48250680922104106,0.0943800691941971,0.17074174753403956,0.05687287522030939,0.9056199308058029,1.5
10,0.75,0.05371107143028766,SARS-CoV-2 (pre-Omicron),0.6376375524734903,0.8837772279139937,0.4844424796348239,0.10407153541398338,0.18621484682141806,0.0634626288697736,0.8959284645860166,1.5
10,0.76,0.051007116790392444,SARS-CoV-2 (pre-Omicron),0.6376375524734903,0.8725129334277454,0.4865603434411925,0.11491123481152193,0.20307693855212713,0.07097730767187731,0.885088765188478,1.5
10,0.77,0.048361650339924414,SARS-CoV-2 (pre-Omicron),0.6376375524734903,0.8605575774031735,0.48887496917158535,0.12704076434107614,0.22139748067968146,0.07955950426478337,0.8729592356589239,1.5
10,0.78,0.045772671702563585,SARS-CoV-2 (pre-Omicron),0.6376375524734903,0.8479269964595773,0.4914012969082677,0.1406173959294641,0.24123000868435143,0.0893736493799395,0.8593826040705359,1.5
10,0.79,0.043238273426090296,SARS-CoV-2 (pre-Omicron),0.6376375524734903,0.834645519931333,0.49415446156683296,0.15581495742213744,0.2626056447970043,0.10060880302969452,0.8441850425778625,1.5
10,0.8,0.04075663555576686,SARS-CoV-2 (pre-Omicron),0.6376375524734903,0.820746115108866,0.49714957722274566,0.17282441639937385,0.2855257153016051,0.11348152586162502,0.8271755836006262,1.5
10,0.81,0.038326020587842645,SARS-CoV-2 (pre-Omicron),0.6376375524734903,0.8062703429692792,0.5004014817990378,0.19185399725676647,0.3099537441060868,0.12823868914802303,0.8081460027432336,1.5
10,0.8200000000000001,0.035944768772236284,SARS-CoV-2 (pre-Omicron),0.6376375524734903,0.7912681287191454,0.5039244432055453,0.21312860100424325,0.3358072847162714,0.14516000160180356,0.7868713989957568,1.5
10,0.8300000000000001,0.03361129373631018,SARS-CoV-2 (pre-Omicron),0.6376375524734903,0.7757973651161859,0.5077318301914047,0.23688821737194407,0.36295027408742364,0.16455991824288474,0.7631117826280559,1.5
10,0.8400000000000001,0.03132407840422051,SARS-CoV-2 (pre-Omicron),0.6376375524734903,0.7599233813851821,0.511835753679911,0.2633849145642472,0.39118681178248027,0.1867884392391658,0.7366150854357528,1.5
10,0.8500000000000001,0.029081671188629428,SARS-CoV-2 (pre-Omicron),0.6376375524734903,0.7437183263980862,0.5162466870833409,0.29287785642442304,0.42025744031960577,0.21223008955074624,0.707122143575577,1.5
10,0.86,0.02688268243363976,SARS-CoV-2 (pre-Omicron),0.6376375524734903,0.7272605318979052,0.5209730768737009,0.3256256210214029,0.4498390670007423,0.24130007285474225,0.6743743789785971,1.5
10,0.87,0.02472578108967637,SARS-CoV-2 (pre-Omicron),0.6376375524734903,0.7106339409523402,0.5260209572896191,0.361874867523827,0.4795495593279833,0.2744361886441921,0.638125132476173,1.5
10,0.88,0.022609691602721978,SARS-CoV-2 (pre-Omicron),0.6376375524734903,0.6939277108901807,0.5313935852258029,0.4018441054603905,0.5089577156045929,0.3120845541270519,0.5981558945396095,1.5
10,0.89,0.020533191001830015,SARS-CoV-2 (pre-Omicron),0.6376375524734903,0.6772361332653908,0.5370911127984058,0.4457009440825879,0.5375987489451994,0.35467643616183975,0.5542990559174121,1.5
10,0.9,0.01849510617021116,SARS-CoV-2 (pre-Omicron),0.6376375524734903,0.6606590642675942,0.5431103155403908,0.49353071681235794,0.5649946774810011,0.4025925123076778,0.5064692831876421,1.5
10,0.91,0.0164943112864286,SARS-CoV-2 (pre-Omicron),0.6376375524734903,0.6443031426728199,0.5494443934410127,0.5452937580025659,0.5906782066453896,0.4561095651661651,0.45470624199743415,1.5
10,0.9199999999999999,0.014529725423360663,SARS-CoV-2 (pre-Omicron),0.6376375524734903,0.6282842172187584,0.5560828599796572,0.6007678203620781,0.6142179959920245,0.515322868004749,0.3992321796379219,1.5
10,0.9299999999999999,0.012600310293609777,SARS-CoV-2 (pre-Omicron),0.6376375524734903,0.6127316658348808,0.5630115309176981,0.6594711160132457,0.6352428107377339,0.5800352093805051,0.3405288839867543,1.5
10,0.94,0.010705068130959072,SARS-CoV-2 (pre-Omicron),0.6376375524734903,0.5977957758963178,0.5702126200488531,0.7205601852853389,0.6534621114870368,0.6496004586125169,0.27943981471466106,1.5
10,0.95,0.008843039698319205,SARS-CoV-2 (pre-Omicron),0.6376375524734903,0.5836603031118548,0.5776649436606376,0.7826951735931025,0.6686811888297217,0.7227055715150519,0.21730482640689752,1.5
10,0.96,0.0070133024133719225,SARS-CoV-2 (pre-Omicron),0.6376375524734903,0.5705642708901633,0.5853442295434876,0.8438630387328026,0.6808099591262606,0.7970696928372792,0.15613696126719745,1.5
10,0.97,0.00521496858381341,SARS-CoV-2 (pre-Omicron),0.6376375524734903,0.5588413131559158,0.5932235204982642,0.9011466069604829,0.6898659177120375,0.8690321643114169,0.09885339303951712,1.5
10,0.98,0.003447183744732715,SARS-CoV-2 (pre-Omicron),0.6376375524734903,0.5489948538721988,0.6012736569580592,0.9504241069236188,0.6959735168617759,0.9329923294728757,0.04957589307638122,1.5
10,0.99,0.0017091250912418794,SARS-CoV-2 (pre-Omicron),0.6376375524734903,0.5418533279333189,0.6094638190340927,0.9859796622247716,0.699364871281881,0.980652444325651,0.014020337775228375,1.5
11,0.5,0.14907273144306948,SARS-CoV-2 (pre-Omicron),0.6376375524734903,0.9966972993849117,0.39003134566856956,0.012069453205275592,0.023850094947841297,0.007421136846082668,0.9879305467947244,1.5
11,0.51,0.14379711590616773,SARS-CoV-2 (pre-Omicron),0.6376375524734903,0.9961719002072114,0.3902307040949503,0.012911923355680999,0.02549341278535904,0.00794333316972858,0.987088076644319,1.5
11,0.52,0.13869065960834395,SARS-CoV-2 (pre-Omicron),0.6376375524734903,0.9955669929205564,0.390446453076692,0.01382506033533554,0.027271412927412836,0.008510256933868426,0.9861749396646644,1.5
11,0.53,0.1337448391639878,SARS-CoV-2 (pre-Omicron),0.6376375524734903,0.994871476826215,0.39068024469047224,0.01481633672299377,0.02919783837926039,0.00912683052043507,0.9851836632770062,1.5
11,0.54,0.12895171102262742,SARS-CoV-2 (pre-Omicron),0.6376375524734903,0.9940729228501751,0.3909339171281043,0.015894148135633113,0.031288034525681054,0.009798625024401606,0.9841058518643668,1.5
11,0.55,0.1243038621670018,SARS-CoV-2 (pre-Omicron),0.6376375524734903,0.9931574673009882,0.39120951622059186,0.017067939133204726,0.03355914649070992,0.010531957537495449,0.9829320608667953,1.5
11,0.56,0.11979436581121396,SARS-CoV-2 (pre-Omicron),0.6376375524734903,0.99210971007538,0.3915093192292537,0.018348347218286352,0.03603033952314961,0.011334004378791299,0.9816516527817136,1.5
11,0.5700000000000001,0.11541674151280147,SARS-CoV-2 (pre-Omicron),0.6376375524734903,0.9909126213147458,0.391835861053903,0.019747367540982566,0.03872304424805735,0.012212933030191438,0.9802526324590174,1.5
11,0.58,0.11116491919022436,SARS-CoV-2 (pre-Omicron),0.6376375524734903,0.9895474613448709,0.39219196298977144,0.021278541270060708,0.04166122842198361,0.013178056018741795,0.9787214587299393,1.5
11,0.59,0.1070332066035005,SARS-CoV-2 (pre-Omicron),0.6376375524734903,0.9879937195910352,0.39258076413571674,0.02295717097744841,0.044871696453112966,0.014240010552783698,0.9770428290225516,1.5
11,0.6,0.10301625991236055,SARS-CoV-2 (pre-Omicron),0.6376375524734903,0.9862290790106626,0.39300575551337424,0.02480056680390593,0.04838441732982488,0.0154109683763143,0.975199433196094,1.5
11,0.61,0.09910905697486692,SARS-CoV-2 (pre-Omicron),0.6376375524734903,0.9842294133705765,0.3934708168970271,0.02682832762575908,0.052232880655844145,0.016704881067267023,0.973171672374241,1.5
11,0.62,0.09530687309121269,SARS-CoV-2 (pre-Omicron),0.6376375524734903,0.98196882534553,0.39398025627331545,0.029062661919645263,0.056454479105976965,0.01813776688222198,0.9709373380803548,1.5
11,0.63,0.09160525893342643,SARS-CoV-2 (pre-Omicron),0.6376375524734903,0.9794197338435249,0.39453885174441816,0.03152875351336293,0.061090913653199276,0.01972804625274666,0.9684712464866371,1.5
11,0.64,0.08800002043283231,SARS-CoV-2 (pre-Omicron),0.6376375524734903,0.976553019073234,0.3951518955536193,0.03425517789886686,0.06618861520164832,0.021496934175093196,0.9657448221011331,1.5
11,0.65,0.08448720042408026,SARS-CoV-2 (pre-Omicron),0.6376375524734903,0.9733382335532083,0.3958252397438261,0.03727437524226838,0.07179917257978966,0.023468899008672425,0.9627256247577316,1.5
11,0.66,0.08106306186797753,SARS-CoV-2 (pre-Omicron),0.6376375524734903,0.969743886413809,0.3965653427534329,0.040623186617602676,0.07797975195464972,0.02567219860521716,0.9593768133823973,1.5
11,0.67,0.07772407249573497,SARS-CoV-2 (pre-Omicron),0.6376375524734903,0.965737806863275,0.39737931600647836,0.044343460262360024,0.08479348633870631,0.028139506213305063,0.95565653973764,1.5
11,0.6799999999999999,0.07446689073501914,SARS-CoV-2 (pre-Omicron),0.6376375524734903,0.9612875905041154,0.3982749692630527,0.048482734728181306,0.09230980567225913,0.030908640206927754,0.9515172652718187,1.5
11,0.69,0.071288352793744,SARS-CoV-2 (pre-Omicron),0.6376375524734903,0.9563611292595404,0.3992608531612557,0.053095005575999214,0.10060466767875345,0.03402341330973009,0.9469049944240008,1.5
11,0.7,0.06818546079114812,SARS-CoV-2 (pre-Omicron),0.6376375524734903,0.9509272220224246,0.4003462970065168,0.05824158159977444,0.10976063706701676,0.037534618526434596,0.9417584184002256,1.5
11,0.71,0.06515537183765269,SARS-CoV-2 (pre-Omicron),0.6376375524734903,0.9449562588640492,0.4015414394547764,0.06399203526541784,0.11986674558715525,0.041501170291230335,0.9360079647345821,1.5
11,0.72,0.06219538797550235,SARS-CoV-2 (pre-Omicron),0.6376375524734903,0.9384209669142254,0.4028572493053322,0.07042524986457604,0.13101804809083578,0.04599142016115967,0.9295747501354239,1.5
11,0.73,0.0593029469014501,SARS-CoV-2 (pre-Omicron),0.6376375524734903,0.931297201116233,0.404305533186353,0.07763056246386509,0.14331477069703383,0.05108466637094758,0.9223694375361349,1.5
11,0.74,0.05647561340091732,SARS-CoV-2 (pre-Omicron),0.6376375524734903,0.9235647583236112,0.40589892650840176,0.08570899662410626,0.1568609277022218,0.05687287522030939,0.9142910033758938,1.5
11,0.75,0.05371107143028766,SARS-CoV-2 (pre-Omicron),0.6376375524734903,0.9152081890654691,0.4076508637151933,0.09477457147060141,0.17176226627675634,0.0634626288697736,0.9052254285293986,1.5
11,0.76,0.051007116790392444,SARS-CoV-2 (pre-Omicron),0.6376375524734903,0.906217578227293,0.4095755236219366,0.10495566322503458,0.1881233858847408,0.07097730767187731,0.8950443367749654,1.5
11,0.77,0.048361650339924414,SARS-CoV-2 (pre-Omicron),0.6376375524734903,0.8965892643394983,0.41168774555474297,0.11639638072816252,0.20604387806872193,0.07955950426478337,0.8836036192718375,1.5
11,0.78,0.045772671702563585,SARS-CoV-2 (pre-Omicron),0.6376375524734903,0.886326467551033,0.4140029121513422,0.12925789644055272,0.22561334895892815,0.0893736493799395,0.8707421035594473,1.5
11,0.79,0.043238273426090296,SARS-CoV-2 (pre-Omicron),0.6376375524734903,0.8754397990063612,0.41653679511896335,0.14371964715051042,0.24690523055867702,0.10060880302969452,0.8562803528494896,1.5
11,0.8,0.04075663555576686,SARS-CoV-2 (pre-Omicron),0.6376375524734903,0.8639476294176281,0.4193053610324732,0.15998028186648713,0.2699693674699806,0.11348152586162502,0.8400197181335128,1.5
11,0.81,0.038326020587842645,SARS-CoV-2 (pre-Omicron),0.6376375524734903,0.8518763021446722,0.4223245354474282,0.17825818517941602,0.29482349243955897,0.12823868914802303,0.821741814820584,1.5
11,0.8200000000000001,0.035944768772236284,SARS-CoV-2 (pre-Omicron),0.6376375524734903,0.8392601859249453,0.4256099252309934,0.1987913389467842,0.321443882287756,0.14516000160180356,0.8012086610532159,1.5
11,0.8300000000000001,0.03361129373631018,SARS-CoV-2 (pre-Omicron),0.6376375524734903,0.8261415742875755,0.4291765010796963,0.22183619858117423,0.34975571252459237,0.16455991824288474,0.7781638014188258,1.5
11,0.8400000000000001,0.03132407840422051,SARS-CoV-2 (pre-Omicron),0.6376375524734903,0.812570452383195,0.43303824465457796,0.2476651462363552,0.3796238877073193,0.1867884392391658,0.7523348537636448,1.5
11,0.8500000000000001,0.029081671188629428,SARS-CoV-2 (pre-Omicron),0.6376375524734903,0.7986041673461104,0.43720776752646984,0.27656193371960375,0.4108453802233022,0.21223008955074624,0.7234380662803963,1.5
11,0.86,0.02688268243363976,SARS-CoV-2 (pre-Omicron),0.6376375524734903,0.7843070556272286,0.4416959120331695,0.30881433271956155,0.4431443069594895,0.24130007285474225,0.6911856672804384,1.5
11,0.87,0.02472578108967637,SARS-CoV-2 (pre-Omicron),0.6376375524734903,0.7697501009449644,0.44651134699451145,0.34470295577909754,0.4761710390690503,0.2744361886441921,0.6552970442209025,1.5
11,0.88,0.022609691602721978,SARS-CoV-2 (pre-Omicron),0.6376375524734903,0.7550107217691213,0.4516601737506556,0.3844848816172734,0.5095064993958339,0.3120845541270519,0.6155151183827265,1.5
11,0.89,0.020533191001830015,SARS-CoV-2 (pre-Omicron),0.6376375524734903,0.7401728218416421,0.45714555989484684,0.4283702916245362,0.5426723993167192,0.35467643616183975,0.5716297083754638,1.5
11,0.9,0.01849510617021116,SARS-CoV-2 (pre-Omicron),0.6376375524734903,0.7253272890666762,0.4629674190772193,0.47648977360265465,0.5751474937251737,0.4025925123076778,0.5235102263973453,1.5
11,0.91,0.0164943112864286,SARS-CoV-2 (pre-Omicron),0.6376375524734903,0.7105732117483031,0.4691221551126522,0.5288492398694713,0.6063890522786619,0.4561095651661651,0.4711507601305287,1.5
11,0.9199999999999999,0.014529725423360663,SARS-CoV-2 (pre-Omicron),0.6376375524734903,0.6960202239246036,0.47560248716453035,0.5852684964154493,0.6358577945226653,0.515322868004749,0.4147315035845507,1.5
11,0.9299999999999999,0.012600310293609777,SARS-CoV-2 (pre-Omicron),0.6376375524734903,0.68179264633946,0.4823973699451731,0.6452983332421931,0.6630437024571272,0.5800352093805051,0.3547016667578069,1.5
11,0.94,0.010705068130959072,SARS-CoV-2 (pre-Omicron),0.6376375524734903,0.6680365635139109,0.489492018762967,0.7081095144659915,0.6874895829805553,0.6496004586125169,0.29189048553400854,1.5
11,0.95,0.008843039698319205,SARS-CoV-2 (pre-Omicron),0.6376375524734903,0.6549318989913097,0.49686804409669916,0.772345143580597,0.7088090909813286,0.7227055715150519,0.22765485641940297,1.5
11,0.96,0.0070133024133719225,SARS-CoV-2 (pre-Omicron),0.6376375524734903,0.6427134385771914,0.5045036945667679,0.8359254555908742,0.726696052803748,0.7970696928372792,0.16407454440912583,1.5
11,0.97,0.00521496858381341,SARS-CoV-2 (pre-Omicron),0.6376375524734903,0.6317088682972607,0.5123742011783465,0.8957910070313522,0.7409219894841572,0.8690321643114169,0.10420899296864783,1.5
11,0.98,0.003447183744732715,SARS-CoV-2 (pre-Omicron),0.6376375524734903,0.622411591042928,0.5204522100554905,0.9475663262166928,0.7513179112081804,0.9329923294728757,0.05243367378330721,1.5
11,0.99,0.0017091250912418794,SARS-CoV-2 (pre-Omicron),0.6376375524734903,0.6156312374968831,0.5287082860695523,0.9851211356975792,0.7577328686304691,0.980652444325651,0.014878864302420802,1.5
12,0.5,0.14907273144306948,SARS-CoV-2 (pre-Omicron),0.6376375524734903,0.9981456435622478,0.32108346125931897,0.010872643738711064,0.021510971839426817,0.007421136846082668,0.9891273562612889,1.5
12,0.51,0.14379711590616773,SARS-CoV-2 (pre-Omicron),0.6376375524734903,0.9978266008664914,0.3212489417283281,0.0116339892553382,0.022999816073593065,0.00794333316972858,0.9883660107446618,1.5
12,0.52,0.13869065960834395,SARS-CoV-2 (pre-Omicron),0.6376375524734903,0.9974552153270357,0.3214281981679772,0.012459679745995749,0.024611920478803066,0.008510256933868426,0.9875403202540043,1.5
12,0.53,0.1337448391639878,SARS-CoV-2 (pre-Omicron),0.6376375524734903,0.9970235109738822,0.32162264787498684,0.013356608234693628,0.026360084058835023,0.00912683052043507,0.9866433917653064,1.5
12,0.54,0.12895171102262742,SARS-CoV-2 (pre-Omicron),0.6376375524734903,0.9965224479686341,0.32183387259655194,0.014332535517525082,0.028258639691846665,0.009798625024401606,0.9856674644824749,1.5
12,0.55,0.1243038621670018,SARS-CoV-2 (pre-Omicron),0.6376375524734903,0.995941818199467,0.32206363835228036,0.015396211547970185,0.030323651383501064,0.010531957537495449,0.9846037884520298,1.5
12,0.56,0.11979436581121396,SARS-CoV-2 (pre-Omicron),0.6376375524734903,0.9952701400615344,0.3223139174860642,0.016557514836632016,0.032573136404705605,0.011334004378791299,0.983442485163368,1.5
12,0.5700000000000001,0.11541674151280147,SARS-CoV-2 (pre-Omicron),0.6376375524734903,0.9944945552326054,0.3225869131253559,0.017827612575027928,0.03502731482618416,0.012212933030191438,0.982172387424972,1.5
12,0.58,0.11116491919022436,SARS-CoV-2 (pre-Omicron),0.6376375524734903,0.9936007310011874,0.3228850862156055,0.019219144580162002,0.03770888894356551,0.013178056018741795,0.980780855419838,1.5
12,0.59,0.1070332066035005,SARS-CoV-2 (pre-Omicron),0.6376375524734903,0.9925727725190219,0.3232111852786239,0.020746434588585428,0.04064335493699966,0.014240010552783698,0.9792535654114146,1.5
12,0.6,0.10301625991236055,SARS-CoV-2 (pre-Omicron),0.6376375524734903,0.9913931502060892,0.3235682790126342,0.022425732906532537,0.04385934876973067,0.0154109683763143,0.9775742670934675,1.5
12,0.61,0.09910905697486692,SARS-CoV-2 (pre-Omicron),0.6376375524734903,0.9900426483952242,0.32395979180557144,0.024275494945617978,0.047389027722416294,0.016704881067267023,0.975724505054382,1.5
12,0.62,0.09530687309121269,SARS-CoV-2 (pre-Omicron),0.6376375524734903,0.9885003421121631,0.3243895421680657,0.02631670073771873,0.05126848798172293,0.01813776688222198,0.9736832992622813,1.5
12,0.63,0.09160525893342643,SARS-CoV-2 (pre-Omicron),0.6376375524734903,0.9867436095764731,0.3248617840043535,0.028573221120052984,0.055538217220108314,0.01972804625274666,0.971426778879947,1.5
12,0.64,0.08800002043283231,SARS-CoV-2 (pre-Omicron),0.6376375524734903,0.9847481884955014,0.32538125052353606,0.03107223689809537,0.06024357894958974,0.021496934175093196,0.9689277631019046,1.5
12,0.65,0.08448720042408026,SARS-CoV-2 (pre-Omicron),0.6376375524734903,0.9824882844106917,0.3259532004453569,0.033844717907361405,0.06543532239399102,0.023468899008672425,0.9661552820926386,1.5
12,0.66,0.08106306186797753,SARS-CoV-2 (pre-Omicron),0.6376375524734903,0.9799367391384392,0.3265834659692213,0.036925969471064024,0.07117010744249032,0.02567219860521716,0.963074030528936,1.5
12,0.67,0.07772407249573497,SARS-CoV-2 (pre-Omicron),0.6376375524734903,0.9770652666211568,0.3272785017481956,0.04035625423893964,0.07751102861372004,0.028139506213305063,0.9596437457610604,1.5
12,0.6799999999999999,0.07446689073501914,SARS-CoV-2 (pre-Omicron),0.6376375524734903,0.9738447621735546,0.32804543383769613,0.044181497721068684,0.0845281145205414,0.030908640206927754,0.9558185022789313,1.5
12,0.69,0.071288352793744,SARS-CoV-2 (pre-Omicron),0.6376375524734903,0.9702456891038028,0.32889210726976525,0.04845408589774513,0.09229876969724697,0.03402341330973009,0.9515459141022549,1.5
12,0.7,0.06818546079114812,SARS-CoV-2 (pre-Omicron),0.6376375524734903,0.9662385439787158,0.3298271305389785,0.053233762951393315,0.10090811345244055,0.037534618526434596,0.9467662370486067,1.5
12,0.71,0.06515537183765269,SARS-CoV-2 (pre-Omicron),0.6376375524734903,0.9617943984123237,0.3308599148795758,0.05858863623558373,0.11044915532419818,0.041501170291230335,0.9414113637644163,1.5
12,0.72,0.06219538797550235,SARS-CoV-2 (pre-Omicron),0.6376375524734903,0.9568855112858982,0.3320007057747917,0.06459629380603359,0.12102272858437776,0.04599142016115967,0.9354037061939664,1.5
12,0.73,0.0593029469014501,SARS-CoV-2 (pre-Omicron),0.6376375524734903,0.9514860009346083,0.33326060368440835,0.07134503683360693,0.13273708222906744,0.05108466637094758,0.9286549631663931,1.5
12,0.74,0.05647561340091732,SARS-CoV-2 (pre-Omicron),0.6376375524734903,0.94557256232740206,0.33465157052883776,0.07893522452315327,0.14570700870843534,0.05687287522030939,0.9210647754768467,1.5
12,0.75,0.05371107143028766,SARS-CoV-2 (pre-Omicron),0.6376375524734903,0.9391252099677024,0.3361864180602572,0.08748072213907468,0.1600523608477255,0.0634626288697736,0.9125192778609253,1.5
12,0.76,0.051007116790392444,SARS-CoV-2 (pre-Omicron),0.6376375524734903,0.9321280235592143,0.3378787739257758,0.09711043254595253,0.17589578978341228,0.07097730767187731,0.9028895674540475,1.5
12,0.77,0.048361650339924414,SARS-CoV-2 (pre-Omicron),0.6376375524734903,0.9245698708507035,0.33974302103652465,0.10796987719731475,0.1933595207444648,0.07955950426478337,0.8920301228026852,1.5
12,0.78,0.045772671702563585,SARS-CoV-2 (pre-Omicron),0.6376375524734903,0.9164450809241076,0.34179420586038867,0.12022277228381155,0.2125609816753148,0.0893736493799395,0.8797772277161885,1.5
12,0.79,0.043238273426090296,SARS-CoV-2 (pre-Omicron),0.6376375524734903,0.9077540418966331,0.3440479115210807,0.13405251786539443,0.23360711982179963,0.10060880302969452,0.8659474821346056,1.5
12,0.8,0.04075663555576686,SARS-CoV-2 (pre-Omicron),0.6376375524734903,0.8985036998496603,0.34652009217899926,0.1496634797552526,0.25658729429623306,0.11348152586162502,0.8503365202447474,1.5
12,0.81,0.038326020587842645,SARS-CoV-2 (pre-Omicron),0.6376375524734903,0.8887079409315777,0.34922686615001675,0.16728189243446126,0.2815647300442067,0.12823868914802303,0.8327181075655388,1.5
12,0.8200000000000001,0.035944768772236284,SARS-CoV-2 (pre-Omicron),0.6376375524734903,0.8783878460341442,0.35218426663098723,0.18715614212100742,0.3085666708783393,0.14516000160180356,0.8128438578789926,1.5
12,0.8300000000000001,0.03361129373631018,SARS-CoV-2 (pre-Omicron),0.6376375524734903,0.8675718171354223,0.35540795076224263,0.20955609681282394,0.3375735812793047,0.16455991824288474,0.7904439031871761,1.5
12,0.8400000000000001,0.03132407840422051,SARS-CoV-2 (pre-Omicron),0.6376375524734903,0.8562955862271074,0.3589128700453966,0.23477102759184446,0.3685080125350764,0.1867884392391658,0.7652289724081556,1.5
12,0.8500000000000001,0.029081671188629428,SARS-CoV-2 (pre-Omicron),0.6376375524734903,0.8446021316837481,0.36271290777719867,0.26310550359461976,0.40122404525612565,0.21223008955074624,0.7368944964053803,1.5
12,0.86,0.02688268243363976,SARS-CoV-2 (pre-Omicron),0.6376375524734903,0.8325415432631208,0.3668204920272128,0.29487243010253644,0.43549850156716274,0.24130007285474225,0.7051275698974635,1.5
12,0.87,0.02472578108967637,SARS-CoV-2 (pre-Omicron),0.6376375524734903,0.8201708965286474,0.37124619558942284,0.33038212014903784,0.47102531695952415,0.2744361886441921,0.6696178798509622,1.5
12,0.88,0.022609691602721978,SARS-CoV-2 (pre-Omicron),0.6376375524734903,0.8075542223240711,0.37599833703302377,0.36992592564604687,0.5074144879938762,0.3120845541270519,0.6300740743539531,1.5
12,0.89,0.020533191001830015,SARS-CoV-2 (pre-Omicron),0.6376375524734903,0.7947626908873574,0.38108259918638576,0.4137524797325312,0.5441967832060769,0.35467643616183975,0.5862475202674688,1.5
12,0.9,0.01849510617021116,SARS-CoV-2 (pre-Omicron),0.6376375524734903,0.7818751805369233,0.3865016828208969,0.4620339865379271,0.5808348651180867,0.4025925123076778,0.537966013462073,1.5
12,0.91,0.0164943112864286,SARS-CoV-2 (pre-Omicron),0.6376375524734903,0.7689794810916949,0.39225501369340254,0.5148191980111018,0.6167406248139942,0.4561095651661651,0.48518080198889824,1.5
12,0.9199999999999999,0.014529725423360663,SARS-CoV-2 (pre-Omicron),0.6376375524734903,0.7561745177113832,0.39833852025737015,0.5719686893367953,0.6512974587529912,0.515322868004749,0.42803131066320466,1.5
12,0.9299999999999999,0.012600310293609777,SARS-CoV-2 (pre-Omicron),0.6376375524734903,0.743574221056293,0.4047444971667177,0.6330667206831438,0.6838850704437761,0.5800352093805051,0.36693327931685615,1.5
12,0.94,0.010705068130959072,SARS-CoV-2 (pre-Omicron),0.6376375524734903,0.7313141147375054,0.4114615662082861,0.6973022725633956,0.7139033244993055,0.6496004586125169,0.3026977274366044,1.5
12,0.95,0.008843039698319205,SARS-CoV-2 (pre-Omicron),0.6376375524734903,0.7195625548734426,0.41847474169166243,0.7633096626374585,0.7407908038481508,0.7227055715150519,0.23669033736254153,1.5
12,0.96,0.0070133024133719225,SARS-CoV-2 (pre-Omicron),0.6376375524734903,0.7085403245190196,0.4257656019207938,0.8289563643637492,0.7640328797653518,0.7970696928372792,0.1710436356362508,1.5
12,0.97,0.00521496858381341,SARS-CoV-2 (pre-Omicron),0.6376375524734903,0.6985561402161987,0.433312562603708,0.8910620902735016,0.7831526872747051,0.8690321643114169,0.10893790972649842,1.5
12,0.98,0.003447183744732715,SARS-CoV-2 (pre-Omicron),0.6376375524734903,0.6900747062882191,0.44109124241980147,0.9450286709517615,0.7976748034632304,0.9329923294728757,0.05497132904823854,1.5
12,0.99,0.0017091250912418794,SARS-CoV-2 (pre-Omicron),0.6376375524734903,0.683857498713054,0.4490749059549666,0.9843544994681978,0.8070415589711195,0.980652444325651,0.015645500531802248,1.5
13,0.5,0.14907273144306948,SARS-CoV-2 (pre-Omicron),0.6376375524734903,0.9989683117796564,0.25914890500053944,0.009980901625206618,0.01976433365347313,0.007421136846082668,0.9900190983747934,1.5
13,0.51,0.14379711590616773,SARS-CoV-2 (pre-Omicron),0.6376375524734903,0.9987775557325766,0.25928324472859343,0.010681178573951625,0.02113632002156739,0.00794333316972858,0.9893188214260483,1.5
13,0.52,0.13869065960834395,SARS-CoV-2 (pre-Omicron),0.6376375524734903,0.998553104165665,0.2594288747372553,0.01144093349173148,0.022622667514393173,0.008510256933868426,0.9885590665082685,1.5
13,0.53,0.1337448391639878,SARS-CoV-2 (pre-Omicron),0.6376375524734903,0.9982894002841313,0.25958697579215584,0.01226659618733679,0.024235397136114657,0.00912683052043507,0.9877334038126632,1.5
13,0.54,0.12895171102262742,SARS-CoV-2 (pre-Omicron),0.6376375524734903,0.9979800727362188,0.2597588690573043,0.013165417339876353,0.02598799932038207,0.009798625024401606,0.9868345826601237,1.5
13,0.55,0.1243038621670018,SARS-CoV-2 (pre-Omicron),0.6376375524734903,0.9976178423842376,0.25994603361772883,0.014145585568017658,0.027895628886663654,0.010531957537495449,0.9858544144319823,1.5
13,0.56,0.11979436581121396,SARS-CoV-2 (pre-Omicron),0.6376375524734903,0.9971944251772796,0.2601501260833292,0.015216362319896603,0.029975325953193348,0.011334004378791299,0.9847836376801034,1.5
13,0.5700000000000001,0.11541674151280147,SARS-CoV-2 (pre-Omicron),0.6376375524734903,0.9967004329175588,0.26037300246262274,0.016388237355211745,0.03224626579289913,0.012212933030191438,0.9836117626447882,1.5
13,0.58,0.11116491919022436,SARS-CoV-2 (pre-Omicron),0.6376375524734903,0.9961252743326109,0.2606167424925703,0.01767310800648513,0.034730040741732915,0.013178056018741795,0.9823268919935149,1.5
13,0.59,0.1070332066035005,SARS-CoV-2 (pre-Omicron),0.6376375524734903,0.9954570595697328,0.26088367660065825,0.019084485874858427,0.037450977296472336,0.014240010552783698,0.9809155141251416,1.5
13,0.6,0.10301625991236055,SARS-CoV-2 (pre-Omicron),0.6376375524734903,0.9946825120037518,0.26117641565543714,0.020637735139966622,0.04043649142000094,0.0154109683763143,0.9793622648600334,1.5
13,0.61,0.09910905697486692,SARS-CoV-2 (pre-Omicron),0.6376375524734903,0.9937868920702648,0.26149788362882065,0.022350347244673354,0.04371748473651007,0.016704881067267023,0.9776496527553267,1.5
13,0.62,0.09530687309121269,SARS-CoV-2 (pre-Omicron),0.6376375524734903,0.9927539386675378,0.26185135324415787,0.024242257352515634,0.047328783653439385,0.01813776688222198,0.9757577426474844,1.5
13,0.63,0.09160525893342643,SARS-CoV-2 (pre-Omicron),0.6376375524734903,0.9915658344602989,0.26224048461442917,0.026336208663510025,0.05130962236761632,0.01972804625274666,0.97366379133649,1.5
13,0.64,0.08800002043283231,SARS-CoV-2 (pre-Omicron),0.6376375524734903,0.990203202101713,0.2626693667804293,0.0286581714017917,0.05570416903892229,0.021496934175093196,0.9713418285982083,1.5
13,0.65,0.08448720042408026,SARS-CoV-2 (pre-Omicron),0.6376375524734903,0.9886451388854667,0.26314256193465657,0.03123782403756375,0.060562091939617424,0.023468899008672425,0.9687621759624363,1.5
13,0.66,0.08106306186797753,SARS-CoV-2 (pre-Omicron),0.6376375524734903,0.9868692975553992,0.263665151957836,0.03410910504574848,0.06593915885190593,0.02567219860521716,0.9658908949542515,1.5
13,0.67,0.07772407249573497,SARS-CoV-2 (pre-Omicron),0.6376375524734903,0.9848520208361043,0.2642427866967565,0.037310844188352045,0.07189785807200179,0.028139506213305063,0.9626891558116479,1.5
13,0.6799999999999999,0.07446689073501914,SARS-CoV-2 (pre-Omicron),0.6376375524734903,0.9825685366055931,0.2648817331700871,0.040887482868707366,0.078508022706101,0.030908640206927754,0.9591125171312926,1.5
13,0.69,0.071288352793744,SARS-CoV-2 (pre-Omicron),0.6376375524734903,0.979993219423643,0.26558892460009265,0.04488989344532715,0.08584743107713734,0.03402341330973009,0.9551101065546729,1.5
13,0.7,0.06818546079114812,SARS-CoV-2 (pre-Omicron),0.6376375524734903,0.9770999222953374,0.26637200783169623,0.04937630737237236,0.09400234453045982,0.037534618526434596,0.9506236926276277,1.5
13,0.71,0.06515537183765269,SARS-CoV-2 (pre-Omicron),0.6376375524734903,0.973862380067471,0.267239387318276,0.05441336145938586,0.10306792926890235,0.041501170291230335,0.9455866385406141,1.5
13,0.72,0.06219538797550235,SARS-CoV-2 (pre-Omicron),0.6376375524734903,0.9702546827610459,0.2682002634323717,0.060077270148576424,0.11314849068700039,0.04599142016115967,0.9399227298514236,1.5
13,0.73,0.0593029469014501,SARS-CoV-2 (pre-Omicron),0.6376375524734903,0.9662518135399862,0.2692646624113173,0.0664551291298767,0.12435742685096832,0.05108466637094758,0.9335448708701233,1.5
13,0.74,0.05647561340091732,SARS-CoV-2 (pre-Omicron),0.6376375524734903,0.9618302420861252,0.2704434547919925,0.0736463513596868,0.13681678254324403,0.05687287522030939,0.9263536486403132,1.5
13,0.75,0.05371107143028766,SARS-CoV-2 (pre-Omicron),0.6376375524734903,0.9569685601533892,0.2717483587532967,0.0817642299559079,0.1506562576208317,0.0634626288697736,0.9182357700440921,1.5
13,0.76,0.051007116790392444,SARS-CoV-2 (pre-Omicron),0.6376375524734903,0.9516481423390912,0.27319192440687734,0.09093761262318856,0.16601149538004242,0.07097730767187731,0.9090623873768114,1.5
13,0.77,0.048361650339924414,SARS-CoV-2 (pre-Omicron),0.6376375524734903,0.9458538120162354,0.2747874948033865,0.10131265803866465,0.1830214517971423,0.07955950426478337,0.8986873419613354,1.5
13,0.78,0.045772671702563585,SARS-CoV-2 (pre-Omicron),0.6376375524734903,0.9395744903163075,0.2765491393093684,0.11305462443745072,0.20182463062228365,0.0893736493799395,0.8869453755625493,1.5
13,0.79,0.043238273426090296,SARS-CoV-2 (pre-Omicron),0.6376375524734903,0.9328038054191895,0.2784915551222895,0.12634961241766,0.22255397054213685,0.10060880302969452,0.87365038758234,1.5
13,0.8,0.04075663555576686,SARS-CoV-2 (pre-Omicron),0.6376375524734903,0.9255406405233507,0.2806299330943913,0.141406145028208,0.24533019981064652,0.11348152586162502,0.858593854971792,1.5
13,0.81,0.038326020587842645,SARS-CoV-2 (pre-Omicron),0.6376375524734903,0.9177896019781232,0.28297978479307406,0.1584564149618893,0.27025354376174876,0.12823868914802303,0.8415435850381107,1.5
13,0.8200000000000001,0.035944768772236284,SARS-CoV-2 (pre-Omicron),0.6376375524734903,0.9095613943039249,0.2855567288874902,0.17775695652057966,0.29739379473818195,0.14516000160180356,0.8222430434794203,1.5
13,0.8300000000000001,0.03361129373631018,SARS-CoV-2 (pre-Omicron),0.6376375524734903,0.9008730962615018,0.2883762365469652,0.1995884029222501,0.32677894256513645,0.16455991824288474,0.8004115970777499,1.5
13,0.8400000000000001,0.03132407840422051,SARS-CoV-2 (pre-Omicron),0.6376375524734903,0.8917483417756937,0.29145333756195724,0.22425385965897662,0.3583828190134588,0.1867884392391658,0.7757461403410234,1.5
13,0.8500000000000001,0.029081671188629428,SARS-CoV-2 (pre-Omicron),0.6376375524734903,0.8822174214527614,0.2948022913028553,0.2520752518671749,0.3921125190087319,0.21223008955074624,0.7479247481328251,1.5
13,0.86,0.02688268243363976,SARS-CoV-2 (pre-Omicron),0.6376375524734903,0.8723173349643745,0.29843622931276403,0.2833867749643784,0.4277966897882108,0.24130007285474225,0.7166132250356216,1.5
13,0.87,0.02472578108967637,SARS-CoV-2 (pre-Omicron),0.6376375524734903,0.8620918425191849,0.3023667791266411,0.3185242763057044,0.46517606505456033,0.2744361886441921,0.6814757236942957,1.5
13,0.88,0.022609691602721978,SARS-CoV-2 (pre-Omicron),0.6376375524734903,0.8515915867608038,0.3066036816056319,0.3578089996843382,0.5038977774835119,0.3120845541270519,0.6421910003156618,1.5
13,0.89,0.020533191001830015,SARS-CoV-2 (pre-Omicron),0.6376375524734903,0.840874388166023,0.31115441641534947,0.40152360640849394,0.5435149096302035,0.35467643616183975,0.5984763935915061,1.5
13,0.9,0.01849510617021116,SARS-CoV-2 (pre-Omicron),0.6376375524734903,0.8300058638558566,0.31602385198404626,0.449877710949409,0.5834923511115027,0.4025925123076778,0.550122289050591,1.5
13,0.91,0.0164943112864286,SARS-CoV-2 (pre-Omicron),0.6376375524734903,0.8190605937731644,0.3212139370870015,0.5029592904729945,0.6232192722781086,0.4561095651661651,0.4970407095270055,1.5
13,0.9199999999999999,0.014529725423360663,SARS-CoV-2 (pre-Omicron),0.6376375524734903,0.8081241823082702,0.32672345090210797,0.5606671882310629,0.6620274247605433,0.515322868004749,0.4393328117689371,1.5
13,0.9299999999999999,0.012600310293609777,SARS-CoV-2 (pre-Omicron),0.6376375524734903,0.7972967822622076,0.33254782684002926,0.6226184574184932,0.6992131344240704,0.5800352093805051,0.3773815425815068,1.5
13,0.94,0.010705068130959072,SARS-CoV-2 (pre-Omicron),0.6376375524734903,0.786699052098951,0.3386790626596313,0.6880223915831598,0.7340593921654534,0.6496004586125169,0.3119776084168402,1.5
13,0.95,0.008843039698319205,SARS-CoV-2 (pre-Omicron),0.6376375524734903,0.7764823003018854,0.34510572546040985,0.7555106420645918,0.7658529292526399,0.7227055715150519,0.24448935793540816,1.5
13,0.96,0.0070133024133719225,SARS-CoV-2 (pre-Omicron),0.6376375524734903,0.7668461715521259,0.35181305535822893,0.8229096831303575,0.7938893738720959,0.7970696928372792,0.1770903168696425,1.5
13,0.97,0.00521496858381341,SARS-CoV-2 (pre-Omicron),0.6376375524734903,0.7580707185932893,0.3587831663725043,0.8869378633194333,0.8174566756513518,0.8690321643114169,0.11306213668056675,1.5
13,0.98,0.003447183744732715,SARS-CoV-2 (pre-Omicron),0.6376375524734903,0.7505779206791766,0.36599533772857906,0.9428041399789736,0.835780639743051,0.9329923294728757,0.05719586002102639,1.5
13,0.99,0.0017091250912418794,SARS-CoV-2 (pre-Omicron),0.6376375524734903,0.7450590211579694,0.3734263838739551,0.9836790350761071,0.8479005091193336,0.980652444325651,0.0163209649238929,1.5
14,0.5,0.14907273144306948,SARS-CoV-2 (pre-Omicron),0.6376375524734903,0.9994309615766113,0.20509785922291535,0.009312817542144282,0.01845368146758515,0.007421136846082668,0.9906871824578557,1.5
14,0.51,0.14379711590616773,SARS-CoV-2 (pre-Omicron),0.6376375524734903,0.9993185090481407,0.20520461819540436,0.009967002445744198,0.019737150509607032,0.00794333316972858,0.9900329975542558,1.5
14,0.52,0.13869065960834395,SARS-CoV-2 (pre-Omicron),0.6376375524734903,0.9991847950720789,0.2053204147345633,0.010676928724161957,0.02112809028774216,0.008510256933868426,0.9893230712758381,1.5
14,0.53,0.1337448391639878,SARS-CoV-2 (pre-Omicron),0.6376375524734903,0.9990260514564877,0.20544620649928724,0.011448659901558944,0.022637893590728257,0.00912683052043507,0.988551340098441,1.5
14,0.54,0.12895171102262742,SARS-CoV-2 (pre-Omicron),0.6376375524734903,0.9988379094978428,0.20558306735408793,0.01228904148086445,0.024279365693096654,0.009798625024401606,0.9877109585191356,1.5
14,0.55,0.1243038621670018,SARS-CoV-2 (pre-Omicron),0.6376375524734903,0.9986153222348512,0.20573220230615208,0.013205814107990705,0.026066916052950025,0.010531957537495449,0.9867941858920093,1.5
14,0.56,0.11979436581121396,SARS-CoV-2 (pre-Omicron),0.6376375524734903,0.9983524814238791,0.2058949642989737,0.014207744306710623,0.028016776530613102,0.011334004378791299,0.9857922556932894,1.5
14,0.5700000000000001,0.11541674151280147,SARS-CoV-2 (pre-Omicron),0.6376375524734903,0.9980427302470376,0.2060728730482564,0.01530477559022122,0.0301472494438363,0.012212933030191438,0.9846952244097787,1.5
14,0.58,0.11116491919022436,SARS-CoV-2 (pre-Omicron),0.6376375524734903,0.997678473244702,0.20626763610865684,0.016508203192289315,0.03247898900576762,0.013178056018741795,0.9834917968077107,1.5
14,0.59,0.1070332066035005,SARS-CoV-2 (pre-Omicron),0.6376375524734903,0.9972510855305095,0.20648117235705543,0.01783087615736728,0.03503531985599852,0.014240010552783698,0.9821691238426327,1.5
14,0.6,0.10301625991236055,SARS-CoV-2 (pre-Omicron),0.6376375524734903,0.9967508239944053,0.20671563806726723,0.019287431089692948,0.03784259644789753,0.0154109683763143,0.980712568910307,1.5
14,0.61,0.09910905697486692,SARS-CoV-2 (pre-Omicron),0.6376375524734903,0.996166743915448,0.2069734557298496,0.02089456248940901,0.04093060693497056,0.016704881067267023,0.979105437510591,1.5
14,0.62,0.09530687309121269,SARS-CoV-2 (pre-Omicron),0.6376375524734903,0.9954866251685588,0.20725734573583388,0.022671335300251012,0.04433302482007766,0.01813776688222198,0.977328664699749,1.5
14,0.63,0.09160525893342643,SARS-CoV-2 (pre-Omicron),0.6376375524734903,0.994696912983521,0.2075703609911841,0.024639546056019392,0.04808791087945785,0.01972804625274666,0.9753604539439806,1.5
14,0.64,0.08800002043283231,SARS-CoV-2 (pre-Omicron),0.6376375524734903,0.9937826789520722,0.20791592445545348,0.026824139834309355,0.05223826659677543,0.021496934175093196,0.9731758601656907,1.5
14,0.65,0.08448720042408026,SARS-CoV-2 (pre-Omicron),0.6376375524734903,0.992727608617645,0.20829786949888063,0.029253691090574668,0.05683263834255447,0.023468899008672425,0.9707463089094254,1.5
14,0.66,0.08106306186797753,SARS-CoV-2 (pre-Omicron),0.6376375524734903,0.9915140224462774,0.2087204828421766,0.031960957327238984,0.0619257685571896,0.02567219860521716,0.968039042672761,1.5
14,0.67,0.07772407249573497,SARS-CoV-2 (pre-Omicron),0.6376375524734903,0.9901229371803634,0.20918854967761724,0.034983515409286216,0.06757928592183501,0.028139506213305063,0.9650164845907138,1.5
14,0.6799999999999999,0.07446689073501914,SARS-CoV-2 (pre-Omicron),0.6376375524734903,0.9885341744275814,0.2097074003640843,0.038364491105757015,0.07386242053955143,0.030908640206927754,0.961635508894243,1.5
14,0.69,0.071288352793744,SARS-CoV-2 (pre-Omicron),0.6376375524734903,0.986726522746858,0.21028295783869133,0.04215339302189328,0.08085272203490648,0.03402341330973009,0.9578466069781068,1.5
14,0.7,0.06818546079114812,SARS-CoV-2 (pre-Omicron),0.6376375524734903,0.9846779583863329,0.21092178459132904,0.04640706235408865,0.08863674768685317,0.037534618526434596,0.9535929376459114,1.5
14,0.71,0.06515537183765269,SARS-CoV-2 (pre-Omicron),0.6376375524734903,0.9823659281561266,0.2116311277061309,0.05119074965804973,0.09731067367720932,0.041501170291230335,0.9488092503419503,1.5
14,0.72,0.06219538797550235,SARS-CoV-2 (pre-Omicron),0.6376375524734903,0.9797676956730978,0.21241896008933214,0.05657932880281957,0.10698076473351667,0.04599142016115967,0.9434206711971804,1.5
14,0.73,0.0593029469014501,SARS-CoV-2 (pre-Omicron),0.6376375524734903,0.9768607494414037,0.2132940155850147,0.0626586561213161,0.11776361547483781,0.05108466637094758,0.937341343878684,1.5
14,0.74,0.05647561340091732,SARS-CoV-2 (pre-Omicron),0.6376375524734903,0.9736232680422284,0.2142658152437772,0.06952707895831667,0.12978605054864825,0.05687287522030939,0.9304729210416833,1.5
14,0.75,0.05371107143028766,SARS-CoV-2 (pre-Omicron),0.6376375524734903,0.9700346342795001,0.2153446815771365,0.07729709167614521,0.14318454066980868,0.0634626288697736,0.9227029083238548,1.5
14,0.76,0.051007116790392444,SARS-CoV-2 (pre-Omicron),0.6376375524734903,0.9660759867150095,0.21654173723384995,0.08609712778586148,0.1581039593822192,0.07097730767187731,0.9139028722141385,1.5
14,0.77,0.048361650339924414,SARS-CoV-2 (pre-Omicron),0.6376375524734903,0.9617307939327495,0.21786888421428685,0.09607346299340203,0.17469547363896393,0.07955950426478337,0.903926537006598,1.5
14,0.78,0.045772671702563585,SARS-CoV-2 (pre-Omicron),0.6376375524734903,0.9569854344420189,0.21933875954542847,0.1073921839405795,0.1931133350215003,0.0893736493799395,0.8926078160594205,1.5
14,0.79,0.043238273426090296,SARS-CoV-2 (pre-Omicron),0.6376375524734903,0.9518297637147156,0.2209646633299609,0.12024114909653348,0.21351032504598788,0.10060880302969452,0.8797588509034665,1.5
14,0.8,0.04075663555576686,SARS-CoV-2 (pre-Omicron),0.6376375524734903,0.9462576497850773,0.22276045532040456,0.13483182873031743,0.23603161793005534,0.11348152586162502,0.8651681712696826,1.5
14,0.81,0.038326020587842645,SARS-CoV-2 (pre-Omicron),0.6376375524734903,0.9402674604001513,0.22474041671515932,0.1514008563703717,0.26080687061233465,0.12823868914802303,0.8485991436296283,1.5
14,0.8200000000000001,0.035944768772236284,SARS-CoV-2 (pre-Omicron),0.6376375524734903,0.9338624881082583,0.22691907478139683,0.17021104964691683,0.2879404476081838,0.14516000160180356,0.8297889503530832,1.5
14,0.8300000000000001,0.03361129373631018,SARS-CoV-2 (pre-Omicron),0.6376375524734903,0.9270513050561592,0.22931098921658688,0.19155155740045773,0.3174998513478616,0.16455991824288474,0.8084484425995423,1.5
14,0.8400000000000001,0.03132407840422051,SARS-CoV-2 (pre-Omicron),0.6376375524734903,0.9198480467458595,0.23193050087485434,0.2157366539256562,0.3495026652043728,0.1867884392391658,0.7842633460743438,1.5
14,0.8500000000000001,0.029081671188629428,SARS-CoV-2 (pre-Omicron),0.6376375524734903,0.9122726337340858,0.23479144557659848,0.24310251915840653,0.3839026222172303,0.21223008955074624,0.7568974808415935,1.5
14,0.86,0.02688268243363976,SARS-CoV-2 (pre-Omicron),0.6376375524734903,0.9043509525778307,0.23790683811253377,0.2740011011847075,0.4205757626891702,0.24130007285474225,0.7259988988152926,1.5
14,0.87,0.02472578108967637,SARS-CoV-2 (pre-Omicron),0.6376375524734903,0.8961150329850449,0.24128853411616702,0.30878983613735,0.45930798569552383,0.2744361886441921,0.69121016386265,1.5
14,0.88,0.022609691602721978,SARS-CoV-2 (pre-Omicron),0.6376375524734903,0.887603278661487,0.24494688002926845,0.34781557646974326,0.4997855500777276,0.3120845541270519,0.6521844235302567,1.5
14,0.89,0.020533191001830015,SARS-CoV-2 (pre-Omicron),0.6376375524734903,0.8788608377440681,0.2488903636974732,0.3913905210296385,0.5415901330414944,0.35467643616183975,0.6086094789703616,1.5
14,0.9,0.01849510617021116,SARS-CoV-2 (pre-Omicron),0.6376375524734903,0.8699402406067617,0.2531252799570185,0.439757209856586,0.5841997979240974,0.4025925123076778,0.5602427901434139,1.5
14,0.91,0.0164943112864286,SARS-CoV-2 (pre-Omicron),0.6376375524734903,0.8609024987482173,0.25765542665951935,0.4930386926782503,0.6269965714819045,0.4561095651661651,0.5069613073217497,1.5
14,0.9199999999999999,0.014529725423360663,SARS-CoV-2 (pre-Omicron),0.6376375524734903,0.8518189683997296,0.26248184671499386,0.5511687381198905,0.6692802563240424,0.515322868004749,0.44883126188010947,1.5
14,0.9299999999999999,0.012600310293609777,SARS-CoV-2 (pre-Omicron),0.6376375524734903,0.842774475445492,0.2676026307683598,0.6137953383312037,0.7102866466135258,0.5800352093805051,0.3862046616687963,1.5
14,0.94,0.010705068130959072,SARS-CoV-2 (pre-Omicron),0.6376375524734903,0.8338725535696897,0.27301279301547454,0.6801486762862797,0.7492065531417135,0.6496004586125169,0.31985132371372027,1.5
14,0.95,0.008843039698319205,SARS-CoV-2 (pre-Omicron),0.6376375524734903,0.8252443348975602,0.2787042294852212,0.7488620273307895,0.7851999845801854,0.7227055715150519,0.25113797266921045,1.5
14,0.96,0.0070133024133719225,SARS-CoV-2 (pre-Omicron),0.6376375524734903,0.8170640369025612,0.28466576406207067,0.8177305939220212,0.817397179524195,0.7970696928372792,0.1822694060779788,1.5
14,0.97,0.00521496858381341,SARS-CoV-2 (pre-Omicron),0.6376375524734903,0.8095770494459922,0.29088328290668597,0.8833888094806394,0.8448738669146869,0.8690321643114169,0.11661119051936064,1.5
14,0.98,0.003447183744732715,SARS-CoV-2 (pre-Omicron),0.6376375524734903,0.8031538315601153,0.2973399531355281,0.940880924306242,0.8665791972970144,0.9329923294728757,0.05911907569375796,1.5
14,0.99,0.0017091250912418794,SARS-CoV-2 (pre-Omicron),0.6376375524734903,0.7984015157368103,0.30401651706055965,0.9830923638645201,0.8811733146053414,0.980652444325651,0.016907636135479853,1.5
15,0.5,0.14907273144306948,SARS-CoV-2 (pre-Omicron),0.6376375524734903,0.9996887203603971,0.1592026703559326,0.008811204273219133,0.017468442603857555,0.007421136846082668,0.9911887957267809,1.5
15,0.51,0.14379711590616773,SARS-CoV-2 (pre-Omicron),0.6376375524734903,0.9996232854017651,0.1592857832779767,0.00943059687212034,0.0186849174146476,0.00794333316972858,0.9905694031278797,1.5
15,0.52,0.13869065960834395,SARS-CoV-2 (pre-Omicron),0.6376375524734903,0.9995446751680821,0.15937597113388846,0.01010287360773497,0.02000356169982615,0.008510256933868426,0.989897126392265,1.5
15,0.53,0.1337448391639878,SARS-CoV-2 (pre-Omicron),0.6376375524734903,0.9994503949415352,0.15947399154276876,0.010833811320434521,0.021435269275352133,0.00912683052043507,0.9891661886795655,1.5
15,0.54,0.12895171102262742,SARS-CoV-2 (pre-Omicron),0.6376375524734903,0.9993375214844378,0.15958069562072208,0.011629937209991495,0.02299229817240917,0.009798625024401606,0.9883700627900085,1.5
15,0.55,0.1243038621670018,SARS-CoV-2 (pre-Omicron),0.6376375524734903,0.9992026415454668,0.15969704030371923,0.012498638604653375,0.024688458845557034,0.010531957537495449,0.9875013613953466,1.5
15,0.56,0.11979436581121396,SARS-CoV-2 (pre-Omicron),0.6376375524734903,0.9990417848722124,0.1598241022621839,0.013448290034406129,0.02653932914985152,0.011334004378791299,0.9865517099655938,1.5
15,0.5700000000000001,0.11541674151280147,SARS-CoV-2 (pre-Omicron),0.6376375524734903,0.9988503521964928,0.15996309357931593,0.014488400429944875,0.02856249962750452,0.012212933030191438,0.9855115995700551,1.5
15,0.58,0.11116491919022436,SARS-CoV-2 (pre-Omicron),0.6376375524734903,0.9986230390096582,0.16011537937151554,0.0156297837214312,0.03077785295569752,0.013178056018741795,0.9843702162785688,1.5
15,0.59,0.1070332066035005,SARS-CoV-2 (pre-Omicron),0.6376375524734903,0.9983537563735959,0.16028249753142376,0.016884756628722075,0.03320788167479649,0.014240010552783698,0.983115243371278,1.5
15,0.6,0.10301625991236055,SARS-CoV-2 (pre-Omicron),0.6376375524734903,0.9980355505208872,0.16046618077028163,0.018267368023356892,0.03587804850127457,0.0154109683763143,0.9817326319766431,1.5
15,0.61,0.09910905697486692,SARS-CoV-2 (pre-Omicron),0.6376375524734903,0.9976605235800874,0.16066838112436066,0.01979366490719012,0.038817193576520484,0.016704881067267023,0.9802063350928099,1.5
15,0.62,0.09530687309121269,SARS-CoV-2 (pre-Omicron),0.6376375524734903,0.9972197584078352,0.1608912970674754,0.02148200079634539,0.042057992833906085,0.01813776688222198,0.9785179992036546,1.5
15,0.63,0.09160525893342643,SARS-CoV-2 (pre-Omicron),0.6376375524734903,0.9967032511970081,0.1611374033349322,0.02335339312229217,0.04563747117593291,0.01972804625274666,0.9766466068777079,1.5
15,0.64,0.08800002043283231,SARS-CoV-2 (pre-Omicron),0.6376375524734903,0.9960998562267475,0.16140948351004603,0.025431937159658514,0.049597573198039716,0.021496934175093196,0.9745680628403415,1.5
15,0.65,0.08448720042408026,SARS-CoV-2 (pre-Omicron),0.6376375524734903,0.9953972477808225,0.16171066534845624,0.02774528495100985,0.05398579258627791,0.023468899008672425,0.9722547150489902,1.5
15,0.66,0.08106306186797753,SARS-CoV-2 (pre-Omicron),0.6376375524734903,0.9945819048272467,0.16204445871339035,0.030325198699734268,0.05885585880565119,0.02567219860521716,0.9696748013002657,1.5
15,0.67,0.07772407249573497,SARS-CoV-2 (pre-Omicron),0.6376375524734903,0.9936391244548621,0.16241479586213292,0.033208189105618575,0.06426847596888575,0.028139506213305063,0.9667918108943814,1.5
15,0.6799999999999999,0.07446689073501914,SARS-CoV-2 (pre-Omicron),0.6376375524734903,0.9925530702234586,0.16282607365557977,0.036436250064328504,0.07029210343731142,0.030908640206927754,0.9635637499356715,1.5
15,0.69,0.071288352793744,SARS-CoV-2 (pre-Omicron),0.6376375524734903,0.9913068614218438,0.16328319705489136,0.040057701952367394,0.07700376027708282,0.03402341330973009,0.9599422980476326,1.5
15,0.7,0.06818546079114812,SARS-CoV-2 (pre-Omicron),0.6376375524734903,0.9898827086669056,0.16379162301889327,0.04412815624213157,0.08448982561373831,0.037534618526434596,0.9558718437578684,1.5
15,0.71,0.06515537183765269,SARS-CoV-2 (pre-Omicron),0.6376375524734903,0.9882621002551016,0.16435740362192575,0.048711614249379795,0.09284679357164238,0.041501170291230335,0.9512883857506202,1.5
15,0.72,0.06219538797550235,SARS-CoV-2 (pre-Omicron),0.6376375524734903,0.9864260421622775,0.16498722687608003,0.053881712142375436,0.10218192421156465,0.04599142016115967,0.9461182878576245,1.5
15,0.73,0.0593029469014501,SARS-CoV-2 (pre-Omicron),0.6376375524734903,0.9843553525840243,0.1656884533699482,0.059723122568144486,0.11261371012253958,0.05108466637094758,0.9402768774318555,1.5
15,0.74,0.05647561340091732,SARS-CoV-2 (pre-Omicron),0.6376375524734903,0.9820310094737045,0.16646914643919275,0.06633311986639298,0.12427205174396391,0.05687287522030939,0.933666880133607,1.5
15,0.75,0.05371107143028766,SARS-CoV-2 (pre-Omicron),0.6376375524734903,0.9794345467843162,0.16733809318005843,0.07382331014770804,0.1372980032206964,0.0634626288697736,0.926176689852292,1.5
15,0.76,0.051007116790392444,SARS-CoV-2 (pre-Omicron),0.6376375524734903,0.9765484922303267,0.16830481323076207,0.08232151856245461,0.15184291558146365,0.07097730767187731,0.9176784814375454,1.5
15,0.77,0.048361650339924414,SARS-CoV-2 (pre-Omicron),0.6376375524734903,0.9733568365902048,0.16937955191150356,0.09197381260261774,0.16806676753711003,0.07955950426478337,0.9080261873973823,1.5
15,0.78,0.045772671702563585,SARS-CoV-2 (pre-Omicron),0.6376375524734903,0.9698455221476017,0.17057325407416657,0.10294662054733454,0.18613544037943658,0.0893736493799395,0.8970533794526655,1.5
15,0.79,0.043238273426090296,SARS-CoV-2 (pre-Omicron),0.6376375524734903,0.9660029361218745,0.17189751491815464,0.11542887589770753,0.20621666903287633,0.10060880302969452,0.8845711241022924,1.5
15,0.8,0.04075663555576686,SARS-CoV-2 (pre-Omicron),0.6376375524734903,0.9618203941704423,0.17336450413490112,0.1296340788107643,0.22847439607650658,0.11348152586162502,0.8703659211892357,1.5
15,0.81,0.038326020587842645,SARS-CoV-2 (pre-Omicron),0.6376375524734903,0.9572925995363689,0.17498686010773,0.14580211011877073,0.2530612825749502,0.12823868914802303,0.8541978898812292,1.5
15,0.8200000000000001,0.035944768772236284,SARS-CoV-2 (pre-Omicron),0.6376375524734903,0.9524180654032692,0.17677755156830133,0.16420055721429663,0.280109204472297,0.14516000160180356,0.8357994427857034,1.5
15,0.8300000000000001,0.03361129373631018,SARS-CoV-2 (pre-Omicron),0.6376375524734903,0.9471994917001156,0.17874970513584465,0.1851252069412299,0.3097177022209466,0.16455991824288474,0.8148747930587701,1.5
15,0.8400000000000001,0.03132407840422051,SARS-CoV-2 (pre-Omicron),0.6376375524734903,0.941644093140838,0.18091639855870412,0.2088992195574968,0.3419405666644793,0.1867884392391658,0.7911007804425032,1.5
15,0.8500000000000001,0.029081671188629428,SARS-CoV-2 (pre-Omicron),0.6376375524734903,0.9357638828899737,0.18329042122561523,0.235870307952877,0.37677103818497676,0.21223008955074624,0.764129692047123,1.5
15,0.86,0.02688268243363976,SARS-CoV-2 (pre-Omicron),0.6376375524734903,0.9295759262600933,0.18588400556231233,0.26640499216660124,0.4141264522503502,0.24130007285474225,0.7335950078333988,1.5
15,0.87,0.02472578108967637,SARS-CoV-2 (pre-Omicron),0.6376375524734903,0.9231025919433602,0.18870853517656583,0.3008786608114929,0.45383353875790805,0.2744361886441921,0.6991213391885072,1.5
15,0.88,0.022609691602721978,SARS-CoV-2 (pre-Omicron),0.6376375524734903,0.9163718457844939,0.19177423791311843,0.33965972233848274,0.4956158978760468,0.3120845541270519,0.6603402776615173,1.5
15,0.89,0.020533191001830015,SARS-CoV-2 (pre-Omicron),0.6376375524734903,0.9094176565511247,0.19508987413901513,0.3830855366925494,0.5390853235159282,0.35467643616183975,0.6169144633074506,1.5
15,0.9,0.01849510617021116,SARS-CoV-2 (pre-Omicron),0.6376375524734903,0.9022806193081353,0.19866243238149373,0.4314270387176027,0.5837385027189839,0.4025925123076778,0.5685729612823973,1.5
15,0.91,0.0164943112864286,SARS-CoV-2 (pre-Omicron),0.6376375524734903,0.8950089587676184,0.20249684566077275,0.48483794330084845,0.6289600710835882,0.4561095651661651,0.5151620566991515,1.5
15,0.9199999999999999,0.014529725423360663,SARS-CoV-2 (pre-Omicron),0.6376375524734903,0.8876601693088567,0.20659574229678201,0.5432830877560058,0.674031978946982,0.515322868004749,0.45671691224399424,1.5
15,0.9299999999999999,0.012600310293609777,SARS-CoV-2 (pre-Omicron),0.6376375524734903,0.880303713387092,0.21095924447258296,0.6064387286039823,0.7181476086966211,0.5800352093805051,0.3935612713960177,1.5
15,0.94,0.010705068130959072,SARS-CoV-2 (pre-Omicron),0.6376375524734903,0.8730255032478705,0.21558482633956966,0.6735553519592179,0.7604271036068851,0.6496004586125169,0.3264446480407821,1.5
15,0.95,0.008843039698319205,SARS-CoV-2 (pre-Omicron),0.6376375524734903,0.865935476586282,0.22046724098344617,0.7432706317786534,0.7999278717824431,0.7227055715150519,0.2567293682213466,1.5
15,0.96,0.0070133024133719225,SARS-CoV-2 (pre-Omicron),0.6376375524734903,0.8591807727866304,0.2255985222774486,0.813356390999664,0.8356408308297854,0.7970696928372792,0.18664360900033605,1.5
15,0.97,0.00521496858381341,SARS-CoV-2 (pre-Omicron),0.6376375524734903,0.8529696213517214,0.23096806377291434,0.880378549603977,0.8664573807902032,0.8690321643114169,0.11962145039602301,1.5
15,0.98,0.003447183744732715,SARS-CoV-2 (pre-Omicron),0.6376375524734903,0.8476171874271162,0.23656277263574244,0.9392427803539821,0.8910808212727238,0.9329923294728757,0.06075721964601788,1.5
15,0.99,0.0017091250912418794,SARS-CoV-2 (pre-Omicron),0.6376375524734903,0.8436405254460758,0.24236729258771716,0.9825905577424251,0.9078294878048672,0.980652444325651,0.017409442257574903,1.5
0,0.5,0.08459271448529786,SARS-CoV,0.2690439252554479,0.057012090376137727,0.999772199612772,0.6754119419041054,0.10514850680985295,0.008245704757108095,0.32458805809589464,1.5
0,0.51,0.08203406221035264,SARS-CoV,0.2690439252554479,0.05422691786535093,0.9997793830967445,0.6858241392791726,0.10050692830374239,0.008802861251260587,0.31417586072082737,1.5
0,0.52,0.07953350612790357,SARS-CoV,0.2690439252554479,0.05150809987558469,0.999786494971643,0.6961372899436514,0.09591902670918845,0.009406875137597014,0.3038627100563486,1.5
0,0.53,0.07708864729099134,SARS-CoV,0.2690439252554479,0.04885672490626305,0.9997935336472787,0.7063493978508587,0.09139205093442423,0.010062855556226026,0.2936506021491413,1.5
0,0.54,0.07469722873828587,SARS-CoV,0.2690439252554479,0.04627389347814827,0.9998004974231078,0.7164583321434849,0.08693304263136165,0.010776578717894086,0.28354166785651513,1.5
0,0.55,0.0723571246427317,SARS-CoV,0.2690439252554479,0.04376071211539909,0.9998073844867679,0.7264618267991538,0.08254883558766248,0.0115545870337937,0.27353817320084617,1.5
0,0.56,0.07006633046985951,SARS-CoV,0.2690439252554479,0.04131828626514311,0.9998141929124126,0.736357479997793,0.07824605181728485,0.012404304334021257,0.263642520002207,1.5
0,0.5700000000000001,0.06782295403563192,SARS-CoV,0.2690439252554479,0.03894771203834703,0.9998209206588772,0.746142753224242,0.07403109419334838,0.013334169926316457,0.25385724677575805,1.5
0,0.58,0.06562520736740894,SARS-CoV,0.2690439252554479,0.036650066664347926,0.9998275655677189,0.7558149701176204,0.0699101354760317,0.014353794722926087,0.24418502988237956,1.5
0,0.59,0.0634713992834212,SARS-CoV,0.2690439252554479,0.034426397566674115,0.9998341253611867,0.7653713150772998,0.06588910361314937,0.015474143217882336,0.23462868492270017,1.5
0,0.6,0.061359928616325526,SARS-CoV,0.2690439252554479,0.03227770999106453,0.9998405976401842,0.7748088316338225,0.061973663234780166,0.01670774574002436,0.22519116836617747,1.5
0,0.61,0.05928927801522756,SARS-CoV,0.2690439252554479,0.03020495314912348,0.9998469798823089,0.7841244205917437,0.05816919332838408,0.01806894614930245,0.2158755794082563,1.5
0,0.62,0.05725800826819763,SARS-CoV,0.2690439252554479,0.02820900488389627,0.9998532694400654,0.793314837950189,0.05448076116939639,0.019574190995450044,0.20668516204981102,1.5
0,0.63,0.05526475309394961,SARS-CoV,0.2690439252554479,0.026290654917509322,0.9998594635393776,0.8023766926057663,0.050913092695638366,0.021242367127783705,0.19762330739423373,1.5
0,0.64,0.05330821435714451,SARS-CoV,0.2690439252554479,0.024450586806075144,0.9998655592785463,0.8113064438415276,0.04747053965218666,0.023095195838619187,0.1886935561584724,1.5
0,0.65,0.05138715766683292,SARS-CoV,0.2690439252554479,0.02268935880269071,0.9998715536278324,0.8201003986046929,0.04415704399496426,0.025157692841494432,0.17989960139530714,1.5
0,0.66,0.04950040832198442,SARS-CoV,0.2690439252554479,0.02100738391404193,0.9998774434298835,0.8287547085750555,0.04097610022261497,0.027458704721771476,0.1712452914249445,1.5
0,0.67,0.04764684757192884,SARS-CoV,0.2690439252554479,0.01940490952710567,0.9998832254012544,0.837265367025187,0.03793071650084484,0.030031533931323635,0.16273463297481305,1.5
0,0.6799999999999999,0.04582540916295323,SARS-CoV,0.2690439252554479,0.017881997075708127,0.9998888961353241,0.8456282054728113,0.035023375642284825,0.03291466589194994,0.15437179452718874,1.5
0,0.69,0.04403507614530325,SARS-CoV,0.2690439252554479,0.016438502306859462,0.9998944521069508,0.8538388901250943,0.032255997195986305,0.03615261325716687,0.14616110987490571,1.5
0,0.7,0.04227487791749299,SARS-CoV,0.2690439252554479,0.015074056787217226,0.9998998896792612,0.8618929181138772,0.02962990206926375,0.03979689375235198,0.13810708188612275,1.5
0,0.71,0.04054388748717199,SARS-CoV,0.2690439252554479,0.013788051353115864,0.9999052051130113,0.8697856135203781,0.027145781234069296,0.04390715910543873,0.1302143864796219,1.5
0,0.72,0.038841218929880884,SARS-CoV,0.2690439252554479,0.012579622245246213,0.9999103945790033,0.8775121231871954,0.024803670142915013,0.04855249315153265,0.1224878768128046,1.5
0,0.73,0.03716602502886785,SARS-CoV,0.2690439252554479,0.011447640673382694,0.9999154541740786,0.8850674123149956,0.022602930478701197,0.05381289689170631,0.11493258768500436,1.5
0,0.74,0.035517495080780365,SARS-CoV,0.2690439252554479,0.010390706520745262,0.999920379941222,0.892446259840689,0.020542240774463445,0.05978097660360173,0.10755374015931096,1.5
0,0.75,0.0338948528535065,SARS-CoV,0.2690439252554479,0.0094071468169255,0.9999251678943234,0.8996432535933732,0.01861959725355074,0.06656384732644977,0.10035674640662684,1.5
0,0.76,0.0322973546837421,SARS-CoV,0.2690439252554479,0.00849501948114819,0.9999298140481061,0.9066527852238643,0.016832325955470462,0.07428525718063095,0.09334721477613572,1.5
0,0.77,0.03072428770302432,SARS-CoV,0.2690439252554479,0.007652122666217304,0.9999343144536773,0.9134690449030988,0.01517710683348261,0.08308792665570136,0.08653095509690123,1.5
0,0.78,0.029174968182011856,SARS-CoV,0.2690439252554479,0.006876009824442454,0.9999386652400437,0.9200860157842482,0.01365001005237575,0.09313607932239035,0.0799139842157518,1.5
0,0.79,0.027648739983725062,SARS-CoV,0.2690439252554479,0.006164010381246622,0.9999428626617788,0.9264974682228623,0.012246544203523575,0.10461811381964509,0.07350253177713773,1.5
0,0.8,0.026144973117297444,SARS-CoV,0.2690439252554479,0.005513255655046441,0.999946903152811,0.9326969537489321,0.010961715622275306,0.11774932795075632,0.06730304625106787,1.5
0,0.81,0.024663062384538737,SARS-CoV,0.2690439252554479,0.004920709421237066,0.9999507833860243,0.9386777987842448,0.009790097478572658,0.13277454959570226,0.06132220121575516,1.5
0,0.8200000000000001,0.02320242611229213,SARS-CoV,0.2690439252554479,0.004383202302882016,0.9999545003380229,0.9444330980979281,0.008725906856263158,0.1499704496124215,0.05556690190207192,1.5
0,0.8300000000000001,0.021762504964169368,SARS-CoV,0.2690439252554479,0.0038974689995991602,0.9999580513580292,0.9499557079926501,0.007763087678899057,0.16964720055325394,0.050044292007349944,1.5
0,0.8400000000000001,0.020342760825807694,SARS-CoV,0.2690439252554479,0.0034601872553918283,0.9999614342394517,0.9552382392133493,0.006895397113279257,0.19214899069376548,0.04476176078665073,1.5
0,0.8500000000000001,0.01894267575827983,SARS-CoV,0.2690439252554479,0.003068017428184636,0.9999646472922339,0.960273049570008,0.006116493011300888,0.2178526907719976,0.03972695042999197,1.5
0,0.86,0.017561751014746933,SARS-CoV,0.2690439252554479,0.0027176415664643093,0.9999676894136713,0.9650522362653315,0.005420020050551389,0.24716368146038084,0.03494776373466846,1.5
0,0.87,0.016199506115841027,SARS-CoV,0.2690439252554479,0.002405801025415501,0.9999705601550362,0.9695676279178214,0.004799692510093489,0.280507457299914,0.030432372082178638,1.5
0,0.88,0.014855477979645348,SARS-CoV,0.2690439252554479,0.0021293318678159995,0.999973259781092,0.9738107762700636,0.004249372070773695,0.3183150940213181,0.026189223729936373,1.5
0,0.89,0.013529220102461933,SARS-CoV,0.2690439252554479,0.0018851975970107099,0.9999757893194801,0.9777729475716549,0.0037631396631052504,0.36099995698276943,0.022227052428345107,1.5
0,0.9,0.01222030178687402,SARS-CoV,0.2690439252554479,0.0016705191727752738,0.9999781505970313,0.981445113625481,0.0033353612223037798,0.4089220817271172,0.018554886374518964,1.5
0,0.91,0.010928307413875744,SARS-CoV,0.2690439252554479,0.001482602799632954,0.9999803462603499,0.984817942485621,0.0029607483147759276,0.4623353992082563,0.015182057514378955,1.5
0,0.9199999999999999,0.009652835756103137,SARS-CoV,0.2690439252554479,0.0013189667302735525,0.9999823797785176,0.9878817887944691,0.0026344161295587254,0.5213113119782069,0.012118211205530915,1.5
0,0.9299999999999999,0.008393499329425595,SARS-CoV,0.2690439252554479,0.0011773694658687751,0.9999842554264736,0.9906266837460768,0.0023519436238243173,0.5856299294864642,0.009373316253923236,1.5
0,0.94,0.007149923780367234,SARS-CoV,0.2690439252554479,0.0010558436273175832,0.9999859782485074,0.9930423246621037,0.0021094444061903993,0.6546273807947637,0.006957675337896263,1.5
0,0.95,0.00592174730702197,SARS-CoV,0.2690439252554479,9.527432170716422e-4,0.9999875540022788,0.9951180641660803,0.0019036638335190156,0.7269838360998256,0.004881935833919715,1.5
0,0.96,0.004708620111297549,SARS-CoV,0.2690439252554479,8.668188157985967e-4,0.9999889890847999,0.996842898940986,0.0017321314322567439,0.8004319212751247,0.0031571010590140114,1.5
0,0.97,0.003510203880489954,SARS-CoV,0.2690439252554479,7.973499037303264e-4,0.9999902904427753,0.998205458054502,0.0015934270044937054,0.871358765632992,0.001794541945497996,1.5
0,0.98,0.0023261712963290188,SARS-CoV,0.2690439252554479,7.443977001008724e-4,0.9999914654705204,0.9991939908354748,0.0014876870760444393,0.934266552922541,8.060091645252232e-4,1.5
0,0.99,0.0011562055697797084,SARS-CoV,0.2690439252554479,7.09330058138807e-4,0.9999925218992963,0.9997963542844095,0.0014176543266269336,0.9810456027381631,2.0364571559050582e-4,1.5
1,0.5,0.08459271448529786,SARS-CoV,0.2690439252554479,0.1503337712936517,0.9991610700809851,0.5983760280772229,0.24029637391724587,0.008245704757108095,0.4016239719227771,1.5
1,0.51,0.08203406221035264,SARS-CoV,0.2690439252554479,0.14348508947529642,0.9991842784065683,0.6097060202594538,0.232301528097865,0.008802861251260587,0.39029397974054625,1.5
1,0.52,0.07953350612790357,SARS-CoV,0.2690439252554479,0.13676082641466736,0.9992074160357084,0.6210076493069596,0.2241569082117619,0.009406875137597014,0.3789923506930404,1.5
1,0.53,0.07708864729099134,SARS-CoV,0.2690439252554479,0.13016573624078934,0.9992304751409565,0.6322775644540595,0.21588720003360598,0.010062855556226026,0.36772243554594053,1.5
1,0.54,0.07469722873828587,SARS-CoV,0.2690439252554479,0.12370465295306389,0.9992534474037976,0.6435122143510917,0.2075174791896244,0.010776578717894086,0.35648778564890826,1.5
1,0.55,0.0723571246427317,SARS-CoV,0.2690439252554479,0.11738247456935133,0.9992763239975988,0.6547078417377744,0.1990731523501428,0.0115545870337937,0.3452921582622256,1.5
1,0.56,0.07006633046985951,SARS-CoV,0.2690439252554479,0.11120414398037039,0.999299095569572,0.6658604777256875,0.19057988838373674,0.012404304334021257,0.33413952227431254,1.5
1,0.5700000000000001,0.06782295403563192,SARS-CoV,0.2690439252554479,0.10517462612372294,0.9993217522218436,0.6769659356896393,0.1820635386038042,0.013334169926316457,0.32303406431036075,1.5
1,0.58,0.06562520736740894,SARS-CoV,0.2690439252554479,0.09929888110659246,0.9993442834917637,0.6880198047659712,0.1735500452824142,0.014353794722926087,0.31198019523402876,1.5
1,0.59,0.0634713992834212,SARS-CoV,0.2690439252554479,0.09358183294120778,0.999366678331624,0.6990174429543375,0.165065337703296,0.015474143217882336,0.30098255704566246,1.5
1,0.6,0.061359928616325526,SARS-CoV,0.2690439252554479,0.08802833361579751,0.9993889250880124,0.709953969818027,0.1566352151872847,0.01670774574002436,0.29004603018197295,1.5
1,0.61,0.05928927801522756,SARS-CoV,0.2690439252554479,0.0826431223101375,0.9994110114811007,0.7208242587765269,0.148285216760423,0.01806894614930245,0.2791757412234731,1.5
1,0.62,0.05725800826819763,SARS-CoV,0.2690439252554479,0.07743077968272884,0.9994329245842386,0.7316229289827477,0.14004047745690348,0.019574190995450044,0.2683770710172523,1.5
1,0.63,0.05526475309394961,SARS-CoV,0.2690439252554479,0.07239567730898003,0.9994546508043339,0.7423443367760459,0.13192557166286148,0.021242367127783705,0.25765566322395406,1.5
1,0.64,0.05330821435714451,SARS-CoV,0.2690439252554479,0.06754192253798416,0.999476175863616,0.7529825667009993,0.12396434441521877,0.023095195838619187,0.24701743329900072,1.5
1,0.65,0.05138715766683292,SARS-CoV,0.2690439252554479,0.06287329925879352,0.9994974847835189,0.7635314220807169,0.11617973216842498,0.025157692841494432,0.2364685779192831,1.5
1,0.66,0.04950040832198442,SARS-CoV,0.2690439252554479,0.05839320532208769,0.9995185618715863,0.7739844151322854,0.10859357521948873,0.027458704721771476,0.22601558486771456,1.5
1,0.67,0.04764684757192884,SARS-CoV,0.2690439252554479,0.05410458764273896,0.9995393907124853,0.7843347566108486,0.10122642471668913,0.030031533931323635,0.21566524338915138,1.5
1,0.6799999999999999,0.04582540916295323,SARS-CoV,0.2690439252554479,0.050009876302075096,0.9995599541644247,0.7945753449676504,0.09409734793789536,0.03291466589194994,0.20542465503234963,1.5
1,0.69,0.04403507614530325,SARS-CoV,0.2690439252554479,0.046110919260348576,0.9995802343624998,0.8046987550062673,0.087223736267412,0.03615261325716687,0.1953012449937327,1.5
1,0.7,0.04227487791749299,SARS-CoV,0.2690439252554479,0.04240891956072218,0.9996002127307306,0.8146972260200822,0.0806211209726343,0.03979689375235198,0.1853027739799178,1.5
1,0.71,0.04054388748717199,SARS-CoV,0.2690439252554479,0.03890437713312278,0.9996198700048012,0.8245626493929497,0.07430300242252873,0.04390715910543873,0.17543735060705035,1.5
1,0.72,0.038841218929880884,SARS-CoV,0.2690439252554479,0.03559703746468644,0.9996391862677544,0.834286555643758,0.06828069873444027,0.04855249315153265,0.16571344435624202,1.5
1,0.73,0.03716602502886785,SARS-CoV,0.2690439252554479,0.032485849468063856,0.9996581410011045,0.8438601008944758,0.06256321992113341,0.05381289689170631,0.15613989910552417,1.5
1,0.74,0.035517495080780365,SARS-CoV,0.2690439252554479,0.029568934826907953,0.9996767131540032,0.8532740527399926,0.05715717338253998,0.05978097660360173,0.14672594726000743,1.5
1,0.75,0.0338948528535065,SARS-CoV,0.2690439252554479,0.026843570912123298,0.9996948812331794,0.8625187754968435,0.052066706009252374,0.06656384732644977,0.13748122450315647,1.5
1,0.76,0.0322973546837421,SARS-CoV,0.2690439252554479,0.02430618903415768,0.9997126234163591,0.8715842148065995,0.047293487224454464,0.07428525718063095,0.12841578519340047,1.5
1,0.77,0.03072428770302432,SARS-CoV,0.2690439252554479,0.02195238932825526,0.9997299176916996,0.8804598815683772,0.04283673600513905,0.08308792665570136,0.11954011843162282,1.5
1,0.78,0.029174968182011856,SARS-CoV,0.2690439252554479,0.0197769729768117,0.9997467420254142,0.8891348351735443,0.03869329334328601,0.09313607932239035,0.1108651648264557,1.5
1,0.79,0.027648739983725062,SARS-CoV,0.2690439252554479,0.017773991785202843,0.9997630745591783,0.8975976660142798,0.03485773981796113,0.10461811381964509,0.10240233398572018,1.5
1,0.8,0.026144973117297444,SARS-CoV,0.2690439252554479,0.01593681438682853,0.9997788938380486,0.905836477236131,0.031322556063895564,0.11774932795075632,0.09416352276386897,1.5
1,0.81,0.024663062384538737,SARS-CoV,0.2690439252554479,0.014258207611593968,0.9997941790684923,0.9138388657032294,0.028078322075088216,0.13277454959570226,0.08616113429677064,1.5
1,0.8200000000000001,0.02320242611229213,SARS-CoV,0.2690439252554479,0.012730430867177622,0.9998089104046839,0.9215919021431426,0.025113949615618164,0.1499704496124215,0.07840809785685743,1.5
1,0.8300000000000001,0.021762504964169368,SARS-CoV,0.2690439252554479,0.011345340811780071,0.9998230692595272,0.9290821104367595,0.022416940660417158,0.16964720055325394,0.07091788956324052,1.5
1,0.8400000000000001,0.020342760825807694,SARS-CoV,0.2690439252554479,0.010094503192808895,0.9998366386349372,0.9362954460167671,0.0199736638731688,0.19214899069376548,0.06370455398323294,1.5
1,0.8500000000000001,0.01894267575827983,SARS-CoV,0.2690439252554479,0.008969308530126346,0.9998496034638735,0.9432172733365356,0.017769640733468334,0.2178526907719976,0.0567827266634644,1.5
1,0.86,0.017561751014746933,SARS-CoV,0.2690439252554479,0.0079610883643896,0.9998619509545866,0.9498323423692642,0.015789833102456623,0.24716368146038084,0.05016765763073583,1.5
1,0.87,0.016199506115841027,SARS-CoV,0.2690439252554479,0.007061229087702112,0.999873670925683,0.9561247640953084,0.014018924783968094,0.280507457299914,0.043875235904691556,1.5
1,0.88,0.014855477979645348,SARS-CoV,0.2690439252554479,0.0062612809352782526,0.9998847561191324,0.9620779849334293,0.012441590995301724,0.3183150940213181,0.03792201506657067,1.5
1,0.89,0.013529220102461933,SARS-CoV,0.2690439252554479,0.005553060557218626,0.9998952024774428,0.9676747600696594,0.011042751611637232,0.36099995698276943,0.032325239930340643,1.5
1,0.9,0.01222030178687402,SARS-CoV,0.2690439252554479,0.004928746748014611,0.999905009371081,0.9728971256350427,0.009807806644428818,0.4089220817271172,0.027102874364957286,1.5
1,0.91,0.010928307413875744,SARS-CoV,0.2690439252554479,0.004380970489606404,0.9999141797629951,0.9777263696812394,0.00872285583720081,0.4623353992082563,0.022273630318760618,1.5
1,0.9199999999999999,0.009652835756103137,SARS-CoV,0.2690439252554479,0.003902902695944093,0.9999227202988485,0.9821430019003693,0.007774908961239266,0.5213113119782069,0.017856998099630705,1.5
1,0.9299999999999999,0.008393499329425595,SARS-CoV,0.2690439252554479,0.0034883464409154476,0.9999306413143026,0.9861267220328942,0.00695210036848,0.5856299294864642,0.013873277967105802,1.5
1,0.94,0.007149923780367234,SARS-CoV,0.2690439252554479,0.003131846093773531,0.9999379567542707,0.989656386904552,0.006243932767301999,0.6546273807947637,0.010343613095447957,1.5
1,0.95,0.00592174730702197,SARS-CoV,0.2690439252554479,0.0028288360488196804,0.9999446840032594,0.9927099760304355,0.005641595751254857,0.7269838360998256,0.007290023969564463,1.5
1,0.96,0.004708620111297549,SARS-CoV,0.2690439252554479,0.0025758720344205253,0.9999508436304372,0.9952645557212705,0.005138445115314722,0.8004319212751247,0.004735444278729517,1.5
1,0.97,0.003510203880489954,SARS-CoV,0.2690439252554479,0.0023710315022924277,0.9999564590575183,0.9972962416237332,0.004730815681528489,0.871358765632992,0.002703758376266796,1.5
1,0.98,0.0023261712963290188,SARS-CoV,0.2690439252554479,0.002214671167676806,0.9999615561615764,0.9987801596232931,0.004419542547722216,0.934266552922541,0.00121984037670686,1.5
1,0.99,0.0011562055697797084,SARS-CoV,0.2690439252554479,0.0021109914510831383,0.9999661628281293,0.9996904050345132,0.0042130863585555815,0.9810456027381631,0.00030959496548677023,1.5
2,0.5,0.08459271448529786,SARS-CoV,0.2690439252554479,0.254839432404532,0.9980329980725509,0.5185764929931126,0.3417404136454831,0.008245704757108095,0.4814235070068874,1.5
2,0.51,0.08203406221035264,SARS-CoV,0.2690439252554479,0.24418374792260236,0.998080505276678,0.5304678022359908,0.3344255002800453,0.008802861251260587,0.46953219776400923,1.5
2,0.52,0.07953350612790357,SARS-CoV,0.2690439252554479,0.23364971241841687,0.998128192480664,0.542411697663899,0.32660904285425746,0.009406875137597014,0.45758830233610104,1.5
2,0.53,0.07708864729099134,SARS-CoV,0.2690439252554479,0.22324777449792288,0.99817604255736,0.5544045600060574,0.3183159844091459,0.010062855556226026,0.4455954399939426,1.5
2,0.54,0.07469722873828587,SARS-CoV,0.2690439252554479,0.21298866842656367,0.9982240370160461,0.5664424867173197,0.30957405330784377,0.010776578717894086,0.43355751328268033,1.5
2,0.55,0.0723571246427317,SARS-CoV,0.2690439252554479,0.20288339009371395,0.9982721559335266,0.5785212794953326,0.3004137625312481,0.0115545870337937,0.4214787205046674,1.5
2,0.56,0.07006633046985951,SARS-CoV,0.2690439252554479,0.1929431664506985,0.998320377881525,0.5906364310897473,0.2908683778732854,0.012404304334021257,0.4093635689102527,1.5
2,0.5700000000000001,0.06782295403563192,SARS-CoV,0.2690439252554479,0.18317941757490985,0.9983686798504943,0.6027831113798519,0.28097385103942696,0.013334169926316457,0.39721688862014815,1.5
2,0.58,0.06562520736740894,SARS-CoV,0.2690439252554479,0.1736037105191853,0.9984170371700399,0.6149561526947087,0.2707687136885033,0.014353794722926087,0.3850438473052913,1.5
2,0.59,0.0634713992834212,SARS-CoV,0.2690439252554479,0.16422770414770432,0.9984654234262693,0.6271500343476529,0.26029392864371853,0.015474143217882336,0.37284996565234707,1.5
2,0.6,0.061359928616325526,SARS-CoV,0.2690439252554479,0.15506308424621343,0.9985138103765236,0.6393588663547133,0.24959269486985092,0.01670774574002436,0.3606411336452867,1.5
2,0.61,0.05928927801522756,SARS-CoV,0.2690439252554479,0.14612148833448946,0.9985621678621253,0.6515763723042609,0.23871020340570523,0.01806894614930245,0.3484236276957391,1.5
2,0.62,0.05725800826819763,SARS-CoV,0.2690439252554479,0.13741441981136582,0.9986104637200013,0.6637958713428591,0.22769334228684043,0.019574190995450044,0.3362041286571409,1.5
2,0.63,0.05526475309394961,SARS-CoV,0.2690439252554479,0.12895315133472082,0.9986586636943141,0.6760102592399457,0.21659034961939197,0.021242367127783705,0.32398974076005427,1.5
2,0.64,0.05330821435714451,SARS-CoV,0.2690439252554479,0.12074861768557132,0.9987067313495614,0.6882119884915437,0.20545041538598247,0.023095195838619187,0.31178801150845625,1.5
2,0.65,0.05138715766683292,SARS-CoV,0.2690439252554479,0.11281129878789184,0.998754627987004,0.7003930474207214,0.19432323427664489,0.025157692841494432,0.2996069525792786,1.5
2,0.66,0.04950040832198442,SARS-CoV,0.2690439252554479,0.10515109405010827,0.9988023125667387,0.7125449382299415,0.18325851381674413,0.027458704721771476,0.28745506177005853,1.5
2,0.67,0.04764684757192884,SARS-CoV,0.2690439252554479,0.09777718974959415,0.9988497416382791,0.7246586539578065,0.1723054442576707,0.030031533931323635,0.2753413460421935,1.5
2,0.6799999999999999,0.04582540916295323,SARS-CoV,0.2690439252554479,0.0906979217794375,0.9988968692831072,0.7367246542898995,0.16151213902137726,0.03291466589194994,0.2632753457101005,1.5
2,0.69,0.04403507614530325,SARS-CoV,0.2690439252554479,0.08392063668990155,0.9989436470733495,0.7487328401706027,0.1509250568307709,0.03615261325716687,0.2512671598293973,1.5
2,0.7,0.04227487791749299,SARS-CoV,0.2690439252554479,0.07745155454933443,0.9989900240514624,0.7606725271597262,0.14058841886837217,0.03979689375235198,0.23932747284027378,1.5
2,0.71,0.04054388748717199,SARS-CoV,0.2690439252554479,0.07129563767674363,0.9990359467365987,0.7725324174747099,0.13054363621491613,0.04390715910543873,0.2274675825252901,1.5
2,0.72,0.038841218929880884,SARS-CoV,0.2690439252554479,0.06545646971117987,0.9990813591641066,0.7843005706558183,0.12082876424400482,0.04855249315153265,0.21569942934418174,1.5
2,0.73,0.03716602502886785,SARS-CoV,0.2690439252554479,0.05993614972950702,0.9991262029653758,0.7959643727883934,0.11147800140710992,0.05381289689170631,0.20403562721160662,1.5
2,0.74,0.035517495080780365,SARS-CoV,0.2690439252554479,0.05473520615487824,0.9991704174958939,0.8075105042125916,0.10252124977570291,0.05978097660360173,0.19248949578740837,1.5
2,0.75,0.0338948528535065,SARS-CoV,0.2690439252554479,0.04985253497255887,0.9992139400198674,0.8189249056472931,0.0939837536977322,0.06656384732644977,0.18107509435270686,1.5
2,0.76,0.0322973546837421,SARS-CoV,0.2690439252554479,0.04528536626179719,0.9992567059599773,0.8301927426508877,0.08588583092162948,0.07428525718063095,0.16980725734911228,1.5
2,0.77,0.03072428770302432,SARS-CoV,0.2690439252554479,0.04102926225719838,0.9992986492206757,0.8412983683375196,0.07824270757067188,0.08308792665570136,0.1587016316624804,1.5
2,0.78,0.029174968182011856,SARS-CoV,0.2690439252554479,0.037078149090766316,0.9993397025927737,0.8522252842629656,0.07106446453188055,0.09313607932239035,0.14777471573703438,1.5
2,0.79,0.027648739983725062,SARS-CoV,0.2690439252554479,0.03342438308431349,0.999379798245776,0.8629560993897661,0.06435609836425131,0.10461811381964509,0.13704390061023386,1.5
2,0.8,0.026144973117297444,SARS-CoV,0.2690439252554479,0.030058851035790417,0.9994188683123942,0.8734724870363422,0.05811769501588822,0.11774932795075632,0.12652751296365783,1.5
2,0.81,0.024663062384538737,SARS-CoV,0.2690439252554479,0.026971102468886544,0.9994568455668016,0.8837551397097974,0.052344709807629564,0.13277454959570226,0.11624486029020265,1.5
2,0.8200000000000001,0.02320242611229213,SARS-CoV,0.2690439252554479,0.0241495104042199,0.9994936641944523,0.8937837217166581,0.0470283426537421,0.1499704496124215,0.1062162782833419,1.5
2,0.8300000000000001,0.021762504964169368,SARS-CoV,0.2690439252554479,0.02158145597804679,0.9995292606466829,0.9035368194402479,0.04215599369600024,0.16964720055325394,0.09646318055975212,1.5
2,0.8400000000000001,0.020342760825807694,SARS-CoV,0.2690439252554479,0.019253531289767874,0.9995635745679657,0.9129918891673464,0.03771178172539262,0.19214899069376548,0.08700811083265358,1.5
2,0.8500000000000001,0.01894267575827983,SARS-CoV,0.2690439252554479,0.017151754295245323,0.9995965497778064,0.92212520234055,0.03367710617887792,0.2178526907719976,0.07787479765945005,1.5
2,0.86,0.017561751014746933,SARS-CoV,0.2690439252554479,0.015261789449406399,0.9996281352832046,0.9309117881061123,0.030031233260077523,0.24716368146038084,0.0690882118938877,1.5
2,0.87,0.016199506115841027,SARS-CoV,0.2690439252554479,0.013569168186159792,0.9996582862917824,0.9393253730200682,0.026751887888668467,0.280507457299914,0.060674626979931756,1.5
2,0.88,0.014855477979645348,SARS-CoV,0.2690439252554479,0.012059504239362969,0.9996869651906611,0.94733831776802,0.023815835719390468,0.3183150940213181,0.05266168223197998,1.5
2,0.89,0.013529220102461933,SARS-CoV,0.2690439252554479,0.010718700294544695,0.9997141424525244,0.9549215507462739,0.021199443366654983,0.36099995698276943,0.04507844925372606,1.5
2,0.9,0.01222030178687402,SARS-CoV,0.2690439252554479,0.00953314460223835,0.9997397974286165,0.9620444983437008,0.018879210288721443,0.4089220817271172,0.03795550165629924,1.5
2,0.91,0.010928307413875744,SARS-CoV,0.2690439252554479,0.008489899182836463,0.9997639189891727,0.9686750117551113,0.016832272830672824,0.4623353992082563,0.03132498824488872,1.5
2,0.9199999999999999,0.009652835756103137,SARS-CoV,0.2690439252554479,0.007576885567268588,0.9997865059752794,0.9747792901477124,0.015036890523779678,0.5213113119782069,0.025220709852287637,1.5
2,0.9299999999999999,0.008393499329425595,SARS-CoV,0.2690439252554479,0.00678308063471258,0.999807567432491,0.9803217999925989,0.01347293878861284,0.5856299294864642,0.01967820000740106,1.5
2,0.94,0.007149923780367234,SARS-CoV,0.2690439252554479,0.006098746140098392,0.9998271226054685,0.9852651903629767,0.012122454843163183,0.6546273807947637,0.014734809637023338,1.5
2,0.95,0.00592174730702197,SARS-CoV,0.2690439252554479,0.005515735585598236,0.9998452006839403,0.9895702039900561,0.010970324012262226,0.7269838360998256,0.01042979600994387,1.5
2,0.96,0.004708620111297549,SARS-CoV,0.2690439252554479,0.005027961726716625,0.999861840302627,0.9931955838561464,0.01000527267638598,0.8004319212751247,0.006804416143853631,1.5
2,0.97,0.003510203880489954,SARS-CoV,0.2690439252554479,0.004632192895081378,0.9998770888104325,0.9960979750924128,0.009221502680002516,0.871358765632992,0.003902024907587176,1.5
2,0.98,0.0023261712963290188,SARS-CoV,0.2690439252554479,0.004329544346652396,0.9998910013361255,0.9982318219360757,0.008621694564865293,0.934266552922541,0.001768178063924264,1.5
2,0.99,0.0011562055697797084,SARS-CoV,0.2690439252554479,0.004128540882742849,0.9999036396878952,0.9995492594883225,0.008223116981539737,0.9810456027381631,4.507405116774832e-4,1.5
3,0.5,0.08459271448529786,SARS-CoV,0.2690439252554479,0.3580568592279091,0.9962631944542105,0.44341290131229066,0.39618969698370865,0.008245704757108095,0.5565870986877093,1.5
3,0.51,0.08203406221035264,SARS-CoV,0.2690439252554479,0.3444829966239574,0.9963418093802681,0.4554284884949615,0.3922618274229185,0.008802861251260587,0.5445715115050385,1.5
3,0.52,0.07953350612790357,SARS-CoV,0.2690439252554479,0.33096286039604406,0.9964212372304322,0.4675770508331541,0.38758397926805793,0.009406875137597014,0.532422949166846,1.5
3,0.53,0.07708864729099134,SARS-CoV,0.2690439252554479,0.3175127217193712,0.9965014552070427,0.4798559852770487,0.3821579115954204,0.010062855556226026,0.5201440147229512,1.5
3,0.54,0.07469722873828587,SARS-CoV,0.2690439252554479,0.30414953478219925,0.9965824376762107,0.4922623364570732,0.37598977622279883,0.010776578717894086,0.5077376635429268,1.5
3,0.55,0.0723571246427317,SARS-CoV,0.2690439252554479,0.2908909137256963,0.9966641559819709,0.5047927753664043,0.36909046567490156,0.0115545870337937,0.4952072246335957,1.5
3,0.56,0.07006633046985951,SARS-CoV,0.2690439252554479,0.2777550992042539,0.996746578249359,0.5174435767622056,0.36147593385141014,0.012404304334021257,0.48255642323779435,1.5
3,0.5700000000000001,0.06782295403563192,SARS-CoV,0.2690439252554479,0.26476091303258864,0.9968296691763227,0.5302105952213111,0.3531674779104461,0.013334169926316457,0.4697894047786889,1.5
3,0.58,0.06562520736740894,SARS-CoV,0.2690439252554479,0.251927699351713,0.9969133898145469,0.5430892397817222,0.3441919687145594,0.014353794722926087,0.4569107602182778,1.5
3,0.59,0.0634713992834212,SARS-CoV,0.2690439252554479,0.2392752507640332,0.9969976973394903,0.5560744470967879,0.33458201626384065,0.015474143217882336,0.4439255529032121,1.5
3,0.6,0.061359928616325526,SARS-CoV,0.2690439252554479,0.2268237179739362,0.9970825448102218,0.5691606530242024,0.3243760559809407,0.01670774574002436,0.4308393469757976,1.5
3,0.61,0.05928927801522756,SARS-CoV,0.2690439252554479,0.21459350164058344,0.9971678809200143,0.5823417625670926,0.3136183416480266,0.01806894614930245,0.4176582374329074,1.5
3,0.62,0.05725800826819763,SARS-CoV,0.2690439252554479,0.2026051254206493,0.997253649739119,0.5956111180792811,0.3023588313644645,0.019574190995450044,0.40438888192071887,1.5
3,0.63,0.05526475309394961,SARS-CoV,0.2690439252554479,0.19087908956540087,0.9973397904517292,0.6089614656414751,0.29065295423034,0.021242367127783705,0.39103853435852487,1.5
3,0.64,0.05330821435714451,SARS-CoV,0.2690439252554479,0.1794357049507267,0.9974262370898507,0.6223849195094183,0.27856124768071433,0.023095195838619187,0.3776150804905817,1.5
3,0.65,0.05138715766683292,SARS-CoV,0.2690439252554479,0.16829490806690173,0.997512918267666,0.6358729245291416,0.2661488585794257,0.025157692841494432,0.36412707547085843,1.5
3,0.66,0.04950040832198442,SARS-CoV,0.2690439252554479,0.15747605827594413,0.9975997569210061,0.6494162164081307,0.2534849053560987,0.027458704721771476,0.35058378359186926,1.5
3,0.67,0.04764684757192884,SARS-CoV,0.2690439252554479,0.14699771954661267,0.9976866700577617,0.6630047797246649,0.24064170358908887,0.030031533931323635,0.33699522027533513,1.5
3,0.6799999999999999,0.04582540916295323,SARS-CoV,0.2690439252554479,0.13687742987610774,0.9977735685264632,0.6766278035505556,0.22769386336360953,0.03291466589194994,0.32337219644944437,1.5
3,0.69,0.04403507614530325,SARS-CoV,0.2690439252554479,0.127131462664267,0.9978603568118549,0.6902736345552121,0.2147172732298753,0.03615261325716687,0.30972636544478793,1.5
3,0.7,0.04227487791749299,SARS-CoV,0.2690439252554479,0.11777458536608643,0.9979469328680498,0.703929727451114,0.20178799230876274,0.03979689375235198,0.29607027254888596,1.5
3,0.71,0.04054388748717199,SARS-CoV,0.2690439252554479,0.10881982174247588,0.9980331880017602,0.717582592632616,0.18898107860643867,0.04390715910543873,0.28241740736738397,1.5
3,0.72,0.038841218929880884,SARS-CoV,0.2690439252554479,0.10027822487622498,0.9981190068200901,0.7312177408512478,0.1763693874002496,0.04855249315153265,0.2687822591487522,1.5
3,0.73,0.03716602502886785,SARS-CoV,0.2690439252554479,0.092158668732088,0.998204267259365,0.7448196247615186,0.16402237811219705,0.05381289689170631,0.25518037523848136,1.5
3,0.74,0.035517495080780365,SARS-CoV,0.2690439252554479,0.0844676663292768,0.9982888407133352,0.7583715771614877,0.15200497088383577,0.05978097660360173,0.24162842283851227,1.5
3,0.75,0.0338948528535065,SARS-CoV,0.2690439252554479,0.07720922248385456,0.9983725922806667,0.771855745742032,0.14037649468204996,0.06656384732644977,0.22814425425796803,1.5
3,0.76,0.0322973546837421,SARS-CoV,0.2690439252554479,0.07038472851053197,0.9984553811527012,0.7852530241478485,0.12918976691947673,0.07428525718063095,0.21474697585215152,1.5
3,0.77,0.03072428770302432,SARS-CoV,0.2690439252554479,0.06399290522217785,0.9985370611628038,0.7985429791416614,0.11849034018506334,0.08308792665570136,0.2014570208583386,1.5
3,0.78,0.029174968182011856,SARS-CoV,0.2690439252554479,0.058029799044746824,0.998617481517906,0.8117037736508308,0.10831594489984643,0.09313607932239035,0.1882962263491692,1.5
3,0.79,0.027648739983725062,SARS-CoV,0.2690439252554479,0.052488834134422124,0.9986964877308179,0.8247120854626115,0.09869614793013669,0.10461811381964509,0.17528791453738846,1.5
3,0.8,0.026144973117297444,SARS-CoV,0.2690439252554479,0.04736092114753687,0.9987739227682182,0.8375430213205068,0.08965223700958433,0.11774932795075632,0.16245697867949316,1.5
3,0.81,0.024663062384538737,SARS-CoV,0.2690439252554479,0.04263462091789634,0.9988496284236669,0.8501700261596152,0.08119733000880394,0.13277454959570226,0.14982997384038477,1.5
3,0.8200000000000001,0.02320242611229213,SARS-CoV,0.2690439252554479,0.03829635891618787,0.9989234469173709,0.862564787203339,0.07333669749549049,0.1499704496124215,0.13743521279666104,1.5
3,0.8300000000000001,0.021762504964169368,SARS-CoV,0.2690439252554479,0.034330684192388494,0.9989952227147132,0.8746971326275002,0.06606827749072565,0.16964720055325394,0.12530286737249985,1.5
3,0.8400000000000001,0.020342760825807694,SARS-CoV,0.2690439252554479,0.030720564721906297,0.9990648045438886,0.8865349244804123,0.059383353594134006,0.19214899069376548,0.11346507551958773,1.5
3,0.8500000000000001,0.01894267575827983,SARS-CoV,0.2690439252554479,0.027447709857343253,0.9991320475797664,0.8980439455290744,0.053267362298872564,0.2178526907719976,0.1019560544709256,1.5
3,0.86,0.017561751014746933,SARS-CoV,0.2690439252554479,0.024492910066924473,0.9991968157469756,0.9091877796820131,0.04770079271466186,0.24716368146038084,0.09081222031798686,1.5
3,0.87,0.016199506115841027,SARS-CoV,0.2690439252554479,0.021836384420140086,0.9992589840811175,0.9199276856185589,0.042660142218148484,0.280507457299914,0.08007231438144113,1.5
3,0.88,0.014855477979645348,SARS-CoV,0.2690439252554479,0.019458127440379037,0.9993184410741134,0.9302224632322191,0.03811889474261335,0.3183150940213181,0.06977753676778087,1.5
3,0.89,0.013529220102461933,SARS-CoV,0.2690439252554479,0.017338249070329836,0.999375090919331,0.9400283124724965,0.034048494421080544,0.36099995698276943,0.05997168752750348,1.5
3,0.9,0.01222030178687402,SARS-CoV,0.2690439252554479,0.015457304746144394,0.9994288555656459,0.9492986841445216,0.030419296122345542,0.4089220817271172,0.050701315855478435,1.5
3,0.91,0.010928307413875744,SARS-CoV,0.2690439252554479,0.013796617294835355,0.99947967648822,0.9579841221996034,0.027201486449284287,0.4623353992082563,0.04201587780039662,1.5
3,0.9199999999999999,0.009652835756103137,SARS-CoV,0.2690439252554479,0.01233859930991723,0.9995275160884137,0.9660320970216656,0.024365985224949444,0.5213113119782069,0.03396790297833441,1.5
3,0.9299999999999999,0.008393499329425595,SARS-CoV,0.2690439252554479,0.011067095436497521,0.9995723586463198,0.9733868291848741,0.021885361347636304,0.5856299294864642,0.02661317081512593,1.5
3,0.94,0.007149923780367234,SARS-CoV,0.2690439252554479,0.009967782056542696,0.999614210766696,0.9799891031260822,0.019734834807367384,0.6546273807947637,0.02001089687391777,1.5
3,0.95,0.00592174730702197,SARS-CoV,0.2690439252554479,0.009028694744927478,0.9996531012816959,0.9857760701421744,0.017893503405520955,0.7269838360998256,0.014223929857825612,1.5
3,0.96,0.004708620111297549,SARS-CoV,0.2690439252554479,0.008241018799215228,0.9996890806002083,0.9906810400867115,0.016346062243306623,0.8004319212751247,0.00931895991328846,1.5
3,0.97,0.003510203880489954,SARS-CoV,0.2690439252554479,0.00760041711356465,0.9997222195217634,0.9946332611023864,0.015085559034216224,0.871358765632992,0.005366738897613632,1.5
3,0.98,0.0023261712963290188,SARS-CoV,0.2690439252554479,0.0071094936657735,0.999752607560517,0.9975576866854924,0.014118367143743114,0.934266552922541,0.002442313314507616,1.5
3,0.99,0.0011562055697797084,SARS-CoV,0.2690439252554479,0.006782825143035642,0.9997803508494366,0.99937472933584,0.013474199962578315,0.9810456027381631,6.252706641599604e-4,1.5
4,0.5,0.08459271448529786,SARS-CoV,0.2690439252554479,0.4546340767492627,0.9937361970642749,0.3763481601240684,0.41180350366591745,0.008245704757108095,0.6236518398759316,1.5
4,0.51,0.08203406221035264,SARS-CoV,0.2690439252554479,0.4391574311370068,0.9938507793622261,0.3881004305238694,0.4120533535936282,0.008802861251260587,0.6118995694761307,1.5
4,0.52,0.07953350612790357,SARS-CoV,0.2690439252554479,0.42362011951647915,0.9939672605074663,0.4000571066937051,0.41150157842960344,0.009406875137597014,0.5999428933062949,1.5
4,0.53,0.07708864729099134,SARS-CoV,0.2690439252554479,0.40804247346553413,0.9940856251358705,0.4122177060456912,0.4101194635131509,0.010062855556226026,0.5877822939543088,1.5
4,0.54,0.07469722873828587,SARS-CoV,0.2690439252554479,0.392446078275606,0.9942058531398694,0.4245813669773599,0.40788175072275745,0.010776578717894086,0.5754186330226401,1.5
4,0.55,0.0723571246427317,SARS-CoV,0.2690439252554479,0.37685376783936836,0.9943279192736424,0.4371468183341963,0.404767338958911,0.0115545870337937,0.5628531816658038,1.5
4,0.56,0.07006633046985951,SARS-CoV,0.2690439252554479,0.3612896053965431,0.9944517927311306,0.4499123467651307,0.4007600173856844,0.012404304334021257,0.5500876532348693,1.5
4,0.5700000000000001,0.06782295403563192,SARS-CoV,0.2690439252554479,0.34577884768706935,0.9945774366959983,0.46287576184126694,0.3958492183581356,0.013334169926316457,0.5371242381587331,1.5
4,0.58,0.06562520736740894,SARS-CoV,0.2690439252554479,0.3303478899389273,0.9947048078629259,0.4760343587993667,0.39003077315715495,0.014353794722926087,0.5239656412006333,1.5
4,0.59,0.0634713992834212,SARS-CoV,0.2690439252554479,0.31502418906278534,0.9948338559299758,0.4893848787623985,0.38330764964777425,0.015474143217882336,0.5106151212376016,1.5
4,0.6,0.061359928616325526,SARS-CoV,0.2690439252554479,0.2998361624609637,0.9949645230622515,0.5029234662796447,0.37569064696844645,0.01670774574002436,0.4970765337203553,1.5
4,0.61,0.05928927801522756,SARS-CoV,0.2690439252554479,0.28481306000977663,0.9950967433277117,0.516645624018518,0.3671990186138648,0.01806894614930245,0.483354375981482,1.5
4,0.62,0.05725800826819763,SARS-CoV,0.2690439252554479,0.2699848070691589,0.9952304421068212,0.5305461644291956,0.35786099212775563,0.019574190995450044,0.46945383557080445,1.5
4,0.63,0.05526475309394961,SARS-CoV,0.2690439252554479,0.2553818168378022,0.9953655354787732,0.5446191581915458,0.34771415146970036,0.021242367127783705,0.4553808418084542,1.5
4,0.64,0.05330821435714451,SARS-CoV,0.2690439252554479,0.24103477102894583,0.9955019295883214,0.5588578792413569,0.3368056473956673,0.023095195838619187,0.4411421207586431,1.5
4,0.65,0.05138715766683292,SARS-CoV,0.2690439252554479,0.2269743687080119,0.9956395199988834,0.5732547461597295,0.3251922023356547,0.025157692841494432,0.4267452538402705,1.5
4,0.66,0.04950040832198442,SARS-CoV,0.2690439252554479,0.21323104421523023,0.9957781910395285,0.58780125969544,0.31293987966274034,0.027458704721771476,0.41219874030456005,1.5
4,0.67,0.04764684757192884,SARS-CoV,0.2690439252554479,0.1998346563864832,0.9959178151558076,0.602487936175179,0.3001235932249164,0.030031533931323635,0.39751206382482096,1.5
4,0.6799999999999999,0.04582540916295323,SARS-CoV,0.2690439252554479,0.18681415275806248,0.9960582522771356,0.6173042365406667,0.2868263416880162,0.03291466589194994,0.3826957634593333,1.5
4,0.69,0.04403507614530325,SARS-CoV,0.2690439252554479,0.17419721404819308,0.9961993492166075,0.6322384907347787,0.27313816351837283,0.03615261325716687,0.36776150926522133,1.5
4,0.7,0.04227487791749299,SARS-CoV,0.2690439252554479,0.16200988587860957,0.9963409391227199,0.647277817140792,0.25915482193906814,0.03979689375235198,0.352722182859208,1.5
4,0.71,0.04054388748717199,SARS-CoV,0.2690439252554479,0.1502762063374789,0.9964828410064367,0.6624080367597321,0.24497624423561667,0.04390715910543873,0.33759196324026786,1.5
4,0.72,0.038841218929880884,SARS-CoV,0.2690439252554479,0.13901783947379764,0.9966248593712755,0.6776135817903569,0.23070475537856147,0.04855249315153265,0.3223864182096431,1.5
4,0.73,0.03716602502886785,SARS-CoV,0.2690439252554479,0.12825372602093554,0.9967667839784925,0.6928773982546109,0.21644316084169152,0.05381289689170631,0.3071226017453891,1.5
4,0.74,0.035517495080780365,SARS-CoV,0.2690439252554479,0.11799976343616553,0.9969083897837474,0.708180842288191,0.20229274635844288,0.05978097660360173,0.291819157711809,1.5
4,0.75,0.0338948528535065,SARS-CoV,0.2690439252554479,0.10826852758462667,0.9970494370855851,0.7235035696912017,0.18835127181889924,0.06656384732644977,0.27649643030879834,1.5
4,0.76,0.0322973546837421,SARS-CoV,0.2690439252554479,0.09906904798491345,0.9971896719292465,0.7388234183075519,0.1747110413930854,0.07428525718063095,0.26117658169244806,1.5
4,0.77,0.03072428770302432,SARS-CoV,0.2690439252554479,0.09040664740429458,0.9973288268112708,0.7541162827737157,0.16145713145808863,0.08308792665570136,0.24588371722628433,1.5
4,0.78,0.029174968182011856,SARS-CoV,0.2690439252554479,0.08228285473434563,0.997466621730493,0.7693559811475699,0.14866585169336505,0.09313607932239035,0.23064401885243013,1.5
4,0.79,0.027648739983725062,SARS-CoV,0.2690439252554479,0.07469539754829622,0.9976027656287525,0.7845141128961597,0.13640350306344937,0.10461811381964509,0.2154858871038403,1.5
4,0.8,0.026144973117297444,SARS-CoV,0.2690439252554479,0.06763827766529786,0.9977369582592868,0.7995599076872383,0.12472548019505883,0.11774932795075632,0.20044009231276172,1.5
4,0.81,0.024663062384538737,SARS-CoV,0.2690439252554479,0.061101929615459974,0.9978688925117769,0.8144600643931839,0.11367574625141627,0.13277454959570226,0.18553993560681614,1.5
4,0.8200000000000001,0.02320242611229213,SARS-CoV,0.2690439252554479,0.0550734583574934,0.9979982572098874,0.8291785796772073,0.10328668753825625,0.1499704496124215,0.17082142032279268,1.5
4,0.8300000000000001,0.021762504964169368,SARS-CoV,0.2690439252554479,0.04953694922531013,0.9981247403796673,0.8436765654905686,0.09357933461314516,0.16964720055325394,0.15632343450943142,1.5
4,0.8400000000000001,0.020342760825807694,SARS-CoV,0.2690439252554479,0.04447384015643022,0.9982480329654638,0.857912054765443,0.08456391840037854,0.19214899069376548,0.14208794523455703,1.5
4,0.8500000000000001,0.01894267575827983,SARS-CoV,0.2690439252554479,0.039863344051835115,0.9983678329445983,0.8718397945411983,0.07624071524314616,0.2178526907719976,0.1281602054588017,1.5
4,0.86,0.017561751014746933,SARS-CoV,0.2690439252554479,0.03568290786641383,0.9984838497640564,0.885411025711667,0.06860112503758697,0.24716368146038084,0.11458897428833303,1.5
4,0.87,0.016199506115841027,SARS-CoV,0.2690439252554479,0.031908694919925984,0.9985958089934933,0.8985732485276103,0.06162892219969444,0.280507457299914,0.10142675147238966,1.5
4,0.88,0.014855477979645348,SARS-CoV,0.2690439252554479,0.02851607810799907,0.9987034570611192,0.9112699729314144,0.05530162039933617,0.3183150940213181,0.08873002706858557,1.5
4,0.89,0.013529220102461933,SARS-CoV,0.2690439252554479,0.025480134348842103,0.9988065659150707,0.9234404527402118,0.04959189866700195,0.36099995698276943,0.0765595472597882,1.5
4,0.9,0.01222030178687402,SARS-CoV,0.2690439252554479,0.022776134991472664,0.9989049374354303,0.9350194026285267,0.044469048554625,0.4089220817271172,0.06498059737147333,1.5
4,0.91,0.010928307413875744,SARS-CoV,0.2690439252554479,0.020380033572030585,0.99899840741373,0.9459366967921617,0.039900419876564217,0.4623353992082563,0.054063303207838254,1.5
4,0.9199999999999999,0.009652835756103137,SARS-CoV,0.2690439252554479,0.018268962372424584,0.9990868489196758,0.9561170481008398,0.03585286772929748,0.5213113119782069,0.04388295189916025,1.5
4,0.9299999999999999,0.008393499329425595,SARS-CoV,0.2690439252554479,0.016421765114769296,0.9991701748902292,0.9654796664679798,0.03229424012605038,0.5856299294864642,0.03452033353202022,1.5
4,0.94,0.007149923780367234,SARS-CoV,0.2690439252554479,0.014819619938741969,0.9992483398041798,0.9739378950813924,0.029195003283996632,0.6546273807947637,0.02606210491860761,1.5
4,0.95,0.00592174730702197,SARS-CoV,0.2690439252554479,0.013446855754353204,0.999321340344734,0.9813988230483587,0.026530202004607255,0.7269838360998256,0.01860117695164132,1.5
4,0.96,0.004708620111297549,SARS-CoV,0.2690439252554479,0.012292161750616523,0.9993892150008985,0.9877628729120717,0.024282145650482503,0.8004319212751247,0.012237127087928346,1.5
4,0.97,0.003510203880489954,SARS-CoV,0.2690439252554479,0.011350596689624973,0.9994520426119,0.9929233613932774,0.022444617881750294,0.871358765632992,0.007076638606722585,1.5
4,0.98,0.0023261712963290188,SARS-CoV,0.2690439252554479,0.010627286683457693,0.9995099399131823,0.9967660316008846,0.021030352657481384,0.934266552922541,0.0032339683991153834,1.5
4,0.99,0.0011562055697797084,SARS-CoV,0.2690439252554479,0.010144941110880032,0.9995630581930741,0.9991685548374806,0.020085941958291147,0.9810456027381631,8.314451625194286e-4,1.5
5,0.5,0.08459271448529786,SARS-CoV,0.2690439252554479,0.542151225706582,0.9903438081141452,0.3182474927681357,0.40106584209739565,0.008245704757108095,0.6817525072318643,1.5
5,0.51,0.08203406221035264,SARS-CoV,0.2690439252554479,0.5257127594129318,0.9904971353608547,0.32944971848300936,0.4050596817990684,0.008802861251260587,0.6705502815169906,1.5
5,0.52,0.07953350612790357,SARS-CoV,0.2690439252554479,0.5090762103032417,0.9906539101260076,0.34091408781736143,0.40836054775868547,0.009406875137597014,0.6590859121826386,1.5
5,0.53,0.07708864729099134,SARS-CoV,0.2690439252554479,0.49226304222642386,0.9908141472609524,0.35264297484366525,0.410916954333676,0.010062855556226026,0.6473570251563348,1.5
5,0.54,0.07469722873828587,SARS-CoV,0.2690439252554479,0.47529663392370664,0.9909778550148252,0.36463840700370587,0.41267812152902333,0.010776578717894086,0.6353615929962941,1.5
5,0.55,0.0723571246427317,SARS-CoV,0.2690439252554479,0.4582023140816629,0.9911450343262165,0.37690202668440154,0.4135947387135871,0.0115545870337937,0.6230979733155985,1.5
5,0.56,0.07006633046985951,SARS-CoV,0.2690439252554479,0.44100737956705455,0.9913156780580294,0.3894350496741614,0.41361983617646253,0.012404304334021257,0.6105649503258386,1.5
5,0.5700000000000001,0.06782295403563192,SARS-CoV,0.2690439252554479,0.423741093290925,0.9914897701727085,0.40223822027523,0.41270976263782777,0.013334169926316457,0.5977617797247701,1.5
5,0.58,0.06562520736740894,SARS-CoV,0.2690439252554479,0.40643465788114497,0.9916672848453272,0.4153117628310908,0.4108252618708515,0.014353794722926087,0.5846882371689093,1.5
5,0.59,0.0634713992834212,SARS-CoV,0.2690439252554479,0.38912116114887846,0.9918481855124944,0.42865532941054907,0.4079326354779005,0.015474143217882336,0.5713446705894509,1.5
5,0.6,0.061359928616325526,SARS-CoV,0.2690439252554479,0.3718354892481234,0.9920324238557257,0.4422679433713733,0.4040049716363709,0.01670774574002436,0.5577320566286267,1.5
5,0.61,0.05928927801522756,SARS-CoV,0.2690439252554479,0.3546142034857593,0.9922199387188682,0.4561479385064122,0.3990234114475571,0.01806894614930245,0.5438520614935878,1.5
5,0.62,0.05725800826819763,SARS-CoV,0.2690439252554479,0.33749537698276744,0.9924106549604407,0.47029289345367437,0.3929784156997184,0.019574190995450044,0.5297071065463257,1.5
5,0.63,0.05526475309394961,SARS-CoV,0.2690439252554479,0.3205183878566418,0.9926044822434038,0.4846995610289844,0.38587098588856417,0.021242367127783705,0.5153004389710156,1.5
5,0.64,0.05330821435714451,SARS-CoV,0.2690439252554479,0.3037236663295,0.9928013137670046,0.49936379211525833,0.3777137849149498,0.023095195838619187,0.5006362078847417,1.5
5,0.65,0.05138715766683292,SARS-CoV,0.2690439252554479,0.287152394198383,0.9930010249480128,0.5142804537162268,0.36853209587880464,0.025157692841494432,0.48571954628377323,1.5
5,0.66,0.04950040832198442,SARS-CoV,0.2690439252554479,0.2708461564547975,0.9932034720619686,0.529443340754265,0.3583645528373591,0.027458704721771476,0.470556659245735,1.5
5,0.67,0.04764684757192884,SARS-CoV,0.2690439252554479,0.25484654651292094,0.9934084908590929,0.5448450811618836,0.3472635763922801,0.030031533931323635,0.45515491883811643,1.5
5,0.6799999999999999,0.04582540916295323,SARS-CoV,0.2690439252554479,0.2391947284798352,0.9936158951743058,0.5604770337841056,0.3352954505624358,0.03291466589194994,0.4395229662158944,1.5
5,0.69,0.04403507614530325,SARS-CoV,0.2690439252554479,0.2239309621268319,0.9938254755564555,0.5763291785744098,0.3225399864270262,0.03615261325716687,0.4236708214255902,1.5
5,0.7,0.04227487791749299,SARS-CoV,0.2690439252554479,0.20909409861471318,0.9940369979483523,0.5923899985297836,0.3090897329398293,0.03979689375235198,0.4076100014702164,1.5
5,0.71,0.04054388748717199,SARS-CoV,0.2690439252554479,0.19472105746862392,0.9942502024565218,0.6086463527707298,0.2950487160056122,0.04390715910543873,0.39135364722927024,1.5
5,0.72,0.038841218929880884,SARS-CoV,0.2690439252554479,0.1808462976362094,0.9944648022576159,0.6250833401294236,0.28053071255670886,0.04855249315153265,0.37491665987057643,1.5
5,0.73,0.03716602502886785,SARS-CoV,0.2690439252554479,0.16750129751602763,0.9946804826969474,0.6416841525635802,0.26565709538968635,0.05381289689170631,0.35831584743641975,1.5
5,0.74,0.035517495080780365,SARS-CoV,0.2690439252554479,0.15471406041518104,0.9948969006433135,0.658429917664597,0.2505543146277319,0.05978097660360173,0.341570082335403,1.5
5,0.75,0.0338948528535065,SARS-CoV,0.2690439252554479,0.14250866279140126,0.9951136841726566,0.675299529476022,0.235351110050561,0.06656384732644977,0.324700470523978,1.5
5,0.76,0.0322973546837421,SARS-CoV,0.2690439252554479,0.13090486268365292,0.9953304326605503,0.6922694667821111,0.2201755721610287,0.07428525718063095,0.3077305332178889,1.5
5,0.77,0.03072428770302432,SARS-CoV,0.2690439252554479,0.1199177848113451,0.9955467173691427,0.7093135979658141,0.2051521859188574,0.08308792665570136,0.29068640203418594,1.5
5,0.78,0.029174968182011856,SARS-CoV,0.2690439252554479,0.10955769686894423,0.9957620826170582,0.7264029714707708,0.19039899738621283,0.09313607932239035,0.2735970285292292,1.5
5,0.79,0.027648739983725062,SARS-CoV,0.2690439252554479,0.09982988859093786,0.9959760476197173,0.7435055908324283,0.17602503893300384,0.10461811381964509,0.2564944091675717,1.5
5,0.8,0.026144973117297444,SARS-CoV,0.2690439252554479,0.09073466133986707,0.9961881090813494,0.7605861731688268,0.16212813323683378,0.11774932795075632,0.23941382683117318,1.5
5,0.81,0.024663062384538737,SARS-CoV,0.2690439252554479,0.08226743150237847,0.9963977446074873,0.7776058899416571,0.14879317148528345,0.13277454959570226,0.22239411005834286,1.5
5,0.8200000000000001,0.02320242611229213,SARS-CoV,0.2690439252554479,0.07441894617422168,0.9966044169868917,0.7945220887123885,0.13609092948828938,0.1499704496124215,0.2054779112876115,1.5
5,0.8300000000000001,0.021762504964169368,SARS-CoV,0.2690439252554479,0.06717560484406614,0.9968075793640179,0.8112879945262165,0.12407745016206677,0.16964720055325394,0.18871200547378353,1.5
5,0.8400000000000001,0.020342760825807694,SARS-CoV,0.2690439252554479,0.06051987644601818,0.9970066812871478,0.8278523894577479,0.11279398569372073,0.19214899069376548,0.17214761054225214,1.5
5,0.8500000000000001,0.01894267575827983,SARS-CoV,0.2690439252554479,0.05443079763398305,0.997201175573821,0.8441592687463813,0.10226746109729626,0.2178526907719976,0.15584073125361875,1.5
5,0.86,0.017561751014746933,SARS-CoV,0.2690439252554479,0.048884535796174675,0.997390525885742,0.8601474718354443,0.09251139569107152,0.24716368146038084,0.13985252816455573,1.5
5,0.87,0.016199506115841027,SARS-CoV,0.2690439252554479,0.043854999485432936,0.9975742148525,0.8757502865071289,0.08352720226631784,0.280507457299914,0.12424971349287106,1.5
5,0.88,0.014855477979645348,SARS-CoV,0.2690439252554479,0.039314479865267656,0.9977517525308053,0.8908950241739823,0.07530577646834553,0.3183150940213181,0.10910497582601775,1.5
5,0.89,0.013529220102461933,SARS-CoV,0.2690439252554479,0.0352343097535155,0.997922684937919,0.9055025642471005,0.06782929151188778,0.36099995698276943,0.09449743575289948,1.5
5,0.9,0.01222030178687402,SARS-CoV,0.2690439252554479,0.03158553231124961,0.9980866023594722,0.9194868653498561,0.06107312580345995,0.4089220817271172,0.08051313465014387,1.5
5,0.91,0.010928307413875744,SARS-CoV,0.2690439252554479,0.0283395801681577,0.9982431471078137,0.9327544409838648,0.05500787368499536,0.4623353992082563,0.06724555901613516,1.5
5,0.9199999999999999,0.009652835756103137,SARS-CoV,0.2690439252554479,0.025468979417873114,0.9983920204016722,0.9452037970794318,0.04960142415939776,0.5213113119782069,0.05479620292056819,1.5
5,0.9299999999999999,0.008393499329425595,SARS-CoV,0.2690439252554479,0.022948114840596286,0.9985329880542103,0.9567248286757037,0.04482114441274158,0.5856299294864642,0.04327517132429626,1.5
5,0.94,0.007149923780367234,SARS-CoV,0.2690439252554479,0.02075413009132318,0.9986658846955779,0.9671981727745828,0.0406362870831393,0.6546273807947637,0.032801827225417246,1.5
5,0.95,0.00592174730702197,SARS-CoV,0.2690439252554479,0.018868105099876686,0.998790616316606,0.9764945141965926,0.03702088217123726,0.7269838360998256,0.02350548580340739,1.5
5,0.96,0.004708620111297549,SARS-CoV,0.2690439252554479,0.017276788408810875,0.9989071609987331,0.9844738410348577,0.033957645237546595,0.8004319212751247,0.015526158965142312,1.5
5,0.97,0.003510203880489954,SARS-CoV,0.2690439252554479,0.015975452010373526,0.9990155677858527,0.9909846460541425,0.0314440019748243,0.871358765632992,0.009015353945857507,1.5
5,0.98,0.0023261712963290188,SARS-CoV,0.2690439252554479,0.014973111547413442,0.9991159537492138,0.9958630701140971,0.029502641684745617,0.934266552922541,0.0041369298859028625,1.5
5,0.99,0.0011562055697797084,SARS-CoV,0.2690439252554479,0.014303092805456094,0.9992084993887735,0.9989319834081246,0.028202373171717945,0.9810456027381631,0.001068016591875387,1.5
6,0.5,0.08459271448529786,SARS-CoV,0.2690439252554479,0.6196116442730115,0.9859822972156117,0.2687426784176765,0.374886660890799,0.008245704757108095,0.7312573215823235,1.5
6,0.51,0.08203406221035264,SARS-CoV,0.2690439252554479,0.6030022546833893,0.9861751957196727,0.279210716152461,0.3816871819787032,0.008802861251260587,0.7207892838475389,1.5
6,0.52,0.07953350612790357,SARS-CoV,0.2690439252554479,0.5860549537228127,0.9863735114686657,0.28998331520414367,0.3879879781519504,0.009406875137597014,0.7100166847958563,1.5
6,0.53,0.07708864729099134,SARS-CoV,0.2690439252554479,0.568789075563405,0.9865773201926784,0.30106604347629196,0.3937278123774474,0.010062855556226026,0.698933956523708,1.5
6,0.54,0.07469722873828587,SARS-CoV,0.2690439252554479,0.5512265074333663,0.9867866899442085,0.3124642167068054,0.39884313692187257,0.010776578717894086,0.6875357832931945,1.5
6,0.55,0.0723571246427317,SARS-CoV,0.2690439252554479,0.5333917875996483,0.9870016799844209,0.3241828551498588,0.4032686229227722,0.0115545870337937,0.6758171448501412,1.5
6,0.56,0.07006633046985951,SARS-CoV,0.2690439252554479,0.5153121860119015,0.9872223395650122,0.3362266360572687,0.4069378361425433,0.012404304334021257,0.6637733639427312,1.5
6,0.5700000000000001,0.06782295403563192,SARS-CoV,0.2690439252554479,0.49701776287363797,0.9874487065989532,0.3485998416109478,0.409784073786359,0.013334169926316457,0.6514001583890522,1.5
6,0.58,0.06562520736740894,SARS-CoV,0.2690439252554479,0.4785413999281401,0.9876808062136319,0.3613063019300615,0.41174137440853065,0.014353794722926087,0.6386936980699385,1.5
6,0.59,0.0634713992834212,SARS-CoV,0.2690439252554479,0.4599187988394285,0.9879186491803927,0.37434933274632526,0.41274570835104285,0.015474143217882336,0.6256506672536748,1.5
6,0.6,0.061359928616325526,SARS-CoV,0.2690439252554479,0.4411884407550771,0.9881622302152848,0.38773166730830666,0.4127363495398225,0.01670774574002436,0.6122683326916933,1.5
6,0.61,0.05928927801522756,SARS-CoV,0.2690439252554479,0.42239150100747347,0.9884115261470282,0.401455382040533,0.41165742056403043,0.01806894614930245,0.598544617959467,1.5
6,0.62,0.05725800826819763,SARS-CoV,0.2690439252554479,0.4035717129989921,0.9886664939499342,0.4155218154453647,0.4094595916689108,0.019574190995450044,0.5844781845546353,1.5
6,0.63,0.05526475309394961,SARS-CoV,0.2690439252554479,0.3847751756838485,0.9889270686418462,0.42993147969484985,0.4061019007011983,0.021242367127783705,0.5700685203051501,1.5
6,0.64,0.05330821435714451,SARS-CoV,0.2690439252554479,0.3660500997645719,0.9891931610502716,0.4446839643157586,0.4015536455499428,0.023095195838619187,0.5553160356842415,1.5
6,0.65,0.05138715766683292,SARS-CoV,0.2690439252554479,0.3474464888182042,0.9894646554538765,0.4597778313236302,0.39579628399148103,0.025157692841494432,0.5402221686763697,1.5
6,0.66,0.04950040832198442,SARS-CoV,0.2690439252554479,0.32901575309923864,0.9897414071115824,0.4752105011104961,0.38882525927277517,0.027458704721771476,0.5247894988895039,1.5
6,0.67,0.04764684757192884,SARS-CoV,0.2690439252554479,0.3108102557556623,0.9900232396977923,0.4909781283358067,0.3806516548912226,0.030031533931323635,0.5090218716641933,1.5
6,0.6799999999999999,0.04582540916295323,SARS-CoV,0.2690439252554479,0.29288279363589675,0.9903099426699367,0.5070754670105828,0.3713035708694762,0.03291466589194994,0.4929245329894172,1.5
6,0.69,0.04403507614530325,SARS-CoV,0.2690439252554479,0.27528601771539585,0.9906012686036948,0.5234957239006791,0.36082710862192335,0.03615261325716687,0.4765042760993209,1.5
6,0.7,0.04227487791749299,SARS-CoV,0.2690439252554479,0.2580718013453632,0.9908969305419816,0.5402303993057777,0.34928685446851937,0.03979689375235198,0.45976960069422235,1.5
6,0.71,0.04054388748717199,SARS-CoV,0.2690439252554479,0.24129056788634548,0.9911965994161255,0.5572691141961048,0.33676576478103637,0.04390715910543873,0.4427308858038952,1.5
6,0.72,0.038841218929880884,SARS-CoV,0.2690439252554479,0.224990592651101,0.991499901611458,0.574599422608246,0.32336437965068365,0.04855249315153265,0.42540057739175396,1.5
6,0.73,0.03716602502886785,SARS-CoV,0.2690439252554479,0.2092172972148439,0.9918064167645649,0.5922066081145656,0.3091993266449247,0.05381289689170631,0.4077933918854344,1.5
6,0.74,0.035517495080780365,SARS-CoV,0.2690439252554479,0.194012556796801,0.9921156758952355,0.610073463086897,0.2944011199808881,0.05978097660360173,0.389926536913103,1.5
6,0.75,0.0338948528535065,SARS-CoV,0.2690439252554479,0.17941404330408323,0.9924271599919968,0.628180049374027,0.27911131000824296,0.06656384732644977,0.37181995062597295,1.5
6,0.76,0.0322973546837421,SARS-CoV,0.2690439252554479,0.1654546275024201,0.9927402991850531,0.6465034389032435,0.26347908860930713,0.07428525718063095,0.35349656109675653,1.5
6,0.77,0.03072428770302432,SARS-CoV,0.2690439252554479,0.15216186343078555,0.9930544726531553,0.6650174325984162,0.24765750245957238,0.08308792665570136,0.33498256740158383,1.5
6,0.78,0.029174968182011856,SARS-CoV,0.2690439252554479,0.1395575764797145,0.9933690094197943,0.68369225587987,0.23179946241851834,0.09313607932239035,0.31630774412012996,1.5
6,0.79,0.027648739983725062,SARS-CoV,0.2690439252554479,0.1276575734847066,0.993683190197244,0.7024942288741056,0.2160537588192023,0.10461811381964509,0.2975057711258944,1.5
6,0.8,0.026144973117297444,SARS-CoV,0.2690439252554479,0.11647148885119317,0.9939962504322704,0.721385409313221,0.20056129594996946,0.11774932795075632,0.27861459068677896,1.5
6,0.81,0.024663062384538737,SARS-CoV,0.2690439252554479,0.10600277536281559,0.9943073846926389,0.7403232059440689,0.18545174372264123,0.13277454959570226,0.25967679405593114,1.5
6,0.8200000000000001,0.02320242611229213,SARS-CoV,0.2690439252554479,0.09624884228979039,0.9946157525069156,0.7592599600944971,0.17084077207019036,0.1499704496124215,0.24074003990550286,1.5
6,0.8300000000000001,0.021762504964169368,SARS-CoV,0.2690439252554479,0.08720133716547929,0.9949204857299413,0.7781424928578361,0.15682798797017938,0.16964720055325394,0.2218575071421639,1.5
6,0.8400000000000001,0.020342760825807694,SARS-CoV,0.2690439252554479,0.07884656165391321,0.9952206974520718,0.7969116151555209,0.14349564174438081,0.19214899069376548,0.2030883848444791,1.5
6,0.8500000000000001,0.01894267575827983,SARS-CoV,0.2690439252554479,0.07116600682255264,0.9955154924022337,0.8155015977207217,0.1309081147654876,0.2178526907719976,0.18449840227927827,1.5
6,0.86,0.017561751014746933,SARS-CoV,0.2690439252554479,0.06413698937568058,0.9958039787149933,0.8338395978112949,0.11911215100468817,0.24716368146038084,0.1661604021887051,1.5
6,0.87,0.016199506115841027,SARS-CoV,0.2690439252554479,0.05773336846309964,0.9960852808437962,0.8518450392073613,0.10813775504626967,0.280507457299914,0.14815496079263868,1.5
6,0.88,0.014855477979645348,SARS-CoV,0.2690439252554479,0.051926322991671325,0.9963585533117271,0.8694289417753129,0.09799965284910944,0.3183150940213181,0.13057105822468706,1.5
6,0.89,0.013529220102461933,SARS-CoV,0.2690439252554479,0.04668517239774126,0.9966229949045231,0.8864931965850598,0.08869920068359625,0.36099995698276943,0.11350680341494024,1.5
6,0.9,0.01222030178687402,SARS-CoV,0.2690439252554479,0.04197823023099327,0.9968778628362379,0.9029297822483708,0.08022663324059917,0.4089220817271172,0.09707021775162916,1.5
6,0.91,0.010928307413875744,SARS-CoV,0.2690439252554479,0.037773690784403,0.9971224863642828,0.918619917802073,0.07256356464935891,0.4623353992082563,0.08138008219792703,1.5
6,0.9199999999999999,0.009652835756103137,SARS-CoV,0.2690439252554479,0.03404056660581748,0.9973562793053112,0.9334331470878527,0.06568569825884203,0.5213113119782069,0.06656685291214726,1.5
6,0.9299999999999999,0.008393499329425595,SARS-CoV,0.2690439252554479,0.030749723616872407,0.9975787509124966,0.9472263491789007,0.05956576904096251,0.5856299294864642,0.052773650821099305,1.5
6,0.94,0.007149923780367234,SARS-CoV,0.2690439252554479,0.02787511038950448,0.9977895146213169,0.9598426689696602,0.05417685276748812,0.6546273807947637,0.040157331030339805,1.5
6,0.95,0.00592174730702197,SARS-CoV,0.2690439252554479,0.02539536991924193,0.9979882942545003,0.9711103615762936,0.049496367326712656,0.7269838360998256,0.0288896384237064,1.5
6,0.96,0.004708620111297549,SARS-CoV,0.2690439252554479,0.02329620408584979,0.998174927392848,0.9808415436890617,0.045511454635171,0.8004319212751247,0.019158456310938266,1.5
6,0.97,0.003510203880489954,SARS-CoV,0.2690439252554479,0.02157425017546464,0.9983493657590313,0.9888308444706898,0.04222719012971245,0.871358765632992,0.011169155529310193,1.5
6,0.98,0.0023261712963290188,SARS-CoV,0.2690439252554479,0.020244135552146103,0.998511672614987,0.994853948003638,0.03968081213871503,0.934266552922541,0.005146051996361978,1.5
6,0.99,0.0011562055697797084,SARS-CoV,0.2690439252554479,0.019352709925511618,0.9986620173273688,0.9986660186503258,0.03796962320809715,0.9810456027381631,0.0013339813496742181,1.5
7,0.5,0.08459271448529786,SARS-CoV,0.2690439252554479,0.6868864749038285,0.9805503180601073,0.226979713343635,0.3412081488041062,0.008245704757108095,0.773020286656365,1.5
7,0.51,0.08203406221035264,SARS-CoV,0.2690439252554479,0.6707234924733909,0.9807819432766451,0.2366146727987707,0.3498211048191413,0.008802861251260587,0.7633853272012293,1.5
7,0.52,0.07953350612790357,SARS-CoV,0.2690439252554479,0.6540957176244873,0.9810212977829971,0.24658177977138276,0.35814836422363905,0.009406875137597014,0.7534182202286173,1.5
7,0.53,0.07708864729099134,SARS-CoV,0.2690439252554479,0.6370174143572205,0.9812685537104014,0.25688978862824347,0.3661303284730274,0.010062855556226026,0.7431102113717565,1.5
7,0.54,0.07469722873828587,SARS-CoV,0.2690439252554479,0.6195059059355196,0.9815238760789735,0.267547350297519,0.37370284695323575,0.010776578717894086,0.732452649702481,1.5
7,0.55,0.0723571246427317,SARS-CoV,0.2690439252554479,0.6015817540279084,0.9817874212296414,0.2785629682690316,0.38079737300740785,0.0115545870337937,0.7214370317309684,1.5
7,0.56,0.07006633046985951,SARS-CoV,0.2690439252554479,0.5832689230193815,0.9820593350834249,0.28994494939168824,0.38734125443895134,0.012404304334021257,0.7100550506083118,1.5
7,0.5700000000000001,0.06782295403563192,SARS-CoV,0.2690439252554479,0.5645949236525887,0.9823397512145688,0.3017013489731338,0.3932581853851825,0.013334169926316457,0.6982986510268663,1.5
7,0.58,0.06562520736740894,SARS-CoV,0.2690439252554479,0.5455909294083531,0.9826287887239687,0.31383990964247155,0.39846884753723294,0.014353794722926087,0.6861600903575285,1.5
7,0.59,0.0634713992834212,SARS-CoV,0.2690439252554479,0.5262918583403755,0.9829265498995827,0.3263679933889357,0.40289176837661517,0.015474143217882336,0.6736320066110644,1.5
7,0.6,0.061359928616325526,SARS-CoV,0.2690439252554479,0.5067364124880963,0.9832331176512225,0.3392925061372522,0.40644442183713136,0.01670774574002436,0.6607074938627477,1.5
7,0.61,0.05928927801522756,SARS-CoV,0.2690439252554479,0.48696706656707783,0.9835485527083897,0.3526198141638636,0.40904459194815185,0.01806894614930245,0.6473801858361363,1.5
7,0.62,0.05725800826819763,SARS-CoV,0.2690439252554479,0.46702999744994006,0.9838728905718338,0.36635565159672145,0.4106120119220053,0.019574190995450044,0.6336443484032785,1.5
7,0.63,0.05526475309394961,SARS-CoV,0.2690439252554479,0.4469749460824742,0.9842061382124441,0.3805050181746381,0.4110702792312543,0.021242367127783705,0.6194949818253619,1.5
7,0.64,0.05330821435714451,SARS-CoV,0.2690439252554479,0.42685500401265186,0.9845482705151647,0.395072066369673,0.4103490310814804,0.023095195838619187,0.604927933630327,1.5
7,0.65,0.05138715766683292,SARS-CoV,0.2690439252554479,0.4067263177261323,0.9848992264710924,0.4100599768973853,0.40838634425718795,0.025157692841494432,0.5899400231026146,1.5
7,0.66,0.04950040832198442,SARS-CoV,0.2690439252554479,0.38664770555226347,0.9852589051280408,0.4254708215542453,0.4051312990469689,0.027458704721771476,0.5745291784457547,1.5
7,0.67,0.04764684757192884,SARS-CoV,0.2690439252554479,0.3666801840808799,0.9856271613189244,0.4413054122287394,0.40054661996700813,0.030031533931323635,0.5586945877712606,1.5
7,0.6799999999999999,0.04582540916295323,SARS-CoV,0.2690439252554479,0.3468864038327766,0.9860038011986062,0.45756313483184674,0.39461127824561515,0.03291466589194994,0.5424368651681533,1.5
7,0.69,0.04403507614530325,SARS-CoV,0.2690439252554479,0.32732999733236917,0.9863885776336309,0.4742417667831439,0.38732291531579965,0.03615261325716687,0.5257582332168561,1.5
7,0.7,0.04227487791749299,SARS-CoV,0.2690439252554479,0.3080748466620943,0.986781185505718,0.49133727656988085,0.378699926457614,0.03979689375235198,0.5086627234301191,1.5
7,0.71,0.04054388748717199,SARS-CoV,0.2690439252554479,0.2891842818933997,0.9871812570091502,0.5088436037673103,0.3687830332637309,0.04390715910543873,0.4911563962326897,1.5
7,0.72,0.038841218929880884,SARS-CoV,0.2690439252554479,0.2707202262809609,0.9875883570441711,0.5267524177682976,0.35763617673001574,0.04855249315153265,0.4732475822317024,1.5
7,0.73,0.03716602502886785,SARS-CoV,0.2690439252554479,0.25274230850319906,0.9880019788329849,0.5450528533180506,0.3453465826726211,0.05381289689170631,0.45494714668194935,1.5
7,0.74,0.035517495080780365,SARS-CoV,0.2690439252554479,0.23530696621035452,0.9884215399113138,0.5637312207844238,0.33202388942071726,0.05978097660360173,0.43626877921557616,1.5
7,0.75,0.0338948528535065,SARS-CoV,0.2690439252554479,0.2184665683486546,0.9888463786758297,0.5827706889146975,0.3177982835601687,0.06656384732644977,0.4172293110853025,1.5
7,0.76,0.0322973546837421,SARS-CoV,0.2690439252554479,0.20226858581513835,0.989275751694708,0.6021509376347547,0.3028176593235757,0.07428525718063095,0.3978490623652453,1.5
7,0.77,0.03072428770302432,SARS-CoV,0.2690439252554479,0.1867548406529519,0.9897088320131744,0.6218477782347638,0.2872438946447488,0.08308792665570136,0.3781522217652362,1.5
7,0.78,0.029174968182011856,SARS-CoV,0.2690439252554479,0.17196086299462385,0.9901447087057864,0.641832738055515,0.27124841333675875,0.09313607932239035,0.358167261944485,1.5
7,0.79,0.027648739983725062,SARS-CoV,0.2690439252554479,0.15791538219679152,0.9905823879393633,0.6620726065397817,0.25500726874023383,0.10461811381964509,0.3379273934602183,1.5
7,0.8,0.026144973117297444,SARS-CoV,0.2690439252554479,0.14463997413318266,0.9910207958115727,0.6825289392417669,0.23869603057079175,0.11774932795075632,0.31747106075823306,1.5
7,0.81,0.024663062384538737,SARS-CoV,0.2690439252554479,0.13214888064164504,0.9914587832166588,0.7031575160931275,0.22248477691466997,0.13277454959570226,0.2968424839068725,1.5
7,0.8200000000000001,0.02320242611229213,SARS-CoV,0.2690439252554479,0.12044901004070568,0.9918951329581572,0.7239077499039918,0.20653348435900837,0.1499704496124215,0.27609225009600824,1.5
7,0.8300000000000001,0.021762504964169368,SARS-CoV,0.2690439252554479,0.10954011996944599,0.9923285692757771,0.7447220407299763,0.19098807237034027,0.16964720055325394,0.2552779592700237,1.5
7,0.8400000000000001,0.020342760825807694,SARS-CoV,0.2690439252554479,0.0994151761927175,0.9927577698780679,0.7655350713585334,0.17597729861636616,0.19214899069376548,0.23446492864146662,1.5
7,0.8500000000000001,0.01894267575827983,SARS-CoV,0.2690439252554479,0.09006087413528113,0.9931813804738149,0.7862730387581321,0.1616106284093422,0.2178526907719976,0.21372696124186785,1.5
7,0.86,0.017561751014746933,SARS-CoV,0.2690439252554479,0.0814583044514733,0.9935980316753221,0.80685281588823,0.14797712382350411,0.24716368146038084,0.19314718411177,1.5
7,0.87,0.016199506115841027,SARS-CoV,0.2690439252554479,0.07358374056198794,0.9940063580105204,0.827181037784394,0.1351453261613141,0.280507457299914,0.172818962215606,1.5
7,0.88,0.014855477979645348,SARS-CoV,0.2690439252554479,0.06640952543709372,0.9944050186356861,0.8471531053072304,0.1231640476585091,0.3183150940213181,0.15284689469276957,1.5
7,0.89,0.013529220102461933,SARS-CoV,0.2690439252554479,0.05990503766858639,0.9947927191967281,0.8666520993731234,0.11206395069011135,0.36099995698276943,0.13334790062687663,1.5
7,0.9,0.01222030178687402,SARS-CoV,0.2690439252554479,0.054037723982041944,0.9951682341568139,0.8855475978644017,0.10185977910407888,0.4089220817271172,0.11445240213559826,1.5
7,0.91,0.010928307413875744,SARS-CoV,0.2690439252554479,0.04877419835256913,0.9955304288049316,0.903694386743051,0.09255311924998329,0.4623353992082563,0.09630561325694897,1.5
7,0.9199999999999999,0.009652835756103137,SARS-CoV,0.2690439252554479,0.04408142976720338,0.9958782800967324,0.9209310561599221,0.08413561122693229,0.5213113119782069,0.0790689438400779,1.5
7,0.9299999999999999,0.008393499329425595,SARS-CoV,0.2690439252554479,0.03992807742328282,0.9962108954663849,0.9370784715563117,0.07659261200054328,0.5856299294864642,0.06292152844368826,1.5
7,0.94,0.007149923780367234,SARS-CoV,0.2690439252554479,0.03628609633467493,0.9965275287930192,0.9519381088906266,0.06990745165157826,0.6546273807947637,0.04806189110937342,1.5
7,0.95,0.00592174730702197,SARS-CoV,0.2690439252554479,0.0331328552865095,0.996827592809142,0.9652902421840901,0.06406667070261157,0.7269838360998256,0.0347097578159099,1.5
7,0.96,0.004708620111297549,SARS-CoV,0.2690439252554479,0.0304542453571873,0.9971106673965535,0.9768919705592715,0.059067095877879436,0.8004319212751247,0.02310802944072854,1.5
7,0.97,0.003510203880489954,SARS-CoV,0.2690439252554479,0.028249763255716275,0.9973765034171204,0.9864750708367037,0.05492658949995634,0.871358765632992,0.013524929163296284,1.5
7,0.98,0.0023261712963290188,SARS-CoV,0.2690439252554479,0.026541732771588653,0.9976250219554573,0.9937436605502405,0.051702550785150944,0.934266552922541,0.0062563394497594516,1.5
7,0.99,0.0011562055697797084,SARS-CoV,0.2690439252554479,0.02539386165132239,0.9978563090890181,0.9983716549326247,0.04952796567431952,0.9810456027381631,0.001628345067375303,1.5
8,0.5,0.08459271448529786,SARS-CoV,0.2690439252554479,0.7444036924942184,0.9739478076437871,0.19196359009003264,0.3052187062604024,0.008245704757108095,0.8080364099099674,1.5
8,0.51,0.08203406221035264,SARS-CoV,0.2690439252554479,0.7291341777602242,0.9742159871747976,0.20073073596397484,0.3147976398681674,0.008802861251260587,0.7992692640360252,1.5
8,0.52,0.07953350612790357,SARS-CoV,0.2690439252554479,0.7132957535651857,0.9744944498259867,0.20984449581700376,0.3242869929579392,0.009406875137597014,0.7901555041829962,1.5
8,0.53,0.07708864729099134,SARS-CoV,0.2690439252554479,0.6968953986428548,0.9747835010091868,0.21931654724861133,0.3336361052902073,0.010062855556226026,0.7806834527513886,1.5
8,0.54,0.07469722873828587,SARS-CoV,0.2690439252554479,0.6799434447358179,0.9750834420698214,0.22915865308752442,0.3427886138298842,0.010776578717894086,0.7708413469124755,1.5
8,0.55,0.0723571246427317,SARS-CoV,0.2690439252554479,0.6624538466682958,0.9753945682867893,0.2393826215132795,0.35168224848295737,0.0115545870337937,0.7606173784867205,1.5
8,0.56,0.07006633046985951,SARS-CoV,0.2690439252554479,0.6444444435850517,0.9757171666109715,0.2500002602008435,0.36024871721934015,0.012404304334021257,0.7499997397991565,1.5
8,0.5700000000000001,0.06782295403563192,SARS-CoV,0.2690439252554479,0.625937204658015,0.9760515131183792,0.26102332383519367,0.3684137104714372,0.013334169926316457,0.7389766761648063,1.5
8,0.58,0.06562520736740894,SARS-CoV,0.2690439252554479,0.6069584514997678,0.9763978701531506,0.2724634542779903,0.3760970592439143,0.014353794722926087,0.7275365457220098,1.5
8,0.59,0.0634713992834212,SARS-CoV,0.2690439252554479,0.5875390484778599,0.9767564831352151,0.2843321125976054,0.38321308547751615,0.015474143217882336,0.7156678874023946,1.5
8,0.6,0.061359928616325526,SARS-CoV,0.2690439252554479,0.5677145511539523,0.9771275770076003,0.2966405020961736,0.3896711863218062,0.01670774574002436,0.7033594979038265,1.5
8,0.61,0.05928927801522756,SARS-CoV,0.2690439252554479,0.5475253022498726,0.977511352299282,0.3093994813824692,0.3953766953543312,0.01806894614930245,0.6906005186175308,1.5
8,0.62,0.05725800826819763,SARS-CoV,0.2690439252554479,0.5270164639563037,0.9779079807813906,0.3226194664465125,0.4002320625247108,0.019574190995450044,0.6773805335534875,1.5
8,0.63,0.05526475309394961,SARS-CoV,0.2690439252554479,0.50623797514949,0.9783176006977858,0.3363103205902326,0.40413838964091675,0.021242367127783705,0.6636896794097674,1.5
8,0.64,0.05330821435714451,SARS-CoV,0.2690439252554479,0.48524442227677456,0.9787403115558166,0.350481230957305,0.40699734841595286,0.023095195838619187,0.649518769042695,1.5
8,0.65,0.05138715766683292,SARS-CoV,0.2690439252554479,0.46409481342551157,0.9791761684698956,0.3651405702837498,0.4087134923787481,0.025157692841494432,0.6348594297162502,1.5
8,0.66,0.04950040832198442,SARS-CoV,0.2690439252554479,0.4428522465089439,0.9796251760597523,0.3802957423578167,0.40919695150517155,0.027458704721771476,0.6197042576421833,1.5
8,0.67,0.04764684757192884,SARS-CoV,0.2690439252554479,0.4215834646759507,0.9800872819173605,0.39595300953228235,0.40836646895578543,0.030031533931323635,0.6040469904677177,1.5
8,0.6799999999999999,0.04582540916295323,SARS-CoV,0.2690439252554479,0.40035829503653714,0.9805623696720459,0.4121173004731494,0.4061527033780875,0.03291466589194994,0.5878826995268507,1.5
8,0.69,0.04403507614530325,SARS-CoV,0.2690439252554479,0.37924897060123774,0.9810502517026333,0.4287919961548374,0.40250167957848615,0.03615261325716687,0.5712080038451626,1.5
8,0.7,0.04227487791749299,SARS-CoV,0.2690439252554479,0.3583293399068867,0.981550661569113,0.44597869192167755,0.3973782281534991,0.03979689375235198,0.5540213080783225,1.5
8,0.71,0.04054388748717199,SARS-CoV,0.2690439252554479,0.3376739740130324,0.9820632462644788,0.46367693322759407,0.3907692155494683,0.04390715910543873,0.5363230667724059,1.5
8,0.72,0.038841218929880884,SARS-CoV,0.2690439252554479,0.3173571861872763,0.9825875584202169,0.48188392243838046,0.3826863359341045,0.04855249315153265,0.5181160775616196,1.5
8,0.73,0.03716602502886785,SARS-CoV,0.2690439252554479,0.29745198535200995,0.9831230486362189,0.5005941938324332,0.3731682218272534,0.05381289689170631,0.4994058061675668,1.5
8,0.74,0.035517495080780365,SARS-CoV,0.2690439252554479,0.27802898986145796,0.9836690581470269,0.5197992536639515,0.3622816379333292,0.05978097660360173,0.4802007463360485,1.5
8,0.75,0.0338948528535065,SARS-CoV,0.2690439252554479,0.25915533298398064,0.9842248120801622,0.5394871818555156,0.350121556657808,0.06656384732644977,0.4605128181444844,1.5
8,0.76,0.0322973546837421,SARS-CoV,0.2690439252554479,0.2408935951281757,0.9847894136070157,0.559642191562146,0.33680997589922346,0.07428525718063095,0.440357808437854,1.5
8,0.77,0.03072428770302432,SARS-CoV,0.2690439252554479,0.22330079994634489,0.9853618393297834,0.5802441424939048,0.32249342716186513,0.08308792665570136,0.41975585750609523,1.5
8,0.78,0.029174968182011856,SARS-CoV,0.2690439252554479,0.20642751162722203,0.9859409362857733,0.6012680034960085,0.30733922736666947,0.09313607932239035,0.3987319965039915,1.5
8,0.79,0.027648739983725062,SARS-CoV,0.2690439252554479,0.19031706873418855,0.9865254209787623,0.6226832594612997,0.29153063923986344,0.10461811381964509,0.37731674053870035,1.5
8,0.8,0.026144973117297444,SARS-CoV,0.2690439252554479,0.1750049858137174,0.9871138808608976,0.6444532571861897,0.27526120847498975,0.11774932795075632,0.35554674281381027,1.5
8,0.81,0.024663062384538737,SARS-CoV,0.2690439252554479,0.16051854785458544,0.9877047786823404,0.6665344842745758,0.25872862647108,0.13277454959570226,0.33346551572542416,1.5
8,0.8200000000000001,0.02320242611229213,SARS-CoV,0.2690439252554479,0.14687661489782283,0.9882964600938126,0.6888757746402825,0.24212851349476633,0.1499704496124215,0.3111242253597175,1.5
8,0.8300000000000001,0.021762504964169368,SARS-CoV,0.2690439252554479,0.1340896452523707,0.9888871648242997,0.7114174335534175,0.2256485218935501,0.16964720055325394,0.28858256644658253,1.5
8,0.8400000000000001,0.020342760825807694,SARS-CoV,0.2690439252554479,0.12215993659093964,0.9894750416585912,0.7340902745143478,0.20946312239956055,0.19214899069376548,0.26590972548565217,1.5
8,0.8500000000000001,0.01894267575827983,SARS-CoV,0.2690439252554479,0.1110820755144415,0.9900581673054756,0.7568145595161657,0.19372936512800001,0.2178526907719976,0.24318544048383428,1.5
8,0.86,0.017561751014746933,SARS-CoV,0.2690439252554479,0.10084357885685298,0.9906345690787691,0.7794988334662228,0.17858381234648024,0.24716368146038084,0.22050116653377716,1.5
8,0.87,0.016199506115841027,SARS-CoV,0.2690439252554479,0.0914257049347505,0.9912022511153168,0.8020386426739547,0.16414073709293767,0.280507457299914,0.19796135732604525,1.5
8,0.88,0.014855477979645348,SARS-CoV,0.2690439252554479,0.08280441101484491,0.9917592236364082,0.824315126368292,0.15049158510346236,0.3183150940213181,0.17568487363170804,1.5
8,0.89,0.013529220102461933,SARS-CoV,0.2690439252554479,0.07495143545614262,0.9923035345357877,0.846193469176816,0.13770562018944757,0.36099995698276943,0.15380653082318396,1.5
8,0.9,0.01222030178687402,SARS-CoV,0.2690439252554479,0.06783549057268681,0.992833302366309,0.8675212013714333,0.12583162505615245,0.4089220817271172,0.1324787986285667,1.5
8,0.91,0.010928307413875744,SARS-CoV,0.2690439252554479,0.06142356734171451,0.9933467496182896,0.8881263324537451,0.11490051781622736,0.4623353992082563,0.11187366754625494,1.5
8,0.9199999999999999,0.009652835756103137,SARS-CoV,0.2690439252554479,0.055682379509052374,0.9938422350558869,0.9078153023068503,0.10492877594039442,0.5213113119782069,0.09218469769314974,1.5
8,0.9299999999999999,0.008393499329425595,SARS-CoV,0.2690439252554479,0.05058002009987521,0.9943182838211626,0.9263707326692083,0.0959226453238012,0.5856299294864642,0.07362926733079167,1.5
8,0.94,0.007149923780367234,SARS-CoV,0.2690439252554479,0.04608798381477477,0.9947736140416896,0.9435489600781204,0.08788327773914298,0.6546273807947637,0.05645103992187961,1.5
8,0.95,0.00592174730702197,SARS-CoV,0.2690439252554479,0.04218385897260195,0.9952071587920382,0.9590773296731495,0.08081324489062121,0.7269838360998256,0.040922670326850485,1.5
8,0.96,0.004708620111297549,SARS-CoV,0.2690439252554479,0.03885529180771832,0.9956180824588456,0.9726512273291067,0.07472546454225205,0.8004319212751247,0.027348772670893307,1.5
8,0.97,0.003510203880489954,SARS-CoV,0.2690439252554479,0.03610646725688712,0.9960057908307883,0.9839308254891884,0.06965679860179601,0.871358765632992,0.01606917451081158,1.5
8,0.98,0.0023261712963290188,SARS-CoV,0.2690439252554479,0.03396984503433863,0.9963699345578063,0.9925375157746208,0.06569138593426253,0.934266552922541,0.007462484225379207,1.5
8,0.99,0.0011562055697797084,SARS-CoV,0.2690439252554479,0.03252973600519678,0.9967104059715718,0.9980499989396394,0.06300590218229203,0.9810456027381631,0.0019500010603605844,1.5
9,0.5,0.08459271448529786,SARS-CoV,0.2690439252554479,0.7929265501376442,0.9660759101825062,0.1627131699798425,0.2700172247302883,0.008245704757108095,0.8372868300201575,1.5
9,0.51,0.08203406221035264,SARS-CoV,0.2690439252554479,0.7788452395012099,0.9663774922940668,0.1706227714716914,0.27992250771052557,0.008802861251260587,0.8293772285283086,1.5
9,0.52,0.07953350612790357,SARS-CoV,0.2690439252554479,0.7641185840016259,0.966692044314587,0.17888260359706673,0.2898989387514623,0.009406875137597014,0.8211173964029332,1.5
9,0.53,0.07708864729099134,SARS-CoV,0.2690439252554479,0.7487449604387708,0.9670200397943354,0.18750684083397,0.2999082125799429,0.010062855556226026,0.81249315916603,1.5
9,0.54,0.07469722873828587,SARS-CoV,0.2690439252554479,0.7327261383034068,0.9673619544255414,0.19650995468426177,0.30990612896024766,0.010776578717894086,0.8034900453157382,1.5
9,0.55,0.0723571246427317,SARS-CoV,0.2690439252554479,0.7160676401619298,0.9677182637237155,0.20590668267364343,0.31984212293943126,0.0115545870337937,0.7940933173263566,1.5
9,0.56,0.07006633046985951,SARS-CoV,0.2690439252554479,0.6987791026088649,0.9680894403423396,0.21571199095462013,0.3296588288768869,0.012404304334021257,0.7842880090453799,1.5
9,0.5700000000000001,0.06782295403563192,SARS-CoV,0.2690439252554479,0.6808746306524908,0.968475950982055,0.22594102970442803,0.33929170364944083,0.013334169926316457,0.774058970295572,1.5
9,0.58,0.06562520736740894,SARS-CoV,0.2690439252554479,0.6623731370027397,0.9688782528533435,0.23660908042084178,0.34866874072513865,0.014353794722926087,0.7633909195791582,1.5
9,0.59,0.0634713992834212,SARS-CoV,0.2690439252554479,0.6432986562973855,0.9692967896499999,0.24773149412054973,0.35771031365334477,0.015474143217882336,0.7522685058794503,1.5
9,0.6,0.061359928616325526,SARS-CoV,0.2690439252554479,0.6236806228938209,0.9697319869896448,0.2593236193363552,0.36632919459206403,0.01670774574002436,0.7406763806636447,1.5
9,0.61,0.05928927801522756,SARS-CoV,0.2690439252554479,0.6035540995499343,0.9701842472774005,0.27140071868992616,0.3744308002454998,0.01806894614930245,0.7285992813100739,1.5
9,0.62,0.05725800826819763,SARS-CoV,0.2690439252554479,0.5829599432192497,0.9706539439499714,0.28397787268495106,0.38191372321965,0.019574190995450044,0.7160221273150489,1.5
9,0.63,0.05526475309394961,SARS-CoV,0.2690439252554479,0.5619448934123245,0.97114141506015494,0.2970698692202278,0.38867061023113564,0.021242367127783705,0.7029301307797722,1.5
9,0.64,0.05330821435714451,SARS-CoV,0.2690439252554479,0.5405615682642121,0.9716469561667304,0.31069107716192396,0.39458944842931454,0.023095195838619187,0.689308922838076,1.5
9,0.65,0.05138715766683292,SARS-CoV,0.2690439252554479,0.5188683537422886,0.9721708125023127,0.32485530213770447,0.39955531565330243,0.025157692841494432,0.6751446978622955,1.5
9,0.66,0.04950040832198442,SARS-CoV,0.2690439252554479,0.49692917247658097,0.9727131704027521,0.33957562252076534,0.40345263793257524,0.027458704721771476,0.6604243774792347,1.5
9,0.67,0.04764684757192884,SARS-CoV,0.2690439252554479,0.4748131206297137,0.973274147996737,0.3548642033574373,0.40616797621078904,0.030031533931323635,0.6451357966425627,1.5
9,0.6799999999999999,0.04582540916295323,SARS-CoV,0.2690439252554479,0.4525939641506196,0.9738537851741876,0.3707320857558017,0.407593332797175,0.03291466589194994,0.6292679142441984,1.5
9,0.69,0.04403507614530325,SARS-CoV,0.2690439252554479,0.43034948973149617,0.974452032877586,0.3871889489926435,0.40762992597313913,0.03615261325716687,0.6128110510073566,1.5
9,0.7,0.04227487791749299,SARS-CoV,0.2690439252554479,0.40816071079861016,0.9750687417923208,0.4042428423095379,0.40619232946743894,0.03979689375235198,0.5957571576904621,1.5
9,0.71,0.04054388748717199,SARS-CoV,0.2690439252554479,0.3861109348133862,0.9757036505510523,0.4218998830534335,0.40321281507958595,0.04390715910543873,0.5781001169465665,1.5
9,0.72,0.038841218929880884,SARS-CoV,0.2690439252554479,0.3642847048371743,0.9763563736133892,0.44016391746972633,0.39864567682548985,0.04855249315153265,0.5598360825302737,1.5
9,0.73,0.03716602502886785,SARS-CoV,0.2690439252554479,0.3427666354074954,0.9770263890358439,0.4590361400735039,0.392471261200236,0.05381289689170631,0.5409638599264961,1.5
9,0.74,0.035517495080780365,SARS-CoV,0.2690439252554479,0.32164016986774535,0.9777130264075333,0.4785146671037415,0.3846993899180529,0.05978097660360173,0.5214853328962585,1.5
9,0.75,0.0338948528535065,SARS-CoV,0.2690439252554479,0.3009862928835953,0.9784154552931689,0.4985940591020216,0.3753718488210206,0.06656384732644977,0.5014059408979784,1.5
9,0.76,0.0322973546837421,SARS-CoV,0.2690439252554479,0.28088223741623475,0.9791326745942884,0.5192647871475901,0.3645636383013155,0.07428525718063095,0.48073521285240994,1.5
9,0.77,0.03072428770302432,SARS-CoV,0.2690439252554479,0.2614002293554717,0.9798635033091024,0.540512636719586,0.3523827417798432,0.08308792665570136,0.45948736328041395,1.5
9,0.78,0.029174968182011856,SARS-CoV,0.2690439252554479,0.24260631485798012,0.9806065732360973,0.5623180425400898,0.33896826906764244,0.09313607932239035,0.43768195745991023,1.5
9,0.79,0.027648739983725062,SARS-CoV,0.2690439252554479,0.22455931483026167,0.9813603242207238,0.5846553470726084,0.32448696330277926,0.10461811381964509,0.41534465292739164,1.5
9,0.8,0.026144973117297444,SARS-CoV,0.2690439252554479,0.20730994777441408,0.9821230025808487,0.6074919746034905,0.3091282091256893,0.11774932795075632,0.39250802539650953,1.5
9,0.81,0.024663062384538737,SARS-CoV,0.2690439252554479,0.1909001564452978,0.9828926633570054,0.630787512012107,0.2930978262164188,0.13277454959570226,0.36921248798789297,1.5
9,0.8200000000000001,0.02320242611229213,SARS-CoV,0.2690439252554479,0.1753626657766921,0.983667177009177,0.654492686431612,0.2766110549713886,0.1499704496124215,0.34550731356838804,1.5
9,0.8300000000000001,0.021762504964169368,SARS-CoV,0.2690439252554479,0.16072078990010424,0.9844442411146703,0.6785482290080285,0.25988522129261304,0.16964720055325394,0.32145177099197153,1.5
9,0.8400000000000001,0.020342760825807694,SARS-CoV,0.2690439252554479,0.14698849560073857,0.9852213975047349,0.702883612871848,0.2431325932654193,0.19214899069376548,0.297116387128152,1.5
9,0.8500000000000001,0.01894267575827983,SARS-CoV,0.2690439252554479,0.1341707191907657,0.9859960551069324,0.7274156522339678,0.22655391136111386,0.2178526907719976,0.27258434776603224,1.5
9,0.86,0.017561751014746933,SARS-CoV,0.2690439252554479,0.1222639245921559,0.9867655185358908,0.752046948195268,0.21033299304803021,0.24716368146038084,0.24795305180473204,1.5
9,0.87,0.016199506115841027,SARS-CoV,0.2690439252554479,0.1112568835246969,0.9875270222024694,0.7766641654051868,0.1946326977886843,0.280507457299914,0.2233358345948132,1.5
9,0.88,0.014855477979645348,SARS-CoV,0.2690439252554479,0.10113165525900833,0.9882777694022177,0.8011361221054766,0.17959240959035272,0.3183150940213181,0.19886387789452342,1.5
9,0.89,0.013529220102461933,SARS-CoV,0.2690439252554479,0.09186474473561018,0.9890149755166217,0.8253116743374838,0.16532707277178657,0.36099995698276943,0.17468832566251624,1.5
9,0.9,0.01222030178687402,SARS-CoV,0.2690439252554479,0.08342842569783457,0.9897359141390951,0.8490173731580088,0.1519277215246145,0.4089220817271172,0.15098262684199115,1.5
9,0.91,0.010928307413875744,SARS-CoV,0.2690439252554479,0.07579223255709361,0.9904379646503175,0.8720548715837896,0.13946339096437427,0.4623353992082563,0.12794512841621042,1.5
9,0.9199999999999999,0.009652835756103137,SARS-CoV,0.2690439252554479,0.06892465591842158,0.9911186595440499,0.894198055647865,0.12798430058454474,0.5213113119782069,0.10580194435213497,1.5
9,0.9299999999999999,0.008393499329425595,SARS-CoV,0.2690439252554479,0.06279513168321733,0.9917757296726253,0.9151898713824772,0.11752627761869469,0.5856299294864642,0.0848101286175228,1.5
9,0.94,0.007149923780367234,SARS-CoV,0.2690439252554479,0.05737651233792551,0.9924071455625743,0.9347388167190513,0.1081165700789983,0.6546273807947637,0.06526118328094865,1.5
9,0.95,0.00592174730702197,SARS-CoV,0.2690439252554479,0.05264839454781351,0.9930111530574304,0.9525150641913795,0.09978155985731177,0.7269838360998256,0.047484935808620454,1.5
9,0.96,0.004708620111297549,SARS-CoV,0.2690439252554479,0.04860204790592451,0.9935863017765871,0.9681461769153054,0.09255759827591266,0.8004319212751247,0.031853823084694644,1.5
9,0.97,0.003510203880489954,SARS-CoV,0.2690439252554479,0.04524848548337196,0.9941314652228436,0.9812123765666412,0.08650768016329359,0.871358765632992,0.018787623433358824,1.5
9,0.98,0.0023261712963290188,SARS-CoV,0.2690439252554479,0.042633072192667945,0.9946458518011996,0.991241317955098,0.0817500908648972,0.934266552922541,0.008758682044902044,1.5
9,0.99,0.0011562055697797084,SARS-CoV,0.2690439252554479,0.04086484171307566,0.9951290064921037,0.9977023202586801,0.07851383884838842,0.9810456027381631,0.0022976797413198913,1.5
10,0.5,0.08459271448529786,SARS-CoV,0.2690439252554479,0.833392683654003,0.9568378797412768,0.13832868243350954,0.23727400858489023,0.008245704757108095,0.8616713175664905,1.5
10,0.51,0.08203406221035264,SARS-CoV,0.2690439252554479,0.8206668042035233,0.957169052952274,0.14542045516569627,0.24706203098998458,0.008802861251260587,0.8545795448343038,1.5
10,0.52,0.07953350612790357,SARS-CoV,0.2690439252554479,0.8072478784786599,0.957515909286741,0.15285761112539398,0.25704255131626796,0.009406875137597014,0.847142388874606,1.5
10,0.53,0.07708864729099134,SARS-CoV,0.2690439252554479,0.7931252597718741,0.9578791204254954,0.1606563133586727,0.2671902747048532,0.010062855556226026,0.8393436866413273,1.5
10,0.54,0.07469722873828587,SARS-CoV,0.2690439252554479,0.7782914767416962,0.9582593700051754,0.16883324055824928,0.2774744861305362,0.010776578717894086,0.8311667594417507,1.5
10,0.55,0.0723571246427317,SARS-CoV,0.2690439252554479,0.76274267322076,0.9586573511937546,0.1774055691300653,0.28785842901575587,0.0115545870337937,0.8225944308699347,1.5
10,0.56,0.07006633046985951,SARS-CoV,0.2690439252554479,0.7464790608008371,0.9590737637853718,0.18639094888233865,0.29829866759403945,0.012404304334021257,0.8136090511176614,1.5
10,0.5700000000000001,0.06782295403563192,SARS-CoV,0.2690439252554479,0.7295053771744203,0.9595093107560692,0.19580747139329044,0.30874445003857354,0.013334169926316457,0.8041925286067095,1.5
10,0.58,0.06562520736740894,SARS-CoV,0.2690439252554479,0.7118313414948033,0.95996469421777,0.20567362999802544,0.319137095711627,0.014353794722926087,0.7943263700019746,1.5
10,0.59,0.0634713992834212,SARS-CoV,0.2690439252554479,0.6934720961909514,0.9604406107039611,0.21600827020626184,0.32940943745253964,0.015474143217882336,0.7839917297937382,1.5
10,0.6,0.061359928616325526,SARS-CoV,0.2690439252554479,0.6744486227999296,0.9609377457173401,0.22683052921928706,0.3394853585555155,0.01670774574002436,0.773169470780713,1.5
10,0.61,0.05928927801522756,SARS-CoV,0.2690439252554479,0.6547881175419059,0.9614567674674941,0.23815976305514694,0.34927947378258367,0.01806894614930245,0.761840236944853,1.5
10,0.62,0.05725800826819763,SARS-CoV,0.2690439252554479,0.6345243106699202,0.9619983197259532,0.2500154596138493,0.35869701396785675,0.019574190995450044,0.7499845403861507,1.5
10,0.63,0.05526475309394961,SARS-CoV,0.2690439252554479,0.6136977122139458,0.9625630137272421,0.26241713581742726,0.36763398373799616,0.021242367127783705,0.7375828641825728,1.5
10,0.64,0.05330821435714451,SARS-CoV,0.2690439252554479,0.5923557657655495,0.9631514190485171,0.27538421674080554,0.37597767044473196,0.023095195838619187,0.7246157832591944,1.5
10,0.65,0.05138715766683292,SARS-CoV,0.2690439252554479,0.5705528915936753,0.9637640534078297,0.28893589440636613,0.38360758796159344,0.025157692841494432,0.7110641055936339,1.5
10,0.66,0.04950040832198442,SARS-CoV,0.2690439252554479,0.548350400831638,0.9644013713329075,0.3030909636450949,0.3903969394425091,0.027458704721771476,0.6969090363549051,1.5
10,0.67,0.04764684757192884,SARS-CoV,0.2690439252554479,0.5258162639136064,0.9650637516696742,0.31786763212751906,0.39621467596724036,0.030031533931323635,0.6821323678724809,1.5
10,0.6799999999999999,0.04582540916295323,SARS-CoV,0.2690439252554479,0.5030247190264175,0.9657514839236754,0.3332833013349584,0.4009282104882156,0.03291466589194994,0.6667166986650416,1.5
10,0.69,0.04403507614530325,SARS-CoV,0.2690439252554479,0.48005571019461624,0.9664647534593696,0.34935431487253055,0.4044068160910134,0.03615261325716687,0.6506456851274695,1.5
10,0.7,0.04227487791749299,SARS-CoV,0.2690439252554479,0.45699414977776015,0.9672036256230878,0.3660956701158208,0.4065256924779604,0.03979689375235198,0.6339043298841792,1.5
10,0.71,0.04054388748717199,SARS-CoV,0.2690439252554479,0.4339290065774326,0.9679680289064722,0.3835206887289874,0.4071706244863903,0.04390715910543873,0.6164793112710125,1.5
10,0.72,0.038841218929880884,SARS-CoV,0.2690439252554479,0.41095222825764266,0.9687577373292,0.40164064108837594,0.40624308344456406,0.04855249315153265,0.5983593589116241,1.5
10,0.73,0.03716602502886785,SARS-CoV,0.2690439252554479,0.3881575150743694,0.9695723522932116,0.4204643190874045,0.40366554149155565,0.05381289689170631,0.5795356809125956,1.5
10,0.74,0.035517495080780365,SARS-CoV,0.2690439252554479,0.36563897055262695,0.9704112842451781,0.43999755117949596,0.39938668945408357,0.05978097660360173,0.560002448820504,1.5
10,0.75,0.0338948528535065,SARS-CoV,0.2690439252554479,0.34348966318811414,0.9712737345783582,0.4602426528299124,0.39338618257525687,0.06656384732644977,0.5397573471700876,1.5
10,0.76,0.0322973546837421,SARS-CoV,0.2690439252554479,0.3218001408461727,0.9721586783067668,0.48119780478726387,0.3856784994219611,0.07428525718063095,0.5188021952127362,1.5
10,0.77,0.03072428770302432,SARS-CoV,0.2690439252554479,0.3006569456127839,0.9730648481496786,0.5028563507433645,0.37631550139147574,0.08308792665570136,0.49714364925663546,1.5
10,0.78,0.029174968182011856,SARS-CoV,0.2690439252554479,0.28014118078736594,0.9739907207669928,0.5252060050173235,0.3653873335514461,0.09313607932239035,0.4747939949826765,1.5
10,0.79,0.027648739983725062,SARS-CoV,0.2690439252554479,0.26032718297775276,0.974934505978057,0.5482279598666693,0.3530214152609545,0.10461811381964509,0.4517720401333307,1.5
10,0.8,0.026144973117297444,SARS-CoV,0.2690439252554479,0.2412813505392299,0.975894139868344,0.571895880884153,0.3393794247436504,0.11774932795075632,0.428104119115847,1.5
10,0.81,0.024663062384538737,SARS-CoV,0.2690439252554479,0.22306117482454701,0.976867282728437,0.5961747776721923,0.3246523688396149,0.13277454959570226,0.4038252223278077,1.5
10,0.8200000000000001,0.02320242611229213,SARS-CoV,0.2690439252554479,0.2057145131124083,0.9778513227655777,0.6210197355843502,0.30905402247534103,0.1499704496124215,0.3789802644156498,1.5
10,0.8300000000000001,0.021762504964169368,SARS-CoV,0.2690439252554479,0.1892791321984398,0.9788433864670364,0.6463744927708793,0.29281319295747826,0.16964720055325394,0.3536255072291207,1.5
10,0.8400000000000001,0.020342760825807694,SARS-CoV,0.2690439252554479,0.1737825402918975,0.9798403563656829,0.6721698450468394,0.276165385202093,0.19214899069376548,0.3278301549531606,1.5
10,0.8500000000000001,0.01894267575827983,SARS-CoV,0.2690439252554479,0.15924211312451067,0.9808388967534483,0.6983218591996795,0.25934449694431777,0.2178526907719976,0.3016781408003205,1.5
10,0.86,0.017561751014746933,SARS-CoV,0.2690439252554479,0.14566550927878272,0.9818354876051866,0.7247298732484959,0.24257515192638615,0.24716368146038084,0.2752701267515041,1.5
10,0.87,0.016199506115841027,SARS-CoV,0.2690439252554479,0.13305136103595328,0.9828264666181726,0.7512742598387125,0.22606619196208047,0.280507457299914,0.24872574016128746,1.5
10,0.88,0.014855477979645348,SARS-CoV,0.2690439252554479,0.12139022200439949,0.9838080788541474,0.7778139263792715,0.21000571532284987,0.3183150940213181,0.2221860736207285,1.5
10,0.89,0.013529220102461933,SARS-CoV,0.2690439252554479,0.11066575311922658,0.9847765330138563,0.8041835226793846,0.19455789612053564,0.36099995698276943,0.19581647732061536,1.5
10,0.9,0.01222030178687402,SARS-CoV,0.2690439252554479,0.10085613654137193,0.9857280629096736,0.8301903236886095,0.17986167654959295,0.4089220817271172,0.16980967631139054,1.5
10,0.91,0.010928307413875744,SARS-CoV,0.2690439252554479,0.09193572599276115,0.9866589922684196,0.8556107514566493,0.16603131872563728,0.4623353992082563,0.14438924854335067,1.5
10,0.9199999999999999,0.009652835756103137,SARS-CoV,0.2690439252554479,0.08387697828432869,0.9875658006355856,0.8801864965716386,0.15315876098330275,0.5213113119782069,0.11981350342836139,1.5
10,0.9299999999999999,0.008393499329425595,SARS-CoV,0.2690439252554479,0.07665277611601144,0.9884451879045498,0.9036201950697141,0.14131777278894744,0.5856299294864642,0.09637980493028586,1.5
10,0.94,0.007149923780367234,SARS-CoV,0.2690439252554479,0.07023937105440263,0.9892941348940245,0.9255706120907171,0.13057008618122343,0.6546273807947637,0.07442938790928288,1.5
10,0.95,0.00592174730702197,SARS-CoV,0.2690439252554479,0.0646204005761572,0.990109957466295,0.9456472783379465,0.12097408875959209,0.7269838360998256,0.054352721662053516,1.5
10,0.96,0.004708620111297549,SARS-CoV,0.2690439252554479,0.059792884239187036,0.9908903519240843,0.9634045196311853,0.11259750014986343,0.8004319212751247,0.03659548036881466,1.5
10,0.97,0.003510203880489954,SARS-CoV,0.2690439252554479,0.055777073896255254,0.9916334298332982,0.9783348134639537,0.10553723219477958,0.871358765632992,0.02166518653604632,1.5
10,0.98,0.0023261712963290188,SARS-CoV,0.2690439252554479,0.05263429512892094,0.992337740962745,0.9898613994241136,0.09995371166756406,0.934266552922541,0.010138600575886447,1.5
10,0.99,0.0011562055697797084,SARS-CoV,0.2690439252554479,0.050502739669706455,0.9930022836655861,0.9973300625405576,0.09613728527492832,0.9810456027381631,0.0026699374594424397,1.5
11,0.5,0.08459271448529786,SARS-CoV,0.2690439252554479,0.8668013211139655,0.9461408293652345,0.11801681717083148,0.20774827160577544,0.008245704757108095,0.8819831828291685,1.5
11,0.51,0.08203406221035264,SARS-CoV,0.2690439252554479,0.8554971793786563,0.9464973953735821,0.12434805350386191,0.21713512596439774,0.008802861251260587,0.8756519464961381,1.5
11,0.52,0.07953350612790357,SARS-CoV,0.2690439252554479,0.843479325552692,0.9468722873451025,0.13101359816215377,0.22679951537212248,0.009406875137597014,0.8689864018378463,1.5
11,0.53,0.07708864729099134,SARS-CoV,0.2690439252554479,0.830728444169675,0.9472663981293181,0.13803107569708986,0.23672818363979609,0.010062855556226026,0.8619689243029102,1.5
11,0.54,0.07469722873828587,SARS-CoV,0.2690439252554479,0.8172279495089432,0.9476806461003519,0.14541883785756232,0.2469033091720347,0.010776578717894086,0.8545811621424377,1.5
11,0.55,0.0723571246427317,SARS-CoV,0.2690439252554479,0.8029644854520023,0.9481159729335723,0.15319596199093694,0.2573018307175231,0.0115545870337937,0.8468040380090631,1.5
11,0.56,0.07006633046985951,SARS-CoV,0.2690439252554479,0.787928452129058,0.9485733407896909,0.1613822435632345,0.2678947197137882,0.012404304334021257,0.8386177564367655,1.5
11,0.5700000000000001,0.06782295403563192,SARS-CoV,0.2690439252554479,0.772114553067583,0.9490537288239863,0.16999818175304324,0.2786462071368637,0.013334169926316457,0.8300018182469567,1.5
11,0.58,0.06562520736740894,SARS-CoV,0.2690439252554479,0.7555223545628146,0.949558128930986,0.17906495693064967,0.28951297800896697,0.014353794722926087,0.8209350430693503,1.5
11,0.59,0.0634713992834212,SARS-CoV,0.2690439252554479,0.738156846805469,0.950087540627821,0.1886043986732295,0.30044335344722317,0.015474143217882336,0.8113956013267705,1.5
11,0.6,0.061359928616325526,SARS-CoV,0.2690439252554479,0.7200289939786606,0.9506429649729012,0.19863894278654526,0.31137648853447597,0.01670774574002436,0.8013610572134547,1.5
11,0.61,0.05928927801522756,SARS-CoV,0.2690439252554479,0.7011562581550483,0.95122539741099,0.2091915756012152,0.32224162445885046,0.01806894614930245,0.7908084243987847,1.5
11,0.62,0.05725800826819763,SARS-CoV,0.2690439252554479,0.68156307949843,0.9518358194317414,0.22028576358461008,0.33295744525242027,0.019574190995450044,0.77971423641539,1.5
11,0.63,0.05526475309394961,SARS-CoV,0.2690439252554479,0.6612812931462317,0.9524751889270318,0.23194536605501426,0.34343160277212187,0.021242367127783705,0.7680546339449857,1.5
11,0.64,0.05330821435714451,SARS-CoV,0.2690439252554479,0.6403504613981716,0.9531444291338309,0.24419452849956,0.3535604876665035,0.023095195838619187,0.75580547150044,1.5
11,0.65,0.05138715766683292,SARS-CoV,0.2690439252554479,0.6188180986682231,0.9538444160550197,0.25705755367821426,0.36322933783878986,0.025157692841494432,0.7429424463217857,1.5
11,0.66,0.04950040832198442,SARS-CoV,0.2690439252554479,0.5967397662992248,0.9545759642617151,0.27055874733863633,0.37231278762339337,0.027458704721771476,0.7294412526613636,1.5
11,0.67,0.04764684757192884,SARS-CoV,0.2690439252554479,0.5741790150260198,0.9553398109988139,0.2847222349668134,0.38067596811767596,0.030031533931323635,0.7152777650331865,1.5
11,0.6799999999999999,0.04582540916295323,SARS-CoV,0.2690439252554479,0.5512071548253529,0.9561365985422365,0.299571745550965,0.3881762687301557,0.03291466589194994,0.700428254449035,1.5
11,0.69,0.04403507614530325,SARS-CoV,0.2690439252554479,0.5279028352922737,0.9569668547935704,0.3151303578359997,0.3946658583417853,0.03615261325716687,0.6848696421640004,1.5
11,0.7,0.04227487791749299,SARS-CoV,0.2690439252554479,0.5043514246495213,0.9578309721473052,0.33142020398660654,0.3999950376660931,0.03979689375235198,0.6685797960133935,1.5
11,0.71,0.04054388748717199,SARS-CoV,0.2690439252554479,0.48064418204481996,0.9587291847294235,0.3484621249522616,0.4040164490555954,0.04390715910543873,0.6515378750477384,1.5
11,0.72,0.038841218929880884,SARS-CoV,0.2690439252554479,0.45687722580942836,0.9596615441852909,0.3662752711293991,0.4065901042115945,0.04855249315153265,0.6337247288706009,1.5
11,0.73,0.03716602502886785,SARS-CoV,0.2690439252554479,0.4331503095757801,0.9606278942906394,0.3848766411365744,0.4075891047638947,0.05381289689170631,0.6151233588634256,1.5
11,0.74,0.035517495080780365,SARS-CoV,0.2690439252554479,0.40956542815716607,0.961627844772178,0.4042805506481636,0.40690583017904486,0.05978097660360173,0.5957194493518364,1.5
11,0.75,0.0338948528535065,SARS-CoV,0.2690439252554479,0.38622528529768885,0.9626607448530601,0.42449802226087774,0.4044582614745372,0.06656384732644977,0.5755019777391223,1.5
11,0.76,0.0322973546837421,SARS-CoV,0.2690439252554479,0.36323166510044846,0.9637256571805056,0.44553608628352576,0.4001960122820715,0.07428525718063095,0.5544639137164742,1.5
11,0.77,0.03072428770302432,SARS-CoV,0.2690439252554479,0.3406837573576496,0.9648213329436743,0.46739698113137385,0.39410556922121687,0.08308792665570136,0.5326030188686262,1.5
11,0.78,0.029174968182011856,SARS-CoV,0.2690439252554479,0.3186764933604051,0.9659461891422978,0.4900772406579064,0.3862142206197688,0.09313607932239035,0.5099227593420936,1.5
11,0.79,0.027648739983725062,SARS-CoV,0.2690439252554479,0.297298952370778,0.9670982891106821,0.5135666542531452,0.3765921924293415,0.10461811381964509,0.4864333457468548,1.5
11,0.8,0.026144973117297444,SARS-CoV,0.2690439252554479,0.2766328992891258,0.9682753275247158,0.5378470838612043,0.3653526207169288,0.11774932795075632,0.4621529161387957,1.5
11,0.81,0.024663062384538737,SARS-CoV,0.2690439252554479,0.25675151090846493,0.9694746212060581,0.5628911202013439,0.35264916709607164,0.13277454959570226,0.4371088797986561,1.5
11,0.8200000000000001,0.02320242611229213,SARS-CoV,0.2690439252554479,0.23771834160761465,0.9706931070703911,0.5886605583943986,0.3386713085510483,0.1499704496124215,0.41133944160560143,1.5
11,0.8300000000000001,0.021762504964169368,SARS-CoV,0.2690439252554479,0.21958656984981326,0.971927348527464,0.6151046708765423,0.32363757563536977,0.16964720055325394,0.3848953291234577,1.5
11,0.8400000000000001,0.020342760825807694,SARS-CoV,0.2690439252554479,0.2023985552317765,0.9731735515127046,0.6421582528976532,0.3077872355431379,0.19214899069376548,0.35784174710234684,1.5
11,0.8500000000000001,0.01894267575827983,SARS-CoV,0.2690439252554479,0.18618572319156518,0.9744275911000007,0.6697394130230302,0.2913710830250083,0.2178526907719976,0.3302605869769698,1.5
11,0.86,0.017561751014746933,SARS-CoV,0.2690439252554479,0.17096878221065656,0.9756850493056038,0.6977470778512637,0.27464208649942634,0.24716368146038084,0.30225292214873634,1.5
11,0.87,0.016199506115841027,SARS-CoV,0.2690439252554479,0.15675826801981346,0.9769412642457854,0.7260581765917322,0.25784662924856283,0.280507457299914,0.2739418234082678,1.5
11,0.88,0.014855477979645348,SARS-CoV,0.2690439252554479,0.14355540273291778,0.9781913902689617,0.7545244671710576,0.24121699502776467,0.3183150940213181,0.2454755328289424,1.5
11,0.89,0.013529220102461933,SARS-CoV,0.2690439252554479,0.13135325611127166,0.9794304680725111,0.7829689611145624,0.22496559864530777,0.36099995698276943,0.21703103888543762,1.5
11,0.9,0.01222030178687402,SARS-CoV,0.2690439252554479,0.12013820411700118,0.9806535031740693,0.8111818995251506,0.20928129058967418,0.4089220817271172,0.18881810047484937,1.5
11,0.91,0.010928307413875744,SARS-CoV,0.2690439252554479,0.10989170086225303,0.9818555504862404,0.8389162270033699,0.1943279105471405,0.4623353992082563,0.16108377299663013,1.5
11,0.9199999999999999,0.009652835756103137,SARS-CoV,0.2690439252554479,0.10059242154087952,0.9830318021985199,0.8658825042556992,0.18024516839104127,0.5213113119782069,0.13411749574430076,1.5
11,0.9299999999999999,0.008393499329425595,SARS-CoV,0.2690439252554479,0.09221891037510073,0.98417767575778,0.8917431933554962,0.16715193667290315,0.5856299294864642,0.10825680664450377,1.5
11,0.94,0.007149923780367234,SARS-CoV,0.2690439252554479,0.08475300845446852,0.9852888985094066,0.9161062420753701,0.15515220554479053,0.6546273807947637,0.08389375792462994,1.5
11,0.95,0.00592174730702197,SARS-CoV,0.2690439252554479,0.07818460490519609,0.9863615855519153,0.9385178853166709,0.14434438936788957,0.7269838360998256,0.06148211468332909,1.5
11,0.96,0.004708620111297549,SARS-CoV,0.2690439252554479,0.07251879528669389,0.9873923075853812,0.958454572326748,0.13483562835974267,0.8004319212751247,0.04154542767325198,1.5
11,0.97,0.003510203880489954,SARS-CoV,0.2690439252554479,0.06778769466327111,0.9883781459911514,0.9753139180131322,0.1267647969702127,0.871358765632992,0.024686081986867836,1.5
11,0.98,0.0023261712963290188,SARS-CoV,0.2690439252554479,0.06407186839916286,0.9893167330353845,0.9884045651196351,0.12034269880940947,0.934266552922541,0.011595434880364852,1.5
11,0.99,0.0011562055697797084,SARS-CoV,0.2690439252554479,0.061543334261149905,0.9902062758886463,0.9969348311932725,0.1159300126448429,0.9810456027381631,0.0030651688067274696,1.5
12,0.5,0.08459271448529786,SARS-CoV,0.2690439252554479,0.8941380532029154,0.9338981418459501,0.10109473223470222,0.1816512646931336,0.008245704757108095,0.8989052677652978,1.5
12,0.51,0.08203406221035264,SARS-CoV,0.2690439252554479,0.8842463021198333,0.9342757357841457,0.10673166305384829,0.19047260724495443,0.008802861251260587,0.8932683369461517,1.5
12,0.52,0.07953350612790357,SARS-CoV,0.2690439252554479,0.8736437784382469,0.934674145636632,0.11268754966412244,0.19962617807328475,0.009406875137597014,0.8873124503358776,1.5
12,0.53,0.07708864729099134,SARS-CoV,0.2690439252554479,0.8623034491763024,0.9350945002391768,0.11898097668506875,0.2091090083119168,0.010062855556226026,0.8810190233149312,1.5
12,0.54,0.07469722873828587,SARS-CoV,0.2690439252554479,0.8502003874272023,0.9355379711259955,0.12563144981835855,0.21891457776188777,0.010776578717894086,0.8743685501816414,1.5
12,0.55,0.0723571246427317,SARS-CoV,0.2690439252554479,0.8373123072079693,0.9360057708915854,0.13265941275764978,0.22903215976832644,0.0115545870337937,0.8673405872423502,1.5
12,0.56,0.07006633046985951,SARS-CoV,0.2690439252554479,0.8236201396822673,0.9364991508634676,0.14008625918294101,0.23944608958014785,0.012404304334021257,0.859913740817059,1.5
12,0.5700000000000001,0.06782295403563192,SARS-CoV,0.2690439252554479,0.8091086458148207,0.9370193979760759,0.14793433873840225,0.2501349561472767,0.013334169926316457,0.8520656612615978,1.5
12,0.58,0.06562520736740894,SARS-CoV,0.2690439252554479,0.7937670583275367,0.9375678307245455,0.15622695572371229,0.2610707209563273,0.014353794722926087,0.8437730442762877,1.5
12,0.59,0.0634713992834212,SARS-CoV,0.2690439252554479,0.7775897433552069,0.9381457940655549,0.16498835903726217,0.27221777258509433,0.015474143217882336,0.8350116409627378,1.5
12,0.6,0.061359928616325526,SARS-CoV,0.2690439252554479,0.7605768694837287,0.9387546531210426,0.17424372169228777,0.2835319324859868,0.01670774574002436,0.8257562783077123,1.5
12,0.61,0.05928927801522756,SARS-CoV,0.2690439252554479,0.7427350689681554,0.9393957855300843,0.18401910798088544,0.29495943640113065,0.01806894614930245,0.8159808920191145,1.5
12,0.62,0.05725800826819763,SARS-CoV,0.2690439252554479,0.7240780729788829,0.9400705722851455,0.1943414260822949,0.30643592702785716,0.019574190995450044,0.8056585739177051,1.5
12,0.63,0.05526475309394961,SARS-CoV,0.2690439252554479,0.7046272998588685,0.940780386882226,0.2052383635967914,0.31788550722841374,0.021242367127783705,0.7947616364032086,1.5
12,0.64,0.05330821435714451,SARS-CoV,0.2690439252554479,0.684412372781249,0.941526582611187,0.216738303130394,0.32921991911727533,0.023095195838619187,0.783261696869606,1.5
12,0.65,0.05138715766683292,SARS-CoV,0.2690439252554479,0.6634715411030807,0.9423104778141993,0.22887021465340324,0.3403379322980493,0.025157692841494432,0.7711297853465968,1.5
12,0.66,0.04950040832198442,SARS-CoV,0.2690439252554479,0.641851978378617,0.9431333389484332,0.24166352090166549,0.35112504335018835,0.027458704721771476,0.7583364790983345,1.5
12,0.67,0.04764684757192884,SARS-CoV,0.2690439252554479,0.6196099297063535,0.9439963613058175,0.25514793157718,0.3614536066410174,0.030031533931323635,0.7448520684228199,1.5
12,0.6799999999999999,0.04582540916295323,SARS-CoV,0.2690439252554479,0.5968106821208954,0.9449006472701689,0.2693532415269369,0.37118353101144613,0.03291466589194994,0.7306467584730632,1.5
12,0.69,0.04403507614530325,SARS-CoV,0.2690439252554479,0.5735283343604218,0.9458471820327828,0.2843090874277857,0.38016368420040175,0.03615261325716687,0.7156909125722143,1.5
12,0.7,0.04227487791749299,SARS-CoV,0.2690439252554479,0.5498453467411675,0.9468368067443297,0.300044656771602,0.38823414243849813,0.03979689375235198,0.699955343228398,1.5
12,0.71,0.04054388748717199,SARS-CoV,0.2690439252554479,0.5258518581533262,0.9478701891563585,0.3165883421191103,0.39522940125406564,0.04390715910543873,0.6834116578808898,1.5
12,0.72,0.038841218929880884,SARS-CoV,0.2690439252554479,0.5016447653262229,0.9489477919023498,0.33396733266104117,0.4009826201006631,0.04855249315153265,0.6660326673389588,1.5
12,0.73,0.03716602502886785,SARS-CoV,0.2690439252554479,0.47732656929606904,0.9500698386881166,0.3522071340794404,0.4053309041155066,0.05381289689170631,0.6477928659205596,1.5
12,0.74,0.035517495080780365,SARS-CoV,0.2690439252554479,0.45300400506213323,0.9512362788055024,0.3713310065256353,0.408121530191626,0.05978097660360173,0.6286689934743648,1.5
12,0.75,0.0338948528535065,SARS-CoV,0.2690439252554479,0.4287864821618921,0.9524467505514798,0.3913593092089873,0.4092189052791089,0.06656384732644977,0.6086406907910127,1.5
12,0.76,0.0322973546837421,SARS-CoV,0.2690439252554479,0.4047843755896373,0.9537005443245837,0.4123087386044044,0.4085119123069752,0.07428525718063095,0.5876912613955956,1.5
12,0.77,0.03072428770302432,SARS-CoV,0.2690439252554479,0.3811072172632721,0.9549965663772013,0.43419144561696715,0.4059211700753308,0.08308792665570136,0.5658085543830329,1.5
12,0.78,0.029174968182011856,SARS-CoV,0.2690439252554479,0.3578618472026522,0.956333304417371,0.45701401516688755,0.40140563052033457,0.09313607932239035,0.5429859848331124,1.5
12,0.79,0.027648739983725062,SARS-CoV,0.2690439252554479,0.3351505898634875,0.9577087964654949,0.48077628955276236,0.3949678852381196,0.10461811381964509,0.5192237104472377,1.5
12,0.8,0.026144973117297444,SARS-CoV,0.2690439252554479,0.3130695239757544,0.9591206045637326,0.5054700145879758,0.38665757583011195,0.11774932795075632,0.4945299854120242,1.5
12,0.81,0.024663062384538737,SARS-CoV,0.2690439252554479,0.2917069133298854,0.9605657950889809,0.5310772848536187,0.3765724131462091,0.13277454959570226,0.4689227151463813,1.5
12,0.8200000000000001,0.02320242611229213,SARS-CoV,0.2690439252554479,0.2711418611527153,0.9620409275111808,0.5575687614366406,0.36485650738776193,0.1499704496124215,0.4424312385633594,1.5
12,0.8300000000000001,0.021762504964169368,SARS-CoV,0.2690439252554479,0.25144324233658594,0.9635420534423955,0.5849016321860502,0.3516959745314757,0.16964720055325394,0.4150983678139498,1.5
12,0.8400000000000001,0.020342760825807694,SARS-CoV,0.2690439252554479,0.23266895656742964,0.9650647277142653,0.6130172807792901,0.33731207811590314,0.19214899069376548,0.3869827192207099,1.5
12,0.8500000000000001,0.01894267575827983,SARS-CoV,0.2690439252554479,0.21486553247457182,0.9666040329811272,0.6418386266980188,0.32195244253608146,0.2178526907719976,0.35816137330198117,1.5
12,0.86,0.017561751014746933,SARS-CoV,0.2690439252554479,0.19806809978001014,0.9681546189593522,0.6712670935130155,0.30588108863587177,0.24716368146038084,0.3287329064869845,1.5
12,0.87,0.016199506115841027,SARS-CoV,0.2690439252554479,0.1823007348469722,0.9697107568773284,0.7011791576125701,0.2893681605730627,0.280507457299914,0.2988208423874299,1.5
12,0.88,0.014855477979645348,SARS-CoV,0.2690439252554479,0.16757717712421602,0.9712664090363288,0.7314224236096081,0.2726802212899784,0.3183150940213181,0.2685775763903919,1.5
12,0.89,0.013529220102461933,SARS-CoV,0.2690439252554479,0.15390191232172118,0.9728153125985841,0.7618111660561557,0.25607190298466137,0.36099995698276943,0.23818883394384427,1.5
12,0.9,0.01222030178687402,SARS-CoV,0.2690439252554479,0.14127162617993133,0.9743510758709307,0.7921212696947495,0.23977954063304488,0.4089220817271172,0.2078787303052505,1.5
12,0.91,0.010928307413875744,SARS-CoV,0.2690439252554479,0.12967705567222623,0.9758672845020016,0.8220844921929411,0.22401723772198517,0.4623353992082563,0.1779155078070589,1.5
12,0.9199999999999999,0.009652835756103137,SARS-CoV,0.2690439252554479,0.11910531151416465,0.9773576142306785,0.8513819640336825,0.20897566943683982,0.5213113119782069,0.1486180359663175,1.5
12,0.9299999999999999,0.008393499329425595,SARS-CoV,0.2690439252554479,0.10954283421251289,0.9788159461900279,0.8796368298557409,0.194823882698541,0.5856299294864642,0.12036317014425912,1.5
12,0.94,0.007149923780367234,SARS-CoV,0.2690439252554479,0.1009793105843213,0.9802364803554661,0.9064059239235666,0.18171448651827513,0.6546273807947637,0.09359407607643344,1.5
12,0.95,0.00592174730702197,SARS-CoV,0.2690439252554479,0.09341319381259144,0.9816138425846347,0.9311703594107765,0.16979307735816473,0.7269838360998256,0.06882964058922347,1.5
12,0.96,0.004708620111297549,SARS-CoV,0.2690439252554479,0.08686010849148536,0.9829431808615576,0.9533248966431596,0.15921380050915124,0.8004319212751247,0.04667510335684044,1.5
12,0.97,0.003510203880489954,SARS-CoV,0.2690439252554479,0.08136679863368537,0.9842202468310087,0.9721659391853978,0.15016530074988446,0.871358765632992,0.027834060814602157,1.5
12,0.98,0.0023261712963290188,SARS-CoV,0.2690439252554479,0.07703649121053886,0.9854414594601048,0.9868779884686016,0.14291678313742626,0.934266552922541,0.013122011531398359,1.5
12,0.99,0.0011562055697797084,SARS-CoV,0.2690439252554479,0.07407982448972651,0.9866039486324287,0.9965183673179274,0.13790777215316627,0.9810456027381631,0.0034816326820725774,1.5
13,0.5,0.08459271448529786,SARS-CoV,0.2690439252554479,0.9163280572689401,0.9200323343054663,0.08698386640550267,0.15888529865206386,0.008245704757108095,0.9130161335944973,1.5
13,0.51,0.08203406221035264,SARS-CoV,0.2690439252554479,0.9077859717135417,0.9204265937462979,0.09199564459465652,0.16706119468399971,0.008802861251260587,0.9080043554053435,1.5
13,0.52,0.07953350612790357,SARS-CoV,0.2690439252554479,0.8985553348732489,0.9208439401136437,0.09730835915087271,0.17560022675284095,0.009406875137597014,0.9026916408491272,1.5
13,0.53,0.07708864729099134,SARS-CoV,0.2690439252554479,0.8886027455018873,0.921285744335892,0.10294110658652082,0.184507724484643,0.010062855556226026,0.8970588934134792,1.5
13,0.54,0.07469722873828587,SARS-CoV,0.2690439252554479,0.8778961679607334,0.921753440397207,0.10891407360680047,0.19378649273951581,0.010776578717894086,0.8910859263931995,1.5
13,0.55,0.0723571246427317,SARS-CoV,0.2690439252554479,0.8664054744989935,0.9222485247195242,0.11524857359058259,0.20343622130710018,0.0115545870337937,0.8847514264094174,1.5
13,0.56,0.07006633046985951,SARS-CoV,0.2690439252554479,0.8541030427910742,0.9227725547880505,0.12196707954203331,0.2134528070753512,0.012404304334021257,0.8780329204579667,1.5
13,0.5700000000000001,0.06782295403563192,SARS-CoV,0.2690439252554479,0.8409644056713889,0.9233271468809859,0.12909325241065706,0.22382758258794702,0.013334169926316457,0.87090674758934294,1.5
13,0.58,0.06562520736740894,SARS-CoV,0.2690439252554479,0.8269689477289274,0.9239139727474739,0.13665196348591258,0.2345464469146248,0.014353794722926087,0.8633480365140874,1.5
13,0.59,0.0634713992834212,SARS-CoV,0.2690439252554479,0.8121006407675647,0.9245347550604079,0.1446693093529762,0.24558889795849306,0.015474143217882336,0.8553306906470238,1.5
13,0.6,0.061359928616325526,SARS-CoV,0.2690439252554479,0.796348807129121,0.9251912614531161,0.1531726176446824,0.25692697007915494,0.01670774574002436,0.8468273823553176,1.5
13,0.61,0.05928927801522756,SARS-CoV,0.2690439252554479,0.7797088965710267,0.925885296931665,0.1621904415368946,0.26852408763580626,0.01806894614930245,0.8378095584631053,1.5
13,0.62,0.05725800826819763,SARS-CoV,0.2690439252554479,0.7621832588842378,0.9266186944383804,0.17175254060563175,0.28033385419415596,0.019574190995450044,0.8282474593943683,1.5
13,0.63,0.05526475309394961,SARS-CoV,0.2690439252554479,0.7437818908701007,0.9273933033282268,0.18188984528873625,0.2922988091227891,0.021242367127783705,0.8181101547112637,1.5
13,0.64,0.05330821435714451,SARS-CoV,0.2690439252554479,0.7245231328568814,0.9282109755092671,0.1926344017664221,0.3043491984638014,0.023095195838619187,0.8073655982335779,1.5
13,0.65,0.05138715766683292,SARS-CoV,0.2690439252554479,0.7044342868677914,0.9290735489932771,0.20401929358679974,0.3164018254255129,0.025157692841494432,0.7959807064132003,1.5
13,0.66,0.04950040832198442,SARS-CoV,0.2690439252554479,0.6835521261394852,0.9299828286048135,0.21607853580636416,0.32835906736232945,0.027458704721771476,0.7839214641936358,1.5
13,0.67,0.04764684757192884,SARS-CoV,0.2690439252554479,0.6619232642558047,0.9309405636091863,0.22884693678268805,0.34010816983670694,0.030031533931323635,0.7711530632173119,1.5
13,0.6799999999999999,0.04582540916295323,SARS-CoV,0.2690439252554479,0.6396043520463566,0.9319484220448331,0.24235992203697984,0.351520952609064,0.03291466589194994,0.7576400779630201,1.5
13,0.69,0.04403507614530325,SARS-CoV,0.2690439252554479,0.616662071933918,0.9330079615869379,0.2566533137865274,0.3624540843689403,0.03615261325716687,0.7433466862134726,1.5
13,0.7,0.04227487791749299,SARS-CoV,0.2690439252554479,0.5931729028843503,0.9341205968304606,0.271763058818457,0.37275009858235936,0.03979689375235198,0.728236941181543,1.5
13,0.71,0.04054388748717199,SARS-CoV,0.2690439252554479,0.5692226347160003,0.9352875629659418,0.2877248963223995,0.3822393265071098,0.04390715910543873,0.7122751036776005,1.5
13,0.72,0.038841218929880884,SARS-CoV,0.2690439252554479,0.5449056183294398,0.9365098759342856,0.30457395610422255,0.39074290865359823,0.04855249315153265,0.6954260438957774,1.5
13,0.73,0.03716602502886785,SARS-CoV,0.2690439252554479,0.5203237483155025,0.9377882892905484,0.32234427624786194,0.39807700583451616,0.05381289689170631,0.6776557237521381,1.5
13,0.74,0.035517495080780365,SARS-CoV,0.2690439252554479,0.4955851860767739,0.939123248183932,0.3410682277567055,0.4040582595443145,0.05978097660360173,0.6589317722432946,1.5
13,0.75,0.0338948528535065,SARS-CoV,0.2690439252554479,0.47080284452070975,0.9405148410724995,0.3607758319669632,0.40851044579878604,0.06656384732644977,0.6392241680330368,1.5
13,0.76,0.0322973546837421,SARS-CoV,0.2690439252554479,0.44609266880661597,0.9419627500349906,0.38149395455684304,0.41127212914632066,0.07428525718063095,0.618506045443157,1.5
13,0.77,0.03072428770302432,SARS-CoV,0.2690439252554479,0.4215717606390489,0.9434662008137406,0.40324535774785397,0.41220496433863857,0.08308792665570136,0.596754642252146,1.5
13,0.78,0.029174968182011856,SARS-CoV,0.2690439252554479,0.3973564051837219,0.9450239140131496,0.42604758977520496,0.41120213102368813,0.09313607932239035,0.573952410224795,1.5
13,0.79,0.027648739983725062,SARS-CoV,0.2690439252554479,0.373560068827881,0.9466340591736506,0.4499116878559931,0.4081962489126961,0.10461811381964509,0.5500883121440069,1.5
13,0.8,0.026144973117297444,SARS-CoV,0.2690439252554479,0.35029144182475336,0.9482942137224202,0.4748406676648072,0.4031660389903618,0.11774932795075632,0.5251593323351929,1.5
13,0.81,0.024663062384538737,SARS-CoV,0.2690439252554479,0.3276526017032681,0.950001329044518,0.50082776868988,0.3961410005130495,0.13277454959570226,0.49917223131012,1.5
13,0.8200000000000001,0.02320242611229213,SARS-CoV,0.2690439252554479,0.30573737089562575,0.9517517060921483,0.5278544207359125,0.3872034836033179,0.1499704496124215,0.4721455792640875,1.5
13,0.8300000000000001,0.021762504964169368,SARS-CoV,0.2690439252554479,0.28462993547597787,0.9535409830224619,0.5558878922033348,0.37648775476081864,0.16964720055325394,0.4441121077966652,1.5
13,0.8400000000000001,0.020342760825807694,SARS-CoV,0.2690439252554479,0.2644037818298214,0.9553641372921627,0.5848785755408469,0.364175956187312,0.19214899069376548,0.4151214244591531,1.5
13,0.8500000000000001,0.01894267575827983,SARS-CoV,0.2690439252554479,0.24512099557729258,0.9572155044095197,0.6147568593644779,0.35049120648791426,0.2178526907719976,0.3852431406355221,1.5
13,0.86,0.017561751014746933,SARS-CoV,0.2690439252554479,0.22683195369436268,0.9590888151281115,0.6454295300771994,0.33568842371993934,0.24716368146038084,0.3545704699228006,1.5
13,0.87,0.016199506115841027,SARS-CoV,0.2690439252554479,0.20957542847184576,0.9609772522513529,0.6767756383146919,0.3200437156201158,0.280507457299914,0.3232243616853081,1.5
13,0.88,0.014855477979645348,SARS-CoV,0.2690439252554479,0.19337911312750042,0.9628735274096745,0.7086417570781239,0.3038433345287064,0.3183150940213181,0.29135824292187606,1.5
13,0.89,0.013529220102461933,SARS-CoV,0.2690439252554479,0.17826057656153507,0.9647699772017845,0.7408365488756725,0.2873732202733511,0.36099995698276943,0.2591634511243275,1.5
13,0.9,0.01222030178687402,SARS-CoV,0.2690439252554479,0.16422866303673428,0.966658677009391,0.7731245484459137,0.27091006761756153,0.4089220817271172,0.22687545155408628,1.5
13,0.91,0.010928307413875744,SARS-CoV,0.2690439252554479,0.1512853777699742,0.9685315696747977,0.8052190555292013,0.25471469814968406,0.4623353992082563,0.19478094447079874,1.5
13,0.9199999999999999,0.009652835756103137,SARS-CoV,0.2690439252554479,0.13942835236757103,0.9703806051634712,0.8367740185177314,0.23902835351672516,0.5213113119782069,0.16322598148226863,1.5
13,0.9299999999999999,0.008393499329425595,SARS-CoV,0.2690439252554479,0.1286540851058962,0.9721978864182766,0.8673747744629551,0.22407243922785292,0.5856299294864642,0.13262522553704492,1.5
13,0.94,0.007149923780367234,SARS-CoV,0.2690439252554479,0.11896234136993783,0.9739758159449243,0.8965274936369266,0.21005234334984732,0.6546273807947637,0.10347250636307337,1.5
13,0.95,0.00592174730702197,SARS-CoV,0.2690439252554479,0.1103624670801301,0.9757072373302157,0.9236471573941798,0.197166402688747,0.7269838360998256,0.0763528426058202,1.5
13,0.96,0.004708620111297549,SARS-CoV,0.2690439252554479,0.10288311248984738,0.9773855659391096,0.9480438761947748,0.18562222839464743,0.8004319212751247,0.051956123805225185,1.5
13,0.97,0.003510203880489954,SARS-CoV,0.2690439252554479,0.0965884716392934,0.9790049034798727,0.9689073300272198,0.17566522180765692,0.871358765632992,0.03109266997278015,1.5
13,0.98,0.0023261712963290188,SARS-CoV,0.2690439252554479,0.0916079000668401,0.9805601319436287,0.9852890857751841,0.16763026602041597,0.934266552922541,0.014710914224815852,1.5
13,0.99,0.0011562055697797084,SARS-CoV,0.2690439252554479,0.08819544953534414,0.982046983550579,0.9960825149261364,0.16204321780501818,0.9810456027381631,0.00391748507386358,1.5
14,0.5,0.08459271448529786,SARS-CoV,0.2690439252554479,0.9342101107655238,0.9044781631710198,0.07519929047408222,0.13919414143955505,0.008245704757108095,0.9248007095259178,1.5
14,0.51,0.08203406221035264,SARS-CoV,0.2690439252554479,0.9269201643558763,0.9048848514228935,0.07965399926874851,0.1467013574596879,0.008802861251260587,0.9203460007312515,1.5
14,0.52,0.07953350612790357,SARS-CoV,0.2690439252554479,0.9189785876450628,0.9053166294647611,0.08439023007938301,0.1545848606801962,0.009406875137597014,0.9156097699206169,1.5
14,0.53,0.07708864729099134,SARS-CoV,0.2690439252554479,0.9103471705016367,0.9057751078845084,0.08942721062173138,0.16285635977964003,0.010062855556226026,0.9105727893782686,1.5
14,0.54,0.07469722873828587,SARS-CoV,0.2690439252554479,0.9009882741941921,0.9062619832250087,0.09478539923082183,0.17152599139932315,0.010776578717894086,0.9052146007691781,1.5
14,0.55,0.0723571246427317,SARS-CoV,0.2690439252554479,0.8908653540475868,0.9067790388405338,0.10048654095706216,0.18060181926884944,0.0115545870337937,0.8995134590429379,1.5
14,0.56,0.07006633046985951,SARS-CoV,0.2690439252554479,0.8799435493945521,0.9073281449713659,0.10655372186506522,0.19008924393561785,0.012404304334021257,0.8934462781349348,1.5
14,0.5700000000000001,0.06782295403563192,SARS-CoV,0.2690439252554479,0.8681903400509458,0.9079112578676224,0.11301142048920751,0.19999031296102193,0.013334169926316457,0.8869885795107925,1.5
14,0.58,0.06562520736740894,SARS-CoV,0.2690439252554479,0.8555762662928329,0.9085304177703492,0.11988555519114469,0.2103029220289534,0.014353794722926087,0.8801144448088554,1.5
14,0.59,0.0634713992834212,SARS-CoV,0.2690439252554479,0.8420757065995426,0.9091877455335589,0.1272035259222238,0.22101989886697468,0.015474143217882336,0.8727964740777762,1.5
14,0.6,0.061359928616325526,SARS-CoV,0.2690439252554479,0.8276677042523793,0.909885437645476,0.13499424861302414,0.2321279645554631,0.01670774574002436,0.8650057513869759,1.5
14,0.61,0.05928927801522756,SARS-CoV,0.2690439252554479,0.8123368302788504,0.9106257593814222,0.14328818008760025,0.24360657112595105,0.01806894614930245,0.8567118199123998,1.5
14,0.62,0.05725800826819763,SARS-CoV,0.2690439252554479,0.7960740662825003,0.9114110357953987,0.15211733102500874,0.25542662083833867,0.019574190995450044,0.8478826689749912,1.5
14,0.63,0.05526475309394961,SARS-CoV,0.2690439252554479,0.7788776865233413,0.9122436402337046,0.1615152640582182,0.2675490817536939,0.021242367127783705,0.8384847359417817,1.5
14,0.64,0.05330821435714451,SARS-CoV,0.2690439252554479,0.7607541143941047,0.9131259800334418,0.17151707360224588,0.2799235267844743,0.023095195838619187,0.8284829263977541,1.5
14,0.65,0.05138715766683292,SARS-CoV,0.2690439252554479,0.7417187244141796,0.914060479053572,0.18215934343015688,0.292486639853659,0.025157692841494432,0.8178406565698431,1.5
14,0.66,0.04950040832198442,SARS-CoV,0.2690439252554479,0.7217965573370453,0.9150495566788609,0.19348007735665718,0.3051607534941069,0.027458704721771476,0.8065199226433428,1.5
14,0.67,0.04764684757192884,SARS-CoV,0.2690439252554479,0.7010229132911436,0.916095602940757,0.20551859763255195,0.3178525071644704,0.030031533931323635,0.794481402367448,1.5
14,0.6799999999999999,0.04582540916295323,SARS-CoV,0.2690439252554479,0.679443786437662,0.9172009494177625,0.21831540478555186,0.33045174410982003,0.03291466589194994,0.7816845952144481,1.5
14,0.69,0.04403507614530325,SARS-CoV,0.2690439252554479,0.6571161048307497,0.9183678356155562,0.2319119916484408,0.34283079515503667,0.03615261325716687,0.7680880083515592,1.5
14,0.7,0.04227487791749299,SARS-CoV,0.2690439252554479,0.6341077413794716,0.9195983705889246,0.24635060317679305,0.35484432746590683,0.03979689375235198,0.753649396823207,1.5
14,0.71,0.04054388748717199,SARS-CoV,0.2690439252554479,0.6104972663377793,0.9208944896587485,0.26167393235545694,0.36632996048073313,0.04390715910543873,0.7383260676445431,1.5
14,0.72,0.038841218929880884,SARS-CoV,0.2690439252554479,0.5863734187684689,0.9222579062032341,0.2779247410032044,0.3771098635346912,0.04855249315153265,0.7220752589967956,1.5
14,0.73,0.03716602502886785,SARS-CoV,0.2690439252554479,0.5618342839449555,0.923690058668354,0.29514539258287475,0.3869935421883185,0.05381289689170631,0.7048546074171252,1.5
14,0.74,0.035517495080780365,SARS-CoV,0.2690439252554479,0.5369861754586769,0.9251920531521696,0.31337728218085165,0.39578198409665,0.05978097660360173,0.6866227178191484,1.5
14,0.75,0.0338948528535065,SARS-CoV,0.2690439252554479,0.511942234431861,0.926764602173778,0.3326601466021504,0.40327326226440596,0.06656384732644977,0.6673398533978496,1.5
14,0.76,0.0322973546837421,SARS-CoV,0.2690439252554479,0.48682077298785115,0.9284079605397781,0.35303123499847855,0.40926957863179264,0.07428525718063095,0.6469687650015215,1.5
14,0.77,0.03072428770302432,SARS-CoV,0.2690439252554479,0.4617434040767427,0.9301218595652974,0.37452431756435123,0.41358557511299404,0.08308792665570136,0.6254756824356488,1.5
14,0.78,0.029174968182011856,SARS-CoV,0.2690439252554479,0.43683301380957673,0.9319054412836708,0.3971685065530544,0.4160575525866707,0.09313607932239035,0.6028314934469456,1.5
14,0.79,0.027648739983725062,SARS-CoV,0.2690439252554479,0.41221164448067654,0.9337571946735811,0.42098686012613096,0.41655304218108685,0.10461811381964509,0.579013139873869,1.5
14,0.8,0.026144973117297444,SARS-CoV,0.2690439252554479,0.38799836538492166,0.9356748963225778,0.4459947352960018,0.4149799995319979,0.11774932795075632,0.5540052647039981,1.5
14,0.81,0.024663062384538737,SARS-CoV,0.2690439252554479,0.3643072135017723,0.9376555583017765,0.4721978513826686,0.4112947803430416,0.13277454959570226,0.5278021486173314,1.5
14,0.8200000000000001,0.02320242611229213,SARS-CoV,0.2690439252554479,0.34124528659813663,0.9396953863115765,0.49959001990388296,0.40550804231306353,0.1499704496124215,0.500409980096117,1.5
14,0.8300000000000001,0.021762504964169368,SARS-CoV,0.2690439252554479,0.3189110672234564,0.9417897513305132,0.5281504905660048,0.39768783048199907,0.16964720055325394,0.4718495094339952,1.5
14,0.8400000000000001,0.020342760825807694,SARS-CoV,0.2690439252554479,0.29739304787979537,0.9439331780143948,0.5578408559198732,0.38795934454147907,0.19214899069376548,0.4421591440801268,1.5
14,0.8500000000000001,0.01894267575827983,SARS-CoV,0.2690439252554479,0.2767687163426912,0.9461193529081648,0.5886014491804824,0.3765012338474649,0.2178526907719976,0.4113985508195176,1.5
14,0.86,0.017561751014746933,SARS-CoV,0.2690439252554479,0.2571039472273774,0.9483411551134555,0.6203471605531831,0.36353866834345916,0.24716368146038084,0.37965283944681694,1.5
14,0.87,0.016199506115841027,SARS-CoV,0.2690439252554479,0.23845283352006935,0.9505907113796818,0.6529625870196989,0.3493338245442566,0.280507457299914,0.3470374129803011,1.5
14,0.88,0.014855477979645348,SARS-CoV,0.2690439252554479,0.2208579825955712,0.9528594766555583,0.6862964187512428,0.33417473868379893,0.3183150940213181,0.3137035812487572,1.5
14,0.89,0.013529220102461933,SARS-CoV,0.2690439252554479,0.2043512986852684,0.955138339977261,0.7201549519513896,0.31836366619381773,0.36099995698276943,0.27984504804861043,1.5
14,0.9,0.01222030178687402,SARS-CoV,0.2690439252554479,0.1889552826553715,0.9574177542346978,0.7542946027799878,0.3022061323822577,0.4089220817271172,0.24570539722001217,1.5
14,0.91,0.010928307413875744,SARS-CoV,0.2690439252554479,0.17468490770643094,0.9596878869334479,0.7884132798391537,0.2860017863271254,0.4623353992082563,0.21158672016084634,1.5
14,0.9199999999999999,0.009652835756103137,SARS-CoV,0.2690439252554479,0.16155018889367218,0.9619387876661237,0.8221404532484518,0.27003803803640786,0.5213113119782069,0.17785954675154825,1.5
14,0.9299999999999999,0.008393499329425595,SARS-CoV,0.2690439252554479,0.1495596789458661,0.9641605667474514,0.8550257363025597,0.2545873604590219,0.5856299294864642,0.14497426369744026,1.5
14,0.94,0.007149923780367234,SARS-CoV,0.2690439252554479,0.1387253404443095,0.9663435784778244,0.886525770754645,0.23990920471526617,0.6546273807947637,0.113474229245355,1.5
14,0.95,0.00592174730702197,SARS-CoV,0.2690439252554479,0.12906966684451796,0.9684786018914909,0.9159891785245182,0.22625791577046475,0.7269838360998256,0.08401082147548178,1.5
14,0.96,0.004708620111297549,SARS-CoV,0.2690439252554479,0.12063678314832237,0.9705570116985105,0.9426393106651442,0.21389923984831877,0.8004319212751247,0.05736068933485583,1.5
14,0.97,0.003510203880489954,SARS-CoV,0.2690439252554479,0.11351111335194274,0.9725709324813582,0.9655544882531398,0.20314087447612134,0.871358765632992,0.03444551174686017,1.5
14,0.98,0.0023261712963290188,SARS-CoV,0.2690439252554479,0.10785154232751099,0.974513370043836,0.9836453889556919,0.19438931848850063,0.934266552922541,0.01635461104430813,1.5
14,0.99,0.0011562055697797084,SARS-CoV,0.2690439252554479,0.10396018047910165,0.9763783150666331,0.995629186755734,0.18826262426614013,0.9810456027381631,0.004370813244266025,1.5
15,0.5,0.08459271448529786,SARS-CoV,0.2690439252554479,0.9485251601873521,0.8871857627990221,0.06533763217210765,0.12225399430643667,0.008245704757108095,0.9346623678278924,1.5
15,0.51,0.08203406221035264,SARS-CoV,0.2690439252554479,0.9423698100848967,0.8876008538631373,0.06929979932438782,0.12910546708302742,0.008802861251260587,0.9307002006756122,1.5
15,0.52,0.07953350612790357,SARS-CoV,0.2690439252554479,0.9356100509887608,0.888042736191525,0.07352364237045797,0.13633368747824934,0.009406875137597014,0.9264763576295421,1.5
15,0.53,0.07708864729099134,SARS-CoV,0.2690439252554479,0.9282044735558974,0.8885132497455788,0.07802821138093677,0.1439550433047148,0.010062855556226026,0.9219717886190633,1.5
15,0.54,0.07469722873828587,SARS-CoV,0.2690439252554479,0.9201114497467859,0.8890143450864856,0.08283389753254207,0.15198518593978208,0.010776578717894086,0.9171661024674579,1.5
15,0.55,0.0723571246427317,SARS-CoV,0.2690439252554479,0.9112896117782547,0.8895480861463996,0.08796250801155783,0.16043862842893994,0.0115545870337937,0.9120374919884422,1.5
15,0.56,0.07006633046985951,SARS-CoV,0.2690439252554479,0.901698407675851,0.8901166522453096,0.0934373411062802,0.16932825857398448,0.012404304334021257,0.9065626588937198,1.5
15,0.5700000000000001,0.06782295403563192,SARS-CoV,0.2690439252554479,0.8912987351748733,0.8907223391568864,0.09928326055572687,0.1786647545357222,0.013334169926316457,0.9007167394442731,1.5
15,0.58,0.06562520736740894,SARS-CoV,0.2690439252554479,0.8800536536205522,0.8913675589966036,0.10552676800249006,0.188455889946401,0.014353794722926087,0.8944732319975099,1.5
15,0.59,0.0634713992834212,SARS-CoV,0.2690439252554479,0.8679291708828286,0.8920548386729528,0.11219607213960946,0.19870571554335933,0.015474143217882336,0.8878039278603905,1.5
15,0.6,0.061359928616325526,SARS-CoV,0.2690439252554479,0.8548950991086385,0.892786816607994,0.11932115283865152,0.2094136051987667,0.01670774574002436,0.8806788471613485,1.5
15,0.61,0.05928927801522756,SARS-CoV,0.2690439252554479,0.8409259693933439,0.8935662373973698,0.1269338181918997,0.22057315632078683,0.01806894614930245,0.8730661818081003,1.5
15,0.62,0.05725800826819763,SARS-CoV,0.2690439252554479,0.8260019912119685,0.8943959440431987,0.13506775198768212,0.2321709384355745,0.019574190995450044,0.8649322480123178,1.5
15,0.63,0.05526475309394961,SARS-CoV,0.2690439252554479,0.8101100378104439,0.8952788673572232,0.14375854865530205,0.24418508993618787,0.021242367127783705,0.856241451344698,1.5
15,0.64,0.05330821435714451,SARS-CoV,0.2690439252554479,0.7932446338782776,0.8962180120980213,0.15304373215427886,0.2565837722153912,0.023095195838619187,0.8469562678457212,1.5
15,0.65,0.05138715766683292,SARS-CoV,0.2690439252554479,0.7754089169366949,0.8972164393773353,0.16296275462978166,0.26932350346330236,0.025157692841494432,0.8370372453702184,1.5
15,0.66,0.04950040832198442,SARS-CoV,0.2690439252554479,0.7566155392819406,0.8982772448496751,0.17355696989843905,0.2823474120764025,0.027458704721771476,0.826443030101561,1.5
15,0.67,0.04764684757192884,SARS-CoV,0.2690439252554479,0.736887473391656,0.899403532190111,0.18486957595059653,0.2955834725135687,0.030031533931323635,0.8151304240494035,1.5
15,0.6799999999999999,0.04582540916295323,SARS-CoV,0.2690439252554479,0.7162586808583851,0.9005983813721955,0.19694551963858045,0.30894281480644054,0.03291466589194994,0.8030544803614196,1.5
15,0.69,0.04403507614530325,SARS-CoV,0.2690439252554479,0.6947746036157653,0.9018648112867388,0.20983135554526494,0.32231823237230883,0.03615261325716687,0.7901686444547351,1.5
15,0.7,0.04227487791749299,SARS-CoV,0.2690439252554479,0.6724924369243086,0.9032057362989764,0.22357504966978886,0.33558304979771386,0.03979689375235198,0.7764249503302112,1.5
15,0.71,0.04054388748717199,SARS-CoV,0.2690439252554479,0.6494811466891436,0.9046239164334386,0.23822571700109893,0.34859054982525495,0.04390715910543873,0.761774282998901,1.5
15,0.72,0.038841218929880884,SARS-CoV,0.2690439252554479,0.6258211994908417,0.9061219010098511,0.25383328024456553,0.36117419185117083,0.04855249315153265,0.7461667197554345,1.5
15,0.73,0.03716602502886785,SARS-CoV,0.2690439252554479,0.601603982356443,0.907701965736864,0.2704480348877269,0.3731488755065281,0.05381289689170631,0.729551965112273,1.5
15,0.74,0.035517495080780365,SARS-CoV,0.2690439252554479,0.5769309006948193,0.9093660435096782,0.28812010339854666,0.3843135028465145,0.05978097660360173,0.7118798966014533,1.5
15,0.75,0.0338948528535065,SARS-CoV,0.2690439252554479,0.5519121566195777,0.9111156494573948,0.30689875859849736,0.3944550604109578,0.06656384732644977,0.6931012414015026,1.5
15,0.76,0.0322973546837421,SARS-CoV,0.2690439252554479,0.526665225453479,0.9129518011478501,0.32683159309189264,0.40335436739981456,0.07428525718063095,0.6731684069081074,1.5
15,0.77,0.03072428770302432,SARS-CoV,0.2690439252554479,0.5013130646538226,0.9148749352792046,0.34796350800370063,0.4107935110918778,0.08308792665570136,0.6520364919962993,1.5
15,0.78,0.029174968182011856,SARS-CoV,0.2690439252554479,0.47598210560755316,0.9168848226600627,0.3703354901140271,0.4165648150453196,0.09313607932239035,0.6296645098859729,1.5
15,0.79,0.027648739983725062,SARS-CoV,0.2690439252554479,0.4508000934874696,0.9189804837874251,0.3939831417027505,0.42048097006114227,0.10461811381964509,0.6060168582972495,1.5
15,0.8,0.026144973117297444,SARS-CoV,0.2690439252554479,0.42589385241384714,0.9211601078494364,0.41893492194604853,0.42238572651241063,0.11774932795075632,0.5810650780539515,1.5
15,0.81,0.024663062384538737,SARS-CoV,0.2690439252554479,0.4013870614625179,0.9234209784733314,0.4452100524398744,0.42216433708045437,0.13277454959570226,0.5547899475601257,1.5
15,0.8200000000000001,0.02320242611229213,SARS-CoV,0.2690439252554479,0.37739813084465434,0.9257594099643013,0.4728160322518841,0.4197527977077129,0.1499704496124215,0.5271839677481158,1.5
15,0.8300000000000001,0.021762504964169368,SARS-CoV,0.2690439252554479,0.35403826654400306,0.9281706980863594,0.5017456996963778,0.4151449075326964,0.16964720055325394,0.49825430030362217,1.5
15,0.8400000000000001,0.020342760825807694,SARS-CoV,0.2690439252554479,0.3314098060731052,0.9306490895649641,0.5319737686416929,0.40839628796450067,0.19214899069376548,0.4680262313583071,1.5
15,0.8500000000000001,0.01894267575827983,SARS-CoV,0.2690439252554479,0.30960489865009905,0.9331877743865449,0.5634527564328865,0.3996247728517797,0.2178526907719976,0.4365472435671135,1.5
15,0.86,0.017561751014746933,SARS-CoV,0.2690439252554479,0.28870459149120664,0.9357789045824475,0.5961082082574707,0.38900697819563945,0.24716368146038084,0.4038917917425293,1.5
15,0.87,0.016199506115841027,SARS-CoV,0.2690439252554479,0.26877837221102896,0.9384136424794624,0.6298331087875937,0.3767713218095437,0.280507457299914,0.3701668912124063,1.5
15,0.88,0.014855477979645348,SARS-CoV,0.2690439252554479,0.24988420841746162,0.9410822403648426,0.6644813559572305,0.36318821292244596,0.3183150940213181,0.33551864404276954,1.5
15,0.89,0.013529220102461933,SARS-CoV,0.2690439252554479,0.23206912336731578,0.94377415217073,0.6998601535058919,0.34855849329846655,0.36099995698276943,0.3001398464941081,1.5
15,0.9,0.01222030178687402,SARS-CoV,0.2690439252554479,0.21537035652641875,0.946478176187739,0.7357211581301909,0.33320143369744604,0.4089220817271172,0.2642788418698091,1.5
15,0.91,0.010928307413875744,SARS-CoV,0.2690439252554479,0.19981718860827358,0.9491826260644612,0.7717501933812062,0.3174436622883535,0.4623353992082563,0.2282498066187938,1.5
15,0.9199999999999999,0.009652835756103137,SARS-CoV,0.2690439252554479,0.18543357679886263,0.9518755255663397,0.8075553154288941,0.3016103639728664,0.5213113119782069,0.19244468457110586,1.5
15,0.9299999999999999,0.008393499329425595,SARS-CoV,0.2690439252554479,0.17224187475472355,0.954544820904546,0.8426529850336714,0.28602003155307176,0.5856299294864642,0.15734701496632864,1.5
15,0.94,0.007149923780367234,SARS-CoV,0.2690439252554479,0.16026815833472785,0.9571786030612869,0.8764520650057984,0.27098411927286165,0.6546273807947637,0.12354793499420158,1.5
15,0.95,0.00592174730702197,SARS-CoV,0.2690439252554479,0.14955015848679343,0.9597653315788135,0.9082353225142856,0.2568133877140573,0.7269838360998256,0.09176467748571437,1.5
15,0.96,0.004708620111297549,SARS-CoV,0.2690439252554479,0.14014978154430197,0.962294050859742,0.9371380701688359,0.2438339866214038,0.8004319212751247,0.06286192983116412,1.5
15,0.97,0.003510203880489954,SARS-CoV,0.2690439252554479,0.1321743170042622,0.9647545902112474,0.9621235280936382,0.23241939252494961,0.871358765632992,0.037876471906361786,1.5
15,0.98,0.0023261712963290188,SARS-CoV,0.2690439252554479,0.12581539252965557,0.967137739659528,0.9819544303934877,0.22305171986033154,0.934266552922541,0.01804556960651227,1.5
15,0.99,0.0011562055697797084,SARS-CoV,0.2690439252554479,0.12142751441378813,0.9694353949039326,0.9951603325208147,0.21644485197102248,0.9810456027381631,0.0048396674791852945,1.5
0,0.5,0.13928278172985825,MERS-CoV,0.7845180037839311,0.4409275525969569,0.9729320554281425,0.10483977336724326,0.16940092411714092,0.007138419107292803,0.8951602266327567,1.5
0,0.51,0.13404778301020914,MERS-CoV,0.7845180037839311,0.43056236855168245,0.9730644276361504,0.10967404280152604,0.1748179672635581,0.007647350400974149,0.890325957198474,1.5
0,0.52,0.1290001273836609,MERS-CoV,0.7845180037839311,0.4200449288894678,0.9732024541117091,0.11472981341577353,0.18023168450324237,0.008200186845795385,0.8852701865842265,1.5
0,0.53,0.12412969754401772,MERS-CoV,0.7845180037839311,0.40937957983117423,0.973346421488366,0.12001993630982626,0.18562053647512095,0.008801778249380096,0.8799800636901738,1.5
0,0.54,0.11942710003975267,MERS-CoV,0.7845180037839311,0.3985716586633489,0.9734966310480799,0.12555814100625226,0.19096001239042354,0.009457615848772447,0.8744418589937477,1.5
0,0.55,0.11488360124934043,MERS-CoV,0.7845180037839311,0.3876275860865516,0.9736533991307482,0.1313591004645256,0.19622241704095672,0.010173928843938364,0.8686408995354744,1.5
0,0.56,0.11049107006308981,MERS-CoV,0.7845180037839311,0.3765549595008139,0.9738170574665532,0.13743850058780863,0.2013766829397853,0.010957796816380275,0.8625614994121914,1.5
0,0.5700000000000001,0.1062419264635095,MERS-CoV,0.7845180037839311,0.3653626453820381,0.9739879534073775,0.1438131143627391,0.20638822213585908,0.011817280792207095,0.8561868856372609,1.5
0,0.58,0.10212909530584749,MERS-CoV,0.7845180037839311,0.3540608684784027,0.974166450029151,0.1505008807219025,0.21121883543338985,0.01276157619578271,0.8494991192780975,1.5
0,0.59,0.09814596469357509,MERS-CoV,0.7845180037839311,0.3426612951055546,0.974352926072053,0.15752098814796356,0.21582670003419502,0.013801191509078808,0.8424790118520364,1.5
0,0.6,0.094286348422953,MERS-CoV,0.7845180037839311,0.3311771073593354,0.9745477756800032,0.1648939629422443,0.220166459757595,0.014948157114629237,0.8351060370577557,1.5
0,0.61,0.09054445203863913,MERS-CoV,0.7845180037839311,0.31962306461695505,0.9747514078948423,0.17264176195195496,0.22418944461484994,0.016216269568590173,0.8273582380480451,1.5
0,0.62,0.08691484210042424,MERS-CoV,0.7845180037839311,0.30801554829071365,0.9749642458541163,0.18078786938070618,0.22784404813241574,0.017621377436880734,0.8192121306192939,1.5
0,0.63,0.0833924183111205,MERS-CoV,0.7845180037839311,0.29637258546812123,0.9751867256345181,0.18935739708556598,0.23107629080961647,0.019181715842805057,0.810642602914434,1.5
0,0.64,0.07997238819865067,MERS-CoV,0.7845180037839311,0.28471384686084567,0.9754192946760271,0.1983771874773641,0.2338305957322885,0.020918298027690324,0.8016228125226359,1.5
0,0.65,0.07665024408253564,MERS-CoV,0.7845180037839311,0.27306061443931384,0.9756624097148562,0.20787591777240264,0.23605079686099054,0.022855373521243148,0.7921240822275973,1.5
0,0.66,0.07342174208713839,MERS-CoV,0.7845180037839311,0.2614357142999328,0.9759165341468741,0.2178842038723651,0.23768139113120668,0.025020963952340953,0.7821157961276349,1.5
0,0.67,0.07028288299192516,MERS-CoV,0.7845180037839311,0.24986341074630894,0.976182134737704,0.22843470154900333,0.2386690316963165,0.0274474890887124,0.7715652984509966,1.5
0,0.6799999999999999,0.0672298947332687,MERS-CoV,0.7845180037839311,0.23836925830708608,0.9764596775918859,0.23956220184877258,0.23896424125117038,0.030172497342046724,0.7604377981512274,1.5
0,0.69,0.06425921639346396,MERS-CoV,0.7845180037839311,0.22697990949127603,0.9767496232921464,0.25130371666970824,0.23852330184229387,0.033239516653021925,0.7486962833302917,1.5
0,0.7,0.06136748353109489,MERS-CoV,0.7845180037839311,0.2157228775082533,0.9770524211219567,0.26369854924840785,0.2373102521656455,0.036699043278610705,0.7363014507515921,1.5
0,0.71,0.058551514723049834,MERS-CoV,0.7845180037839311,0.20462625493879472,0.9773685022913707,0.27678834276673764,0.2352988972956608,0.04060968738535885,0.7232116572332623,1.5
0,0.72,0.055808299202654364,MERS-CoV,0.7845180037839311,0.19371839138838176,0.9776982720989486,0.290617098368381,0.23247471224607197,0.04503949527077205,0.709382901631619,1.5
0,0.73,0.0531349854908403,MERS-CoV,0.7845180037839311,0.1830275354012119,0.9780421009828371,0.3052311514684155,0.22883650361291002,0.05006746814234591,0.6947688485315845,1.5
0,0.74,0.0505288709282251,MERS-CoV,0.7845180037839311,0.17258144824319882,0.9784003144432706,0.32067909222524316,0.2243976868897242,0.05578529617700635,0.6793209077747568,1.5
0,0.75,0.04798739202563944,MERS-CoV,0.7845180037839311,0.16240699942285064,0.9787731818582057,0.3370116122749011,0.21918704444818846,0.0622993233463599,0.6629883877250988,1.5
0,0.76,0.045508115559175014,MERS-CoV,0.7845180037839311,0.15252975583555972,0.9791609042645838,0.35428125511881475,0.21324885281647227,0.06973275221736344,0.6457187448811852,1.5
0,0.77,0.043088730343376076,MERS-CoV,0.7845180037839311,0.14297357800723967,0.9795636012403482,0.37254204167850374,0.20664230771268283,0.07822808721996496,0.6274579583214963,1.5
0,0.78,0.040727039622892064,MERS-CoV,0.7845180037839311,0.13376023790659328,0.9799812970965269,0.39184893520067765,0.19944022851058887,0.08794979777416446,0.6081510647993223,1.5
0,0.79,0.03842095402885149,MERS-CoV,0.7845180037839311,0.12490907305459861,0.9804139066730239,0.41225710056116077,0.19172708491546123,0.09908715653064101,0.5877428994388392,1.5
0,0.8,0.03616848505149918,MERS-CoV,0.7845180037839311,0.11643669110358101,0.98086122112337,0.4338209016390536,0.18359645004316794,0.1118571691806137,0.5661790983609464,1.5
0,0.81,0.033967738985346725,MERS-CoV,0.7845180037839311,0.10835673767926218,0.9813228941680027,0.45659256627147965,0.17514803747450444,0.12650745592762228,0.5434074337285204,1.5
0,0.8200000000000001,0.031816911307279976,MERS-CoV,0.7845180037839311,0.10067973815685675,0.9817984293862584,0.4806204306822249,0.16648451766514913,0.1433188641782052,0.5193795693177752,1.5
0,0.8300000000000001,0.029714281451818023,MERS-CoV,0.7845180037839311,0.093413021347006,0.9822871691959324,0.5059466533718734,0.15770832615337554,0.1626074784378624,0.4940533466281266,1.5
0,0.8400000000000001,0.02765820795106864,MERS-CoV,0.7845180037839311,0.08656073005650387,0.98278828622626635,0.5326042612311713,0.14891867057113697,0.18472553496003494,0.4673957387688287,1.5
0,0.8500000000000001,0.025647123909930108,MERS-CoV,0.7845180037839311,0.08012392049721717,0.983300777814985,0.560613356815905,0.14020891751314277,0.21006052965241154,0.43938664318409504,1.5
0,0.86,0.02367953278978111,MERS-CoV,0.7845180037839311,0.07410074994680324,0.9838234643421052,0.589976273719466,0.1316644990729363,0.23903150724785865,0.41002372628053396,1.5
0,0.87,0.021754004476320036,MERS-CoV,0.7845180037839311,0.06848675038692956,0.9843549920437842,0.6206714148421356,0.12336142965517023,0.2720811102729296,0.3793285851578644,1.5
0,0.88,0.019869171609390748,MERS-CoV,0.7845180037839311,0.06327518562189548,0.9848938408226311,0.652645443664569,0.11536547461781795,0.30966141168183237,0.347354556335431,1.5
0,0.89,0.018023726154588825,MERS-CoV,0.7845180037839311,0.058457491345981015,0.985438337385507,0.6858034183964375,0.10773197106328969,0.3522108076737852,0.31419658160356245,1.5
0,0.9,0.016216416198209734,MERS-CoV,0.7845180037839311,0.054023802860076846,0.9859866738007502,0.7199963593947799,0.100506274323922,0.40011824507815863,0.2800036406052201,1.5
0,0.91,0.01444604294869299,MERS-CoV,0.7845180037839311,0.04996358542888093,0.9865369312855832,0.7550056169681616,0.09372479724775194,0.45366971981911136,0.2449943830318384,1.5
0,0.9199999999999999,0.012711457929156036,MERS-CoV,0.7845180037839311,0.046266400885045335,0.9870871087295314,0.7905232539718615,0.08741662989002182,0.5129702041183262,0.20947674602813848,1.5
0,0.9299999999999999,0.011011560346915757,MERS-CoV,0.7845180037839311,0.042922877379156926,0.9876351551548578,0.8261274685119188,0.08160578543727973,0.5778318038219112,0.17387253148808124,1.5
0,0.94,0.009345294627073784,MERS-CoV,0.7845180037839311,0.0399260101575597,0.9881790050374908,0.8612518480528871,0.07631423635254607,0.6476158371270593,0.13874815194711287,1.5
0,0.95,0.007711648098312598,MERS-CoV,0.7845180037839311,0.03727303796780074,0.9887166151891087,0.895146956722587,0.0715661326326687,0.7210124345059786,0.10485304327741296,1.5
0,0.96,0.006109648820020497,MERS-CoV,0.7845180037839311,0.03496837616202458,0.9892460017569756,0.9268323996491411,0.06739404834176642,0.795735894060572,0.0731676003508589,1.5
0,0.97,0.0045383635407449645,MERS-CoV,0.7845180037839311,0.03302860036549285,0.9897652758500584,0.955037065787594,0.06384907129288739,0.8681070112190401,0.04496293421240605,1.5
0,0.98,0.0029968957787769542,MERS-CoV,0.7845180037839311,0.031491680293002165,0.9902726763556096,0.9781247042726791,0.06101880069407412,0.9324844556075886,0.021875295727320943,1.5
0,0.99,0.0014843840163996547,MERS-CoV,0.7845180037839311,0.03043579256020072,0.9907665986665867,0.9940013147690995,0.05906310422461952,0.9804953766649828,0.0059986852309005245,1.5
1,0.5,0.13928278172985825,MERS-CoV,0.7845180037839311,0.7139915770725456,0.9116722297354367,0.05492564149818474,0.10200433661221953,0.007138419107292803,0.9450743585018153,1.5
1,0.51,0.13404778301020914,MERS-CoV,0.7845180037839311,0.7034416695660156,0.9119118028864774,0.0579721073733463,0.10711651728417497,0.007647350400974149,0.9420278926266537,1.5
1,0.52,0.1290001273836609,MERS-CoV,0.7845180037839311,0.6925282573542486,0.91216457345916,0.06119856711827124,0.11245914478008236,0.008200186845795385,0.9388014328817288,1.5
1,0.53,0.12412969754401772,MERS-CoV,0.7845180037839311,0.6812450276868822,0.9124313874198333,0.06461803917446478,0.11803967736791984,0.008801778249380096,0.9353819608255353,1.5
1,0.54,0.11942710003975267,MERS-CoV,0.7845180037839311,0.6695867158337544,0.9127131476800836,0.0682446334951795,0.12386489150095406,0.009457615848772447,0.9317553665048205,1.5
1,0.55,0.11488360124934043,MERS-CoV,0.7845180037839311,0.6575493020929564,0.9130108173182557,0.07209365169956768,0.1299406240106395,0.010173928843938364,0.9279063483004323,1.5
1,0.56,0.11049107006308981,MERS-CoV,0.7845180037839311,0.645130225364686,0.9133254227855676,0.07618169655160154,0.13627146196178527,0.010957796816380275,0.9238183034483984,1.5
1,0.5700000000000001,0.1062419264635095,MERS-CoV,0.7845180037839311,0.6323286120465834,0.91365805703957,0.08052679151185121,0.14286037267887383,0.011817280792207095,0.9194732084881487,1.5
1,0.58,0.10212909530584749,MERS-CoV,0.7845180037839311,0.6191455182240299,0.9140098825331328,0.08514851112462639,0.1497082662904786,0.01276157619578271,0.9148514888753736,1.5
1,0.59,0.09814596469357509,MERS-CoV,0.7845180037839311,0.605584182211218,0.9143821339700652,0.09006812300093876,0.15681348340875076,0.013801191509078808,0.9099318769990612,1.5
1,0.6,0.094286348422953,MERS-CoV,0.7845180037839311,0.5916502834517878,0.9147761207187145,0.09530874213264245,0.1641712014781026,0.014948157114629237,0.9046912578673576,1.5
1,0.61,0.09054445203863913,MERS-CoV,0.7845180037839311,0.577352202628611,0.9151932287522263,0.10089549821639197,0.17177275516885865,0.016216269568590173,0.899104501783608,1.5
1,0.62,0.08691484210042424,MERS-CoV,0.7845180037839311,0.5627012765917743,0.9156349219585552,0.1068557165666244,0.1796048693018244,0.017621377436880734,0.8931442834333756,1.5
1,0.63,0.0833924183111205,MERS-CoV,0.7845180037839311,0.547712040439001,0.9161027426347909,0.11321911304034693,0.18764880757571978,0.019181715842805057,0.8867808869596531,1.5
1,0.64,0.07997238819865067,MERS-CoV,0.7845180037839311,0.5324024478395326,0.9165983109491784,0.12001800316472074,0.1958794472838912,0.020918298027690324,0.8799819968352792,1.5
1,0.65,0.07665024408253564,MERS-CoV,0.7845180037839311,0.5167940595655602,0.9171233231208349,0.12728752532776144,0.20426429970694845,0.022855373521243148,0.8727124746722386,1.5
1,0.66,0.07342174208713839,MERS-CoV,0.7845180037839311,0.5009121892885688,0.9176795480324337,0.1350658774328644,0.21276250834201144,0.025020963952340953,0.8649341225671356,1.5
1,0.67,0.07028288299192516,MERS-CoV,0.7845180037839311,0.4847859951302622,0.9182688219563139,0.14339456579097082,0.22132387277728627,0.0274474890887124,0.8566054342090292,1.5
1,0.6799999999999999,0.0672298947332687,MERS-CoV,0.7845180037839311,0.46844850535768773,0.9188930410413668,0.15231866418123058,0.22988796468336303,0.030172497342046724,0.8476813358187694,1.5
1,0.69,0.06425921639346396,MERS-CoV,0.7845180037839311,0.45193656710798236,0.9195541511791245,0.16188707988996867,0.23838342332501358,0.033239516653021925,0.8381129201100314,1.5
1,0.7,0.06136748353109489,MERS-CoV,0.7845180037839311,0.4352907082353336,0.9202541348459022,0.17215282205994853,0.24672753960441152,0.036699043278610705,0.8278471779400515,1.5
1,0.71,0.058551514723049834,MERS-CoV,0.7845180037839311,0.4185549043780882,0.9209949945076574,0.18317326574765797,0.25482625722379393,0.04060968738535885,0.8168267342523421,1.5
1,0.72,0.055808299202654364,MERS-CoV,0.7845180037839311,0.40177624618850033,0.9217787321802513,0.19501040256939356,0.2625747331147975,0.04503949527077205,0.8049895974306065,1.5
1,0.73,0.0531349854908403,MERS-CoV,0.7845180037839311,0.3850045053298132,0.9226073247656925,0.20773106555779494,0.26985860159176706,0.05006746814234591,0.792268934442205,1.5
1,0.74,0.0505288709282251,MERS-CoV,0.7845180037839311,0.3682916022270012,0.9234826948409506,0.2214071116476928,0.27655607168411894,0.05578529617700635,0.7785928883523072,1.5
1,0.75,0.04798739202563944,MERS-CoV,0.7845180037839311,0.3516909834764853,0.9244066766666048,0.23611553980945554,0.282540948832831,0.0622993233463599,0.7638844601905445,1.5
1,0.76,0.045508115559175014,MERS-CoV,0.7845180037839311,0.33525692201142565,0.9253809773143129,0.25193851592907246,0.28768660629501114,0.06973275221736344,0.7480614840709275,1.5
1,0.77,0.043088730343376076,MERS-CoV,0.7845180037839311,0.3190437582486248,0.9264071329902283,0.26896326669338805,0.29187083758105803,0.07822808721996496,0.7310367333066119,1.5
1,0.78,0.040727039622892064,MERS-CoV,0.7845180037839311,0.30310510513233746,0.9274864608595955,0.2872817934684029,0.2949814042900495,0.08794979777416446,0.7127182065315971,1.5
1,0.79,0.03842095402885149,MERS-CoV,0.7845180037839311,0.2874930438550823,0.9286200069562323,0.3069903428198764,0.29692196643220053,0.09908715653064101,0.6930096571801236,1.5
1,0.8,0.03616848505149918,MERS-CoV,0.7845180037839311,0.27225733973144284,0.9298084910854878,0.3281885521163839,0.29761796472467295,0.1118571691806137,0.6718114478836161,1.5
1,0.81,0.033967738985346725,MERS-CoV,0.7845180037839311,0.257444708973681,0.9310522499908767,0.35097816556851125,0.29702194138868054,0.12650745592762228,0.6490218344314888,1.5
1,0.8200000000000001,0.031816911307279976,MERS-CoV,0.7845180037839311,0.2430981668519706,0.9323511804363461,0.3754611868308365,0.29511776258562966,0.1433188641782052,0.6245388131691635,1.5
1,0.8300000000000001,0.029714281451818023,MERS-CoV,0.7845180037839311,0.2292564859801412,0.9337046842339785,0.40173729734248964,0.29192325981698797,0.1626074784378624,0.5982627026575104,1.5
1,0.8400000000000001,0.02765820795106864,MERS-CoV,0.7845180037839311,0.21595379052112512,0.9351116175893386,0.4299003229246006,0.2874909436947479,0.18472553496003494,0.5700996770753994,1.5
1,0.8500000000000001,0.025647123909930108,MERS-CoV,0.7845180037839311,0.20321930845374553,0.9365702474059375,0.46003347230745395,0.28190664802219895,0.21006052965241154,0.539966527692546,1.5
1,0.86,0.02367953278978111,MERS-CoV,0.7845180037839311,0.19107730042877474,0.9380782173450264,0.4922029971239881,0.2752862047691086,0.23903150724785865,0.5077970028760119,1.5
1,0.87,0.021754004476320036,MERS-CoV,0.7845180037839311,0.17954718119382274,0.9396325264361407,0.5264498296028495,0.2677704905251575,0.2720811102729296,0.4735501703971505,1.5
1,0.88,0.019869171609390748,MERS-CoV,0.7845180037839311,0.16864384948127759,0.9412295228420678,0.5627786368841429,0.2595193817504569,0.30966141168183237,0.43722136311585713,1.5
1,0.89,0.018023726154588825,MERS-CoV,0.7845180037839311,0.15837824660953684,0.9428649149754853,0.6011435835279619,0.25070528045914475,0.3522108076737852,0.39885641647203807,1.5
1,0.9,0.016216416198209734,MERS-CoV,0.7845180037839311,0.14875817585774576,0.9445338015373902,0.6414299088666234,0.24150691469077865,0.40011824507815863,0.35857009113337657,1.5
1,0.91,0.01444604294869299,MERS-CoV,0.7845180037839311,0.13978943893376802,0.946230721216215,0.6834301939985233,0.232104093604161,0.45366971981911136,0.31656980600147666,1.5
1,0.9199999999999999,0.012711457929156036,MERS-CoV,0.7845180037839311,0.13147739152417334,0.9479497217930348,0.7268139027799458,0.2226740424729316,0.5129702041183262,0.27318609722005416,1.5
1,0.9299999999999999,0.011011560346915757,MERS-CoV,0.7845180037839311,0.12382910415317622,0.9496844473088135,0.7710884176540085,0.21338991729241943,0.5778318038219112,0.22891158234599152,1.5
1,0.94,0.009345294627073784,MERS-CoV,0.7845180037839311,0.1168564721738649,0.9514282408503076,0.8155493365721351,0.2044221892691304,0.6476158371270593,0.18445066342786487,1.5
1,0.95,0.007711648098312598,MERS-CoV,0.7845180037839311,0.11058092423568276,0.9531742594993466,0.8592172292906445,0.19594393944492636,0.7210124345059786,0.14078277070935552,1.5
1,0.96,0.006109648820020497,MERS-CoV,0.7845180037839311,0.10504100182529316,0.9549155971627933,0.9007573422928374,0.18814199524038086,0.795735894060572,0.09924265770716256,1.5
1,0.97,0.0045383635407449645,MERS-CoV,0.7845180037839311,0.1003054384059424,0.9566454104416338,0.9383778572287469,0.18123792450564716,0.8681070112190401,0.06162214277125311,1.5
1,0.98,0.0029968957787769542,MERS-CoV,0.7845180037839311,0.09649755901959278,0.9583570424666124,0.9697012056852194,0.17552787045835036,0.9324844556075886,0.030298794314780553,1.5
1,0.99,0.0014843840163996547,MERS-CoV,0.7845180037839311,0.09384511026110258,0.9600441397503359,0.9916015708986443,0.17146297532853286,0.9804953766649828,0.008398429101355687,1.5
2,0.5,0.13928278172985825,MERS-CoV,0.7845180037839311,0.8615390749403995,0.8170456779189237,0.032748036263844434,0.06309766184793762,0.007138419107292803,0.9672519637361555,1.5
2,0.51,0.13404778301020914,MERS-CoV,0.7845180037839311,0.8539443385525844,0.8173351651348851,0.03477353114627425,0.0668258421852255,0.007647350400974149,0.9652264688537258,1.5
2,0.52,0.1290001273836609,MERS-CoV,0.7845180037839311,0.8459453267009033,0.817643205506019,0.036938077173730086,0.07078532369121607,0.008200186845795385,0.9630619228262699,1.5
2,0.53,0.12412969754401772,MERS-CoV,0.7845180037839311,0.8375248413830707,0.817971186231609,0.03925331692308453,0.07499189554009443,0.008801778249380096,0.9607466830769155,1.5
2,0.54,0.11942710003975267,MERS-CoV,0.7845180037839311,0.8286659018286775,0.818320605397883,0.04173201733784268,0.07946227586460344,0.009457615848772447,0.9582679826621573,1.5
2,0.55,0.11488360124934043,MERS-CoV,0.7845180037839311,0.819351944007623,0.8186930802290074,0.04438818883644291,0.0842140996606508,0.010173928843938364,0.9556118111635571,1.5
2,0.56,0.11049107006308981,MERS-CoV,0.7845180037839311,0.8095670503718913,0.8190903556757781,0.047237217523630894,0.0892658832158022,0.010957796816380275,0.9527627824763691,1.5
2,0.5700000000000001,0.1062419264635095,MERS-CoV,0.7845180037839311,0.7992962111190159,0.8195143132771576,0.050296011877869105,0.09463695791981186,0.011817280792207095,0.9497039881221309,1.5
2,0.58,0.10212909530584749,MERS-CoV,0.7845180037839311,0.7885256175898143,0.8199669802045172,0.053583165393928135,0.10034736470734582,0.01276157619578271,0.9464168346060718,1.5
2,0.59,0.09814596469357509,MERS-CoV,0.7845180037839311,0.7772429875197455,0.8204505383677043,0.05711913676047884,0.10641769852283725,0.013801191509078808,0.9428808632395211,1.5
2,0.6,0.094286348422953,MERS-CoV,0.7845180037839311,0.7654379207313614,0.820967333425171,0.06092644924156133,0.11286889009150677,0.014948157114629237,0.9390735507584387,1.5
2,0.61,0.09054445203863913,MERS-CoV,0.7845180037839311,0.7531022824725454,0.8215198834966385,0.06502991099985236,0.11972190996448692,0.016216269568590173,0.9349700890001477,1.5
2,0.62,0.08691484210042424,MERS-CoV,0.7845180037839311,0.7402306099725171,0.8221108873255042,0.06945685813728214,0.12699737736032943,0.017621377436880734,0.9305431418627179,1.5
2,0.63,0.0833924183111205,MERS-CoV,0.7845180037839311,0.7268205359240862,0.8227432315789395,0.07423742221944972,0.1347150538974981,0.019181715842805057,0.9257625777805503,1.5
2,0.64,0.07997238819865067,MERS-CoV,0.7845180037839311,0.712873220549451,0.8234199969061605,0.0794048239740302,0.14289320014559992,0.020918298027690324,0.9205951760259699,1.5
2,0.65,0.07665024408253564,MERS-CoV,0.7845180037839311,0.6983937817391105,0.8241444622998398,0.0849956946829331,0.1515477713902212,0.022855373521243148,0.9150043053170669,1.5
2,0.66,0.07342174208713839,MERS-CoV,0.7845180037839311,0.6833917105733234,0.8249201072228214,0.09105042648779682,0.16069142865095773,0.025020963952340953,0.9089495735122032,1.5
2,0.67,0.07028288299192516,MERS-CoV,0.7845180037839311,0.6678812574807043,0.8257506108736932,0.09761355235189365,0.17033234256989485,0.0274474890887124,0.9023864476481064,1.5
2,0.6799999999999999,0.0672298947332687,MERS-CoV,0.7845180037839311,0.651881772529752,0.8266398478729062,0.10473415570792742,0.180472772298929,0.030172497342046724,0.8952658442920726,1.5
2,0.69,0.06425921639346396,MERS-CoV,0.7845180037839311,0.635417982083458,0.8275918795597995,0.11246630879153117,0.1911074102147041,0.033239516653021925,0.8875336912084688,1.5
2,0.7,0.06136748353109489,MERS-CoV,0.7845180037839311,0.6185201834875474,0.8286109400054795,0.12086953721220585,0.20222149765294523,0.036699043278610705,0.8791304627877942,1.5
2,0.71,0.058551514723049834,MERS-CoV,0.7845180037839311,0.6012243398207033,0.8297014157742039,0.13000930631474963,0.2137887384496905,0.04060968738535885,0.8699906936852504,1.5
2,0.72,0.055808299202654364,MERS-CoV,0.7845180037839311,0.5835720581980692,0.8308678184159726,0.13995752216448162,0.22576906732383228,0.04503949527077205,0.8600424778355183,1.5
2,0.73,0.0531349854908403,MERS-CoV,0.7845180037839311,0.5656104378253825,0.8321147486568004,0.15079303632957275,0.23810636987765507,0.05006746814234591,0.8492069636704273,1.5
2,0.74,0.0505288709282251,MERS-CoV,0.7845180037839311,0.5473917780106805,0.8334468512840465,0.16260213875225915,0.2507262998695724,0.05578529617700635,0.8373978612477408,1.5
2,0.75,0.04798739202563944,MERS-CoV,0.7845180037839311,0.528973141612112,0.8348687598173005,0.17547901653716338,0.26353439503551773,0.0622993233463599,0.8245209834628366,1.5
2,0.76,0.045508115559175014,MERS-CoV,0.7845180037839311,0.5104157757720116,0.836385030226684,0.18952614797850298,0.2764147497586083,0.06973275221736344,0.810473852021497,1.5
2,0.77,0.043088730343376076,MERS-CoV,0.7845180037839311,0.4917843989720805,0.8380000632258002,0.20485459000999462,0.2892295522303285,0.07822808721996496,0.7951454099900054,1.5
2,0.78,0.040727039622892064,MERS-CoV,0.7845180037839311,0.47314637104018653,0.8397180150396553,0.22158410274139223,0.3018198223596206,0.08794979777416446,0.7784158972586077,1.5
2,0.79,0.03842095402885149,MERS-CoV,0.7845180037839311,0.45457077025940507,0.8415426970381376,0.2398430358884564,0.3140076784186372,0.09908715653064101,0.7601569641115435,1.5
2,0.8,0.03616848505149918,MERS-CoV,0.7845180037839311,0.436127408651633,0.8434774652352885,0.25976787749407837,0.325600398559692,0.1118571691806137,0.7402321225059216,1.5
2,0.81,0.033967738985346725,MERS-CoV,0.7845180037839311,0.41788582233746174,0.845525101375691,0.28150233383505235,0.3363964151419201,0.12650745592762228,0.7184976661649476,1.5
2,0.8200000000000001,0.031816911307279976,MERS-CoV,0.7845180037839311,0.3999142782211888,0.8476876881404328,0.3051957688558987,0.3461931825368641,0.1433188641782052,0.6948042311441013,1.5
2,0.8300000000000001,0.029714281451818023,MERS-CoV,0.7845180037839311,0.38227884090849495,0.849966481869037,0.3310007793912515,0.3547966062238581,0.1626074784378624,0.6689992206087485,1.5
2,0.8400000000000001,0.02765820795106864,MERS-CoV,0.7845180037839311,0.36504254478902987,0.852361787055874,0.3590696156984856,0.3620314460200371,0.18472553496003494,0.6409303843015144,1.5
2,0.8500000000000001,0.025647123909930108,MERS-CoV,0.7845180037839311,0.3482647159975677,0.854872837668607,0.3895490714638215,0.3677518610956117,0.21006052965241154,0.6104509285361785,1.5
2,0.86,0.02367953278978111,MERS-CoV,0.7845180037839311,0.332000488313024,0.8574976909672946,0.4225733584726358,0.371851110288589,0.23903150724785865,0.5774266415273642,1.5
2,0.87,0.021754004476320036,MERS-CoV,0.7845180037839311,0.31630055730094075,0.8602331398838062,0.45825434225147416,0.3742694131131983,0.2720811102729296,0.5417456577485258,1.5
2,0.88,0.019869171609390748,MERS-CoV,0.7845180037839311,0.30121122021401114,0.8630746500623521,0.49666833826801005,0.3749991452243568,0.30966141168183237,0.50333166173199,1.5
2,0.89,0.018023726154588825,MERS-CoV,0.7845180037839311,0.2867747585109316,0.8660163272876781,0.5378384437473054,0.3740868795239765,0.3522108076737852,0.4621615562526946,1.5
2,0.9,0.016216416198209734,MERS-CoV,0.7845180037839311,0.2730302404071984,0.8690509201900236,0.5817110953070205,0.37163224372785747,0.40011824507815863,0.4182889046929795,1.5
2,0.91,0.01444604294869299,MERS-CoV,0.7845180037839311,0.26001486120738104,0.8721698618079082,0.6281251817220939,0.3677840746998055,0.45366971981911136,0.37187481827790614,1.5
2,0.9199999999999999,0.012711457929156036,MERS-CoV,0.7845180037839311,0.24776601471263088,0.8753633518536714,0.6767715845158764,0.3627348384882882,0.5129702041183262,0.3232284154841236,1.5
2,0.9299999999999999,0.011011560346915757,MERS-CoV,0.7845180037839311,0.23632442919148217,0.87862047945864,0.7271404421010642,0.35671471797625753,0.5778318038219112,0.2728595578989358,1.5
2,0.94,0.009345294627073784,MERS-CoV,0.7845180037839311,0.22573896569360857,0.8819293839208545,0.7784527050571136,0.34998718591165573,0.6476158371270593,0.22154729494288639,1.5
2,0.95,0.007711648098312598,MERS-CoV,0.7845180037839311,0.2160741919316178,0.8852774487221262,0.8295716323668497,0.3428484405478686,0.7210124345059786,0.17042836763315028,1.5
2,0.96,0.006109648820020497,MERS-CoV,0.7845180037839311,0.20742290045900275,0.8886515220242958,0.8788887230693035,0.335634166423874,0.795735894060572,0.12111127693069645,1.5
2,0.97,0.0045383635407449645,MERS-CoV,0.7845180037839311,0.19992804091859184,0.8920381551915836,0.9241771250538281,0.3287395657753282,0.8681070112190401,0.0758228749461719,1.5
2,0.98,0.0029968957787769542,MERS-CoV,0.7845180037839311,0.1938239588309101,0.8954238497786657,0.9624037382573629,0.32266464989978144,0.9324844556075886,0.03759626174263708,1.5
2,0.99,0.0014843840163996547,MERS-CoV,0.7845180037839311,0.18952091909269375,0.8987953029794461,0.989488940911939,0.31811244311892345,0.9804953766649828,0.010511059088061048,1.5
3,0.5,0.13928278172985825,MERS-CoV,0.7845180037839311,0.9356068122215644,0.6979385865435298,0.02178442174585437,0.042577480684187145,0.007138419107292803,0.9782155782541456,1.5
3,0.51,0.13404778301020914,MERS-CoV,0.7845180037839311,0.9309408942343226,0.698227545483403,0.02322114963053194,0.04531204723808586,0.007647350400974149,0.9767788503694681,1.5
3,0.52,0.1290001273836609,MERS-CoV,0.7845180037839311,0.9259424752967359,0.6985369217003734,0.02476614284400286,0.04824196009367358,0.008200186845795385,0.9752338571559971,1.5
3,0.53,0.12412969754401772,MERS-CoV,0.7845180037839311,0.9205905306056724,0.6988684142306922,0.026429414658580355,0.051383646111805355,0.008801778249380096,0.9735705853414196,1.5
3,0.54,0.11942710003975267,MERS-CoV,0.7845180037839311,0.9148633767223096,0.6992238752908161,0.02822204830831365,0.05475499403996319,0.009457615848772447,0.9717779516916863,1.5
3,0.55,0.11488360124934043,MERS-CoV,0.7845180037839311,0.9087387935261984,0.6996053237251917,0.030156322748524256,0.05837546681553312,0.010173928843938364,0.9698436772514758,1.5
3,0.56,0.11049107006308981,MERS-CoV,0.7845180037839311,0.9021941784635443,0.7000149593366294,0.03224585393088231,0.062266214390412765,0.010957796816380275,0.9677541460691177,1.5
3,0.5700000000000001,0.1062419264635095,MERS-CoV,0.7845180037839311,0.8952067366663922,0.700455178067279,0.03450575348496186,0.0664501839024642,0.011817280792207095,0.9654942465150381,1.5
3,0.58,0.10212909530584749,MERS-CoV,0.7845180037839311,0.8877537102729982,0.7009285879677554,0.036952806897626964,0.07095222282794153,0.01276157619578271,0.9630471931023731,1.5
3,0.59,0.09814596469357509,MERS-CoV,0.7845180037839311,0.8798126498198389,0.7014380258533953,0.03960567349129035,0.07579916923295828,0.013801191509078808,0.9603943265087096,1.5
3,0.6,0.094286348422953,MERS-CoV,0.7845180037839311,0.8713617298584505,0.7019865744985827,0.04248511071664858,0.0810199213338407,0.014948157114629237,0.9575148892833514,1.5
3,0.61,0.09054445203863913,MERS-CoV,0.7845180037839311,0.8623801099339775,0.702577580161077,0.04561422548819998,0.0866454762028383,0.016216269568590173,0.9543857745118001,1.5
3,0.62,0.08691484210042424,MERS-CoV,0.7845180037839311,0.8528483407114571,0.7032146701568462,0.04901875549180648,0.09270892454314712,0.017621377436880734,0.9509812445081935,1.5
3,0.63,0.0833924183111205,MERS-CoV,0.7845180037839311,0.842748813327081,0.7039017701206454,0.05272738356864955,0.09924538493901557,0.019181715842805057,0.9472726164313504,1.5
3,0.64,0.07997238819865067,MERS-CoV,0.7845180037839311,0.8320662479705219,0.7046431204873018,0.056772088409376226,0.1062918568175943,0.020918298027690324,0.9432279115906238,1.5
3,0.65,0.07665024408253564,MERS-CoV,0.7845180037839311,0.8207882152922824,0.7054432916126054,0.061188534848742523,0.11388696653697174,0.022855373521243148,0.9388114651512575,1.5
3,0.66,0.07342174208713839,MERS-CoV,0.7845180037839311,0.8089056815329405,0.7063071968207162,0.06601650699743351,0.12207057561286025,0.025020963952340953,0.9339834930025664,1.5
3,0.67,0.07028288299192516,MERS-CoV,0.7845180037839311,0.7964135653854552,0.7072401025179154,0.07130038723369951,0.1308832143098599,0.0274474890887124,0.9286996127663005,1.5
3,0.6799999999999999,0.0672298947332687,MERS-CoV,0.7845180037839311,0.7833112916700731,0.7082476343525237,0.07708968363562567,0.140365298032361,0.030172497342046724,0.9229103163643744,1.5
3,0.69,0.06425921639346396,MERS-CoV,0.7845180037839311,0.7696033241133782,0.7093357782318346,0.0834396076754997,0.15055607880160846,0.033239516653021925,0.9165603923245003,1.5
3,0.7,0.06136748353109489,MERS-CoV,0.7845180037839311,0.755299657111892,0.7105108748352069,0.0904117028020003,0.16149228061026866,0.036699043278610705,0.9095882971979997,1.5
3,0.71,0.058551514723049834,MERS-CoV,0.7845180037839311,0.7404162445925566,0.7117796060971114,0.09807452274709234,0.173206367085005,0.04060968738535885,0.9019254772529076,1.5
3,0.72,0.055808299202654364,MERS-CoV,0.7845180037839311,0.7249753432387428,0.7131489719872802,0.10650435580682079,0.18572439470525173,0.04503949527077205,0.8934956441931792,1.5
3,0.73,0.0531349854908403,MERS-CoV,0.7845180037839311,0.709005747702535,0.7146262558032518,0.1157859876894776,0.19906341747286518,0.05006746814234591,0.8842140123105224,1.5
3,0.74,0.0505288709282251,MERS-CoV,0.7845180037839311,0.6925428972015428,0.7162189761335115,0.12601349044988497,0.21322843258980234,0.05578529617700635,0.873986509550115,1.5
3,0.75,0.04798739202563944,MERS-CoV,0.7845180037839311,0.6756288362552711,0.717934823670756,0.13729101807836178,0.2282088948328625,0.0622993233463599,0.8627089819216383,1.5
3,0.76,0.045508115559175014,MERS-CoV,0.7845180037839311,0.6583120172964884,0.7197815811812682,0.14973357989552757,0.24397488305261109,0.06973275221736344,0.8502664201044724,1.5
3,0.77,0.043088730343376076,MERS-CoV,0.7845180037839311,0.6406469394068015,0.7217670251963568,0.1634677502537313,0.26047307738148495,0.07822808721996496,0.8365322497462687,1.5
3,0.78,0.040727039622892064,MERS-CoV,0.7845180037839311,0.6226936252347923,0.7238988084130289,0.17863225617434236,0.27762279931722017,0.08794979777416446,0.8213677438256577,1.5
3,0.79,0.03842095402885149,MERS-CoV,0.7845180037839311,0.6045169468813748,0.7261843223975722,0.1953783621844464,0.2953124731594246,0.09908715653064101,0.8046216378155536,1.5
3,0.8,0.03616848505149918,MERS-CoV,0.7845180037839311,0.5861858206917785,0.7286305409935034,0.2138699421202612,0.31339697398697836,0.1118571691806137,0.7861300578797388,1.5
3,0.81,0.033967738985346725,MERS-CoV,0.7845180037839311,0.5677722999322863,0.7312438458475359,0.23428308893823638,0.33169641420656654,0.12650745592762228,0.7657169110617636,1.5
3,0.8200000000000001,0.031816911307279976,MERS-CoV,0.7845180037839311,0.549350602729667,0.7340298366685157,0.25680506292914007,0.349996959926748,0.1433188641782052,0.7431949370708599,1.5
3,0.8300000000000001,0.029714281451818023,MERS-CoV,0.7845180037839311,0.5309961200066551,0.7369931301859148,0.2816323127270956,0.3680542282368939,0.1626074784378624,0.7183676872729043,1.5
3,0.8400000000000001,0.02765820795106864,MERS-CoV,0.7845180037839311,0.5127844542798587,0.7401371532102008,0.308967217755587,0.3855996684612308,0.18472553496003494,0.691032782244413,1.5
3,0.8500000000000001,0.025647123909930108,MERS-CoV,0.7845180037839311,0.49479054527016836,0.7434639366219714,0.3390130896625453,0.4023500605184855,0.21006052965241154,0.6609869103374547,1.5
3,0.86,0.02367953278978111,MERS-CoV,0.7845180037839311,0.4770879429797825,0.746973918407908,0.3719668267498015,0.4180198841290288,0.23903150724785865,0.6280331732501985,1.5
3,0.87,0.021754004476320036,MERS-CoV,0.7845180037839311,0.45974829457724287,0.7506657648769893,0.40800843035661977,0.4323358716554815,0.2720811102729296,0.5919915696433802,1.5
3,0.88,0.019869171609390748,MERS-CoV,0.7845180037839311,0.44284112047035074,0.7545362197793866,0.44728635414288903,0.44505263771528775,0.30966141168183237,0.5527136458571109,1.5
3,0.89,0.018023726154588825,MERS-CoV,0.7845180037839311,0.42643397127141536,0.7585799910713042,0.4898973517066774,0.455967984428755,0.3522108076737852,0.5101026482933226,1.5
3,0.9,0.016216416198209734,MERS-CoV,0.7845180037839311,0.41059308755624113,0.7627896844092774,0.5358590965879475,0.4649364112611612,0.40011824507815863,0.4641409034120525,1.5
3,0.91,0.01444604294869299,MERS-CoV,0.7845180037839311,0.39538473979871147,0.7671557910555502,0.5850733482484168,0.4718795762522013,0.45366971981911136,0.41492665175158316,1.5
3,0.9199999999999999,0.012711457929156036,MERS-CoV,0.7845180037839311,0.3808775273540388,0.7716667357401568,0.6372767988094656,0.47679296769332324,0.5129702041183262,0.36272320119053436,1.5
3,0.9299999999999999,0.011011560346915757,MERS-CoV,0.7845180037839311,0.36714610251134616,0.7763089872449793,0.6919759213180685,0.4797488048167448,0.5778318038219112,0.3080240786819315,1.5
3,0.94,0.009345294627073784,MERS-CoV,0.7845180037839311,0.35427713843959907,0.7810672312233572,0.748361104744726,0.48089612771418816,0.6476158371270593,0.25163889525527405,1.5
3,0.95,0.007711648098312598,MERS-CoV,0.7845180037839311,0.3423790491040998,0.7859246012910805,0.8051940455910209,0.48046015185983093,0.7210124345059786,0.19480595440897908,1.5
3,0.96,0.006109648820020497,MERS-CoV,0.7845180037839311,0.3315983829793725,0.7908629610143578,0.8606606979057467,0.4787444277758335,0.795735894060572,0.13933930209425327,1.5
3,0.97,0.0045383635407449645,MERS-CoV,0.7845180037839311,0.32214889780873857,0.7958632263856376,0.9121799712718535,0.47614177989261275,0.8681070112190401,0.08782002872814654,1.5
3,0.98,0.0029968957787769542,MERS-CoV,0.7845180037839311,0.3143665991470116,0.8009057160020016,0.9561556956252545,0.4731651156780909,0.9324844556075886,0.04384430437474551,1.5
3,0.99,0.0014843840163996547,MERS-CoV,0.7845180037839311,0.30882292891468177,0.8059705146638725,0.987655999855258,0.4705218293441057,0.9804953766649828,0.012344000144742018,1.5
4,0.5,0.13928278172985825,MERS-CoV,0.7845180037839311,0.9709794181414593,0.5677565991238734,0.015894131827964866,0.03127629649139776,0.007138419107292803,0.9841058681720352,1.5
4,0.51,0.13404778301020914,MERS-CoV,0.7845180037839311,0.968375155251706,0.5680128224608776,0.016981629942620504,0.033377937370916946,0.007647350400974149,0.9830183700573795,1.5
4,0.52,0.1290001273836609,MERS-CoV,0.7845180037839311,0.9655399116145341,0.5682883672749024,0.018155939325504498,0.035641675289926615,0.008200186845795385,0.9818440606744955,1.5
4,0.53,0.12412969754401772,MERS-CoV,0.7845180037839311,0.9624547554420683,0.5685849695453912,0.019425646867440454,0.038082654794067125,0.008801778249380096,0.9805743531325596,1.5
4,0.54,0.11942710003975267,MERS-CoV,0.7845180037839311,0.9590996350741194,0.5689045362635005,0.020800325902723262,0.040717595218265526,0.009457615848772447,0.9791996740972767,1.5
4,0.55,0.11488360124934043,MERS-CoV,0.7845180037839311,0.9554534099468194,0.5692491622784914,0.02229066138914195,0.04356495540826964,0.010173928843938364,0.9777093386108581,1.5
4,0.56,0.11049107006308981,MERS-CoV,0.7845180037839311,0.9514939065307597,0.5696211485358161,0.02390859188519236,0.04664511220636681,0.010957796816380275,0.9760914081148077,1.5
4,0.5700000000000001,0.1062419264635095,MERS-CoV,0.7845180037839311,0.9471980036712954,0.5700230217332788,0.025667470592720797,0.04998055239468593,0.011817280792207095,0.9743325294072792,1.5
4,0.58,0.10212909530584749,MERS-CoV,0.7845180037839311,0.9425417519543561,0.5704575553935436,0.02758224801649694,0.053596077138777475,0.01276157619578271,0.9724177519835031,1.5
4,0.59,0.09814596469357509,MERS-CoV,0.7845180037839311,0.9375005317666063,0.5709277923137122,0.029669679100331768,0.05751901706933855,0.013801191509078808,0.9703303208996682,1.5
4,0.6,0.094286348422953,MERS-CoV,0.7845180037839311,0.9320492545686045,0.5714370683038034,0.031948558030318853,0.06177945490648046,0.014948157114629237,0.9680514419696812,1.5
4,0.61,0.09054445203863913,MERS-CoV,0.7845180037839311,0.9261626114989135,0.5719890370635664,0.03443998424544601,0.06641045087750796,0.016216269568590173,0.965560015754554,1.5
4,0.62,0.08691484210042424,MERS-CoV,0.7845180037839311,0.9198153727191819,0.5725876959688703,0.03716766355703588,0.07144826399607876,0.017621377436880734,0.9628323364429641,1.5
4,0.63,0.0833924183111205,MERS-CoV,0.7845180037839311,0.9129827398410024,0.5732374124425889,0.04015824863987447,0.07693255942939527,0.019181715842805057,0.9598417513601255,1.5
4,0.64,0.07997238819865067,MERS-CoV,0.7845180037839311,0.9056407522996947,0.573942950468161,0.043441723502328236,0.082906588535622,0.020918298027690324,0.9565582764976718,1.5
4,0.65,0.07665024408253564,MERS-CoV,0.7845180037839311,0.8977667466285528,0.5747094966648236,0.0470518368452066,0.08941732355032955,0.022855373521243148,0.9529481631547934,1.5
4,0.66,0.07342174208713839,MERS-CoV,0.7845180037839311,0.8893398652357671,0.5755426851804769,0.05102658944390658,0.09651552318493313,0.025020963952340953,0.9489734105560934,1.5
4,0.67,0.07028288299192516,MERS-CoV,0.7845180037839311,0.8803416085253035,0.5764486204706364,0.05540878078545391,0.10425569844330208,0.0274474890887124,0.9445912192145461,1.5
4,0.6799999999999999,0.0672298947332687,MERS-CoV,0.7845180037839311,0.8707564211071398,0.5774338968208531,0.06024662009228187,0.11269593969912686,0.030172497342046724,0.9397533799077181,1.5
4,0.69,0.06425921639346396,MERS-CoV,0.7845180037839311,0.8605722995371341,0.5785056132381063,0.06559440647336848,0.12189755656131318,0.033239516653021925,0.9344055935266316,1.5
4,0.7,0.06136748353109489,MERS-CoV,0.7845180037839311,0.8497814056941634,0.5796713820894299,0.07151328213244194,0.1319244715492104,0.036699043278610705,0.9284867178675581,1.5
4,0.71,0.058551514723049834,MERS-CoV,0.7845180037839311,0.8383806667782416,0.580939329612289,0.07807206115975912,0.14284229769088228,0.04060968738535885,0.9219279388402408,1.5
4,0.72,0.055808299202654364,MERS-CoV,0.7845180037839311,0.8263723402805232,0.5823180861739455,0.08534813420757323,0.15471701991400064,0.04503949527077205,0.9146518657924267,1.5
4,0.73,0.0531349854908403,MERS-CoV,0.7845180037839311,0.813764520446748,0.5838167639341746,0.09342844599265797,0.16761319225765486,0.05006746814234591,0.906571554007342,1.5
4,0.74,0.0505288709282251,MERS-CoV,0.7845180037839311,0.8005715620461262,0.585444919390593,0.1024105376753644,0.18159156010299124,0.05578529617700635,0.8975894623246357,1.5
4,0.75,0.04798739202563944,MERS-CoV,0.7845180037839311,0.7868143979563181,0.5872124981875415,0.11240363919712408,0.19670602245246754,0.0622993233463599,0.887596360802876,1.5
4,0.76,0.045508115559175014,MERS-CoV,0.7845180037839311,0.7725207294047352,0.589129759582258,0.12352978691217023,0.21299986853609681,0.06973275221736344,0.8764702130878298,1.5
4,0.77,0.043088730343376076,MERS-CoV,0.7845180037839311,0.7577250717882492,0.5912071781244707,0.13592492840127762,0.23050126136368296,0.07822808721996496,0.8640750715987224,1.5
4,0.78,0.040727039622892064,MERS-CoV,0.7845180037839311,0.7424686448172394,0.5934553204578821,0.14973995800017376,0.249218004265604,0.08794979777416446,0.8502600419998263,1.5
4,0.79,0.03842095402885149,MERS-CoV,0.7845180037839311,0.7267991031386866,0.5958846957331558,0.16514160174358017,0.2691317200372936,0.09908715653064101,0.8348583982564198,1.5
4,0.8,0.03616848505149918,MERS-CoV,0.7845180037839311,0.7107701122874989,0.5985055789642363,0.1823130370796481,0.29019169811545714,0.1118571691806137,0.8176869629203519,1.5
4,0.81,0.033967738985346725,MERS-CoV,0.7845180037839311,0.6944407843845047,0.6013278077828228,0.20145408820889812,0.3123088195120062,0.12650745592762228,0.7985459117911019,1.5
4,0.8200000000000001,0.031816911307279976,MERS-CoV,0.7845180037839311,0.6778749979798041,0.6043605544492849,0.22278077883468766,0.33535013906563366,0.1433188641782052,0.7772192211653124,1.5
4,0.8300000000000001,0.029714281451818023,MERS-CoV,0.7845180037839311,0.6611406364018391,0.6076120766346352,0.24652394607862896,0.35913486489316593,0.1626074784378624,0.7534760539213711,1.5
4,0.8400000000000001,0.02765820795106864,MERS-CoV,0.7845180037839311,0.6443087886353411,0.6110894523356598,0.2729265166518431,0.38343258772699423,0.18472553496003494,0.7270734833481569,1.5
4,0.8500000000000001,0.025647123909930108,MERS-CoV,0.7845180037839311,0.6274529661288042,0.614798306223798,0.30223891180906653,0.40796463042094927,0.21006052965241154,0.6977610881909335,1.5
4,0.86,0.02367953278978111,MERS-CoV,0.7845180037839311,0.6106483985162325,0.6187425366187506,0.3347118718255764,0.43240926217633,0.23903150724785865,0.6652881281744236,1.5
4,0.87,0.021754004476320036,MERS-CoV,0.7845180037839311,0.5939714822536483,0.6229240539472123,0.37058576180006897,0.45641121995705175,0.2720811102729296,0.629414238199931,1.5
4,0.88,0.019869171609390748,MERS-CoV,0.7845180037839311,0.5774994709708974,0.6273425428007028,0.4100751232689607,0.47959550220797376,0.30966141168183237,0.5899248767310393,1.5
4,0.89,0.018023726154588825,MERS-CoV,0.7845180037839311,0.5613105190860141,0.6319952603463088,0.453346851002605,0.5015847985020936,0.3522108076737852,0.5466531489973949,1.5
4,0.9,0.016216416198209734,MERS-CoV,0.7845180037839311,0.5454842281701221,0.6368768836940234,0.5004898767328322,0.522019298253848,0.40011824507815863,0.4995101232671678,1.5
4,0.91,0.01444604294869299,MERS-CoV,0.7845180037839311,0.5301029115289762,0.6419794177577847,0.5514736000445718,0.5405771258654306,0.45366971981911136,0.4485263999554282,1.5
4,0.9199999999999999,0.012711457929156036,MERS-CoV,0.7845180037839311,0.5152539100706288,0.6472921731146022,0.6060914814426651,0.556993425999434,0.5129702041183262,0.3939085185573349,1.5
4,0.9299999999999999,0.011011560346915757,MERS-CoV,0.7845180037839311,0.5010335070674956,0.6528018204154372,0.6638851532742608,0.5710762784715977,0.5778318038219112,0.3361148467257392,1.5
4,0.94,0.009345294627073784,MERS-CoV,0.7845180037839311,0.4875533924210214,0.6584925241885105,0.7240430470342032,0.5827181928647862,0.6476158371270593,0.2759569529657968,1.5
4,0.95,0.007711648098312598,MERS-CoV,0.7845180037839311,0.4749514138818498,0.6643461546584312,0.7852658001986766,0.5919028845349381,0.7210124345059786,0.21473419980132336,1.5
4,0.96,0.006109648820020497,MERS-CoV,0.7845180037839311,0.4634099671444896,0.670342571821074,0.8455884908096059,0.5987083214082438,0.795735894060572,0.15441150919039415,1.5
4,0.97,0.0045383635407449645,MERS-CoV,0.7845180037839311,0.4531889017917229,0.6764599718459869,0.902146926120735,0.6033087391088164,0.8681070112190401,0.097853073879265,1.5
4,0.98,0.0029968957787769542,MERS-CoV,0.7845180037839311,0.4446881347967311,0.6826752823030706,0.9508716226387512,0.6059809707889425,0.9324844556075886,0.049128377361248754,1.5
4,0.99,0.0014843840163996547,MERS-CoV,0.7845180037839311,0.438576770553847,0.6889645900537389,0.9860885581042191,0.6071257952221091,0.9804953766649828,0.013911441895780863,1.5
5,0.5,0.13928278172985825,MERS-CoV,0.7845180037839311,0.987254087556428,0.44013314641638634,0.012519473374459316,0.024725401322836623,0.007138419107292803,0.9874805266255406,1.5
5,0.51,0.13404778301020914,MERS-CoV,0.7845180037839311,0.9858940841996958,0.44034185278277405,0.013393569281985837,0.02642810741315872,0.007647350400974149,0.9866064307180141,1.5
5,0.52,0.1290001273836609,MERS-CoV,0.7845180037839311,0.9843904422689886,0.44056700771052637,0.014339903025160054,0.028268017583613546,0.008200186845795385,0.9856600969748399,1.5
5,0.53,0.12412969754401772,MERS-CoV,0.7845180037839311,0.9827288654226775,0.440810173923462,0.015365942841496281,0.030258759888823237,0.008801778249380096,0.9846340571585037,1.5
5,0.54,0.11942710003975267,MERS-CoV,0.7845180037839311,0.9808938950234356,0.44107307875807644,0.016480059646567412,0.032415504377770854,0.009457615848772447,0.9835199403534326,1.5
5,0.55,0.11488360124934043,MERS-CoV,0.7845180037839311,0.978868878309505,0.44135763183169474,0.01769164819730565,0.03475514705974982,0.010173928843938364,0.9823083518026944,1.5
5,0.56,0.11049107006308981,MERS-CoV,0.7845180037839311,0.9766359512148788,0.4416659443992279,0.019011265561364888,0.037296514493235275,0.010957796816380275,0.9809887344386351,1.5
5,0.5700000000000001,0.1062419264635095,MERS-CoV,0.7845180037839311,0.9741760398184307,0.44200035048245434,0.020450789409693464,0.04006059047041146,0.011817280792207095,0.9795492105903065,1.5
5,0.58,0.10212909530584749,MERS-CoV,0.7845180037839311,0.9714688848482818,0.4423634298352932,0.022023598998766252,0.04307076602498195,0.01276157619578271,0.9779764010012337,1.5
5,0.59,0.09814596469357509,MERS-CoV,0.7845180037839311,0.9684930940518653,0.4427580327788976,0.023744782097462027,0.046353113570716864,0.013801191509078808,0.976255217902538,1.5
5,0.6,0.094286348422953,MERS-CoV,0.7845180037839311,0.9652262275213793,0.4431873068994452,0.025631371541962204,0.04993668531791819,0.014948157114629237,0.9743686284580378,1.5
5,0.61,0.09054445203863913,MERS-CoV,0.7845180037839311,0.9616449211877338,0.4436547255466813,0.027702615569127932,0.05385383513056664,0.016216269568590173,0.9722973844308721,1.5
5,0.62,0.08691484210042424,MERS-CoV,0.7845180037839311,0.9577250536054297,0.44416411799983346,0.02998028658072511,0.05814056157116563,0.017621377436880734,0.9700197134192748,1.5
5,0.63,0.0833924183111205,MERS-CoV,0.7845180037839311,0.9534419607830131,0.4447197010764692,0.03248903351985535,0.06283686789868838,0.019181715842805057,0.9675109664801447,1.5
5,0.64,0.07997238819865067,MERS-CoV,0.7845180037839311,0.9487707031051259,0.44532611184609494,0.03525678358366762,0.06798713207181094,0.020918298027690324,0.9647432164163324,1.5
5,0.65,0.07665024408253564,MERS-CoV,0.7845180037839311,0.9436863872834075,0.44598844097075707,0.03831519953169567,0.07364047616537456,0.022855373521243148,0.9616848004683043,1.5
5,0.66,0.07342174208713839,MERS-CoV,0.7845180037839311,0.9381645447183222,0.4467122660269307,0.04170019934494303,0.07985111980023614,0.025020963952340953,0.9582998006550569,1.5
5,0.67,0.07028288299192516,MERS-CoV,0.7845180037839311,0.9321815656271053,0.44750368396449236,0.0454525454001582,0.08667869595576126,0.0274474890887124,0.9545474545998418,1.5
5,0.6799999999999999,0.0672298947332687,MERS-CoV,0.7845180037839311,0.9257151858016744,0.44836934162877773,0.049618510579331636,0.0941884996090715,0.030172497342046724,0.9503814894206684,1.5
5,0.69,0.06425921639346396,MERS-CoV,0.7845180037839311,0.9187450199537952,0.44931646301154393,0.05425062874157523,0.1024516297735045,0.033239516653021925,0.9457493712584247,1.5
5,0.7,0.06136748353109489,MERS-CoV,0.7845180037839311,0.9112531323841387,0.45035287160955173,0.05940853661158637,0.11154497351003209,0.036699043278610705,0.9405914633884136,1.5
5,0.71,0.058551514723049834,MERS-CoV,0.7845180037839311,0.9032246323359027,0.4514870059624254,0.06515991320493303,0.1215509663357864,0.04060968738535885,0.934840086795067,1.5
5,0.72,0.055808299202654364,MERS-CoV,0.7845180037839311,0.8946482780796459,0.4527279261256656,0.07158152116887943,0.1325570474143239,0.04503949527077205,0.9284184788311206,1.5
5,0.73,0.0531349854908403,MERS-CoV,0.7845180037839311,0.8855170707940357,0.45408530852689744,0.07876035153497322,0.14465471071075575,0.05006746814234591,0.9212396484650268,1.5
5,0.74,0.0505288709282251,MERS-CoV,0.7845180037839311,0.8758288169651003,0.4555694263765344,0.08679486890800746,0.15793803636857878,0.05578529617700635,0.9132051310919925,1.5
5,0.75,0.04798739202563944,MERS-CoV,0.7845180037839311,0.8655866366471128,0.45719111258777645,0.09579634745620438,0.17250157235731348,0.0622993233463599,0.9042036525437956,1.5
5,0.76,0.045508115559175014,MERS-CoV,0.7845180037839311,0.8547993948176293,0.458961702041938,0.10589027842276547,0.1884374287225226,0.06973275221736344,0.8941097215772346,1.5
5,0.77,0.043088730343376076,MERS-CoV,0.7845180037839311,0.8434820344722416,0.46089295005646924,0.11721781619382411,0.20583145091781038,0.07822808721996496,0.8827821838061759,1.5
5,0.78,0.040727039622892064,MERS-CoV,0.7845180037839311,0.8316557932090125,0.4629969241220573,0.12993721083982432,0.22475836178789949,0.08794979777416446,0.8700627891601757,1.5
5,0.79,0.03842095402885149,MERS-CoV,0.7845180037839311,0.8193482899009805,0.46528586642058345,0.1442251486655413,0.24527581228395978,0.09908715653064101,0.8557748513344587,1.5
5,0.8,0.03616848505149918,MERS-CoV,0.7845180037839311,0.8065934745706393,0.46777202536252993,0.1602778862589782,0.2674173678358617,0.1118571691806137,0.8397221137410218,1.5
5,0.81,0.033967738985346725,MERS-CoV,0.7845180037839311,0.7934314425629528,0.4704674554258481,0.17831201468621236,0.29118458783203593,0.12650745592762228,0.8216879853137876,1.5
5,0.8200000000000001,0.031816911307279976,MERS-CoV,0.7845180037839311,0.7799081232736518,0.4733837859554215,0.19856462475326458,0.31653853242644514,0.1433188641782052,0.8014353752467354,1.5
5,0.8300000000000001,0.029714281451818023,MERS-CoV,0.7845180037839311,0.7660748637119905,0.47653196128351705,0.2212925563392488,0.3433912472608635,0.1626074784378624,0.7787074436607512,1.5
5,0.8400000000000001,0.02765820795106864,MERS-CoV,0.7845180037839311,0.7519879378192645,0.47992195651206115,0.24677029781711923,0.3715980119098628,0.18472553496003494,0.7532297021828808,1.5
5,0.8500000000000001,0.025647123909930108,MERS-CoV,0.7845180037839311,0.7377080236940383,0.48356247547004205,0.27528594662197386,0.4009513532837438,0.21006052965241154,0.7247140533780261,1.5
5,0.86,0.02367953278978111,MERS-CoV,0.7845180037839311,0.723299703059771,0.487460639591093,0.30713443762299864,0.43117796424126065,0.23903150724785865,0.6928655623770014,1.5
5,0.87,0.021754004476320036,MERS-CoV,0.7845180037839311,0.708831051489453,0.4916216785713705,0.34260697732601275,0.46193966231031697,0.2720811102729296,0.6573930226739872,1.5
5,0.88,0.019869171609390748,MERS-CoV,0.7845180037839311,0.6943734062081789,0.49604863545635935,0.3819752700955004,0.49283930983098856,0.30966141168183237,0.6180247299044996,1.5
5,0.89,0.018023726154588825,MERS-CoV,0.7845180037839311,0.6800014246745564,0.5007421000410843,0.42546866320143384,0.5234321585077738,0.3522108076737852,0.5745313367985662,1.5
5,0.9,0.016216416198209734,MERS-CoV,0.7845180037839311,0.6657935886755406,0.5056999849340219,0.4732417394306709,0.5532423942117115,0.40011824507815863,0.5267582605693291,1.5
5,0.91,0.01444604294869299,MERS-CoV,0.7845180037839311,0.6518333781381958,0.5109173581525657,0.5253291094973086,0.5817838262341734,0.45366971981911136,0.4746708905026914,1.5
5,0.9199999999999999,0.012711457929156036,MERS-CoV,0.7845180037839311,0.6382114599787175,0.5163863445798199,0.5815831508708957,0.6085828360199215,0.5129702041183262,0.41841684912910426,1.5
5,0.9299999999999999,0.011011560346915757,MERS-CoV,0.7845180037839311,0.6250294558375439,0.5220961060096687,0.6415891404596266,0.6332010480583116,0.5778318038219112,0.35841085954037344,1.5
5,0.94,0.009345294627073784,MERS-CoV,0.7845180037839311,0.6124062610922005,0.5280329059461503,0.7045505539954415,0.6552548505458365,0.6476158371270593,0.29544944600455847,1.5
5,0.95,0.007711648098312598,MERS-CoV,0.7845180037839311,0.6004886838641765,0.5341802610288653,0.7691351512391114,0.6744289093748403,0.7210124345059786,0.23086484876088864,1.5
5,0.96,0.006109648820020497,MERS-CoV,0.7845180037839311,0.589469806029121,0.5405191762552971,0.833269702018126,0.6904810428617922,0.795735894060572,0.166730297981874,1.5
5,0.97,0.0045383635407449645,MERS-CoV,0.7845180037839311,0.5796220345737487,0.5470284564593411,0.8938676678801878,0.7032358562581853,0.8681070112190401,0.10613233211981221,1.5
5,0.98,0.0029968957787769542,MERS-CoV,0.7845180037839311,0.571360224753539,0.5536850822005397,0.9464696288174641,0.7125635308480217,0.9324844556075886,0.053530371182535896,1.5
5,0.99,0.0014843840163996547,MERS-CoV,0.7845180037839311,0.565372121308604,0.560464634707042,0.9847704710732721,0.718336200771408,0.9804953766649828,0.015229528926727909,1.5
6,0.5,0.13928278172985825,MERS-CoV,0.7845180037839311,0.994523335725441,0.3256691595013892,0.010492390136583542,0.02076569862509864,0.007138419107292803,0.9895076098634165,1.5
6,0.51,0.13404778301020914,MERS-CoV,0.7845180037839311,0.993847762810012,0.32582816511101864,0.011232806160404339,0.022214536062581003,0.007647350400974149,0.9887671938395957,1.5
6,0.52,0.1290001273836609,MERS-CoV,0.7845180037839311,0.9930897090633688,0.32600008722560636,0.012035652491404732,0.023783068437529607,0.008200186845795385,0.9879643475085953,1.5
6,0.53,0.12412969754401772,MERS-CoV,0.7845180037839311,0.9922395835237036,0.3261862044500796,0.012907566800130041,0.025483629341115265,0.008801778249380096,0.98709243319987,1.5
6,0.54,0.11942710003975267,MERS-CoV,0.7845180037839311,0.9912868299404418,0.32638793718779746,0.013856017275127938,0.027330020759359416,0.009457615848772447,0.986143982724872,1.5
6,0.55,0.11488360124934043,MERS-CoV,0.7845180037839311,0.9902198679934461,0.32660686390160787,0.014889418669092281,0.02933770165026419,0.010173928843938364,0.9851105813309077,1.5
6,0.56,0.11049107006308981,MERS-CoV,0.7845180037839311,0.9890260405053855,0.32684473909858214,0.01601726570106355,0.03152400056439268,0.010957796816380275,0.9839827342989365,1.5
6,0.5700000000000001,0.1062419264635095,MERS-CoV,0.7845180037839311,0.987691569544833,0.3271035131597765,0.017250286481198796,0.033908354851669965,0.011817280792207095,0.9827497135188012,1.5
6,0.58,0.10212909530584749,MERS-CoV,0.7845180037839311,0.9862015248201684,0.32738535412510794,0.018600619022899452,0.03651257902938446,0.01276157619578271,0.9813993809771006,1.5
6,0.59,0.09814596469357509,MERS-CoV,0.7845180037839311,0.9845398082680488,0.3276926715244206,0.020082014356747932,0.03936116480681513,0.013801191509078808,0.979917985643252,1.5
6,0.6,0.094286348422953,MERS-CoV,0.7845180037839311,0.9826891592161084,0.3280281423170007,0.0217100702649059,0.042481615017101695,0.014948157114629237,0.9782899297350941,1.5
6,0.61,0.09054445203863913,MERS-CoV,0.7845180037839311,0.9806311849101439,0.328394738960621,0.023502500215144256,0.04590481322504813,0.016216269568590173,0.9764974997848558,1.5
6,0.62,0.08691484210042424,MERS-CoV,0.7845180037839311,0.9783464214945564,0.3287957595748613,0.025479442690032706,0.04966542996522211,0.017621377436880734,0.9745205573099673,1.5
6,0.63,0.0833924183111205,MERS-CoV,0.7845180037839311,0.9758144306660838,0.3292348600887587,0.027663816775072837,0.05380236529342708,0.019181715842805057,0.9723361832249272,1.5
6,0.64,0.07997238819865067,MERS-CoV,0.7845180037839311,0.9730139371232434,0.329716088166389,0.030081730580603316,0.05835922544599234,0.020918298027690324,0.9699182694193966,1.5
6,0.65,0.07665024408253564,MERS-CoV,0.7845180037839311,0.9699230115420784,0.33024391858216484,0.03276294980953206,0.06338482869238041,0.022855373521243148,0.9672370501904679,1.5
6,0.66,0.07342174208713839,MERS-CoV,0.7845180037839311,0.9665193030598843,0.33082328956706475,0.03574143451907417,0.06893373168579219,0.025020963952340953,0.9642585654809258,1.5
6,0.67,0.07028288299192516,MERS-CoV,0.7845180037839311,0.9627803240879902,0.33145963946452106,0.039055952817417985,0.07506676245996892,0.0274474890887124,0.960944047182582,1.5
6,0.6799999999999999,0.0672298947332687,MERS-CoV,0.7845180037839311,0.9586837886660735,0.3321589428181102,0.042750780822532516,0.08185153933383303,0.030172497342046724,0.9572492191774675,1.5
6,0.69,0.06425921639346396,MERS-CoV,0.7845180037839311,0.9542080035049971,0.3329277447616368,0.04687649859850421,0.08936294597508199,0.033239516653021925,0.9531235014014958,1.5
6,0.7,0.06136748353109489,MERS-CoV,0.7845180037839311,0.9493323083724643,0.33377319229692914,0.05149089184421252,0.09768352133331899,0.036699043278610705,0.9485091081557875,1.5
6,0.71,0.058551514723049834,MERS-CoV,0.7845180037839311,0.9440375596332845,0.33470306073000444,0.056659968656413234,0.10690370871749344,0.04060968738535885,0.9433400313435868,1.5
6,0.72,0.055808299202654364,MERS-CoV,0.7845180037839311,0.9383066476954997,0.3357257732004306,0.06245909946991821,0.11712189072756442,0.04503949527077205,0.9375409005300818,1.5
6,0.73,0.0531349854908403,MERS-CoV,0.7845180037839311,0.9321250360236145,0.33685041089512757,0.0689742859419269,0.12844411609847173,0.05006746814234591,0.9310257140580731,1.5
6,0.74,0.0505288709282251,MERS-CoV,0.7845180037839311,0.9254813065009396,0.3380867112060193,0.07630356061923335,0.1409834013076393,0.05578529617700635,0.9236964393807666,1.5
6,0.75,0.04798739202563944,MERS-CoV,0.7845180037839311,0.9183676935347799,0.33944505079741405,0.08455851306114918,0.1548584653546401,0.0622993233463599,0.9154414869388509,1.5
6,0.76,0.045508115559175014,MERS-CoV,0.7845180037839311,0.9107805876999151,0.3409364103278164,0.09386592882012908,0.17019173293294323,0.06973275221736344,0.9061340711798709,1.5
6,0.77,0.043088730343376076,MERS-CoV,0.7845180037839311,0.9027209891987049,0.34257231746349437,0.10436951414538716,0.1871064233823307,0.07822808721996496,0.8956304858546128,1.5
6,0.78,0.040727039622892064,MERS-CoV,0.7845180037839311,0.8941948922318741,0.34436476487508083,0.11623165992614017,0.2057225364864189,0.08794979777416446,0.8837683400738598,1.5
6,0.79,0.03842095402885149,MERS-CoV,0.7845180037839311,0.8852135837048659,0.34632610017512167,0.12963517117984155,0.22615155982989424,0.09908715653064101,0.8703648288201584,1.5
6,0.8,0.03616848505149918,MERS-CoV,0.7845180037839311,0.875793843630194,0.34846888528457565,0.14478485060754487,0.2484897666959669,0.1118571691806137,0.8552151493924551,1.5
6,0.81,0.033967738985346725,MERS-CoV,0.7845180037839311,0.8659580401142803,0.3508057235544817,0.16190877281642746,0.27281006025607246,0.12650745592762228,0.8380912271835725,1.5
6,0.8200000000000001,0.031816911307279976,MERS-CoV,0.7845180037839311,0.8557341188357984,0.35334905414597273,0.18125901506788644,0.29915246006743373,0.1433188641782052,0.8187409849321136,1.5
6,0.8300000000000001,0.029714281451818023,MERS-CoV,0.7845180037839311,0.8451554952785549,0.3561109146955864,0.20311151472524244,0.3275135269663173,0.1626074784378624,0.7968884852747575,1.5
6,0.8400000000000001,0.02765820795106864,MERS-CoV,0.7845180037839311,0.8342608675439965,0.3591026751394102,0.2277645949605782,0.357835278524314,0.18472553496003494,0.7722354050394218,1.5
6,0.8500000000000001,0.025647123909930108,MERS-CoV,0.7845180037839311,0.8230939783399774,0.36233474767490936,0.2555355283448952,0.38999443892286695,0.21006052965241154,0.7444644716551048,1.5
6,0.86,0.02367953278978111,MERS-CoV,0.7845180037839311,0.8117033670299314,0.36581628009346334,0.28675427920768165,0.42379315168018206,0.23903150724785865,0.7132457207923184,1.5
6,0.87,0.021754004476320036,MERS-CoV,0.7845180037839311,0.8001421672915888,0.3695548419635968,0.3217532626616869,0.4589524942266395,0.2720811102729296,0.6782467373383131,1.5
6,0.88,0.019869171609390748,MERS-CoV,0.7845180037839311,0.7884680247918674,0.3735561151882183,0.36085155841568783,0.4951101846068573,0.30966141168183237,0.6391484415843122,1.5
6,0.89,0.018023726154588825,MERS-CoV,0.7845180037839311,0.7767432357796414,0.3778236020762604,0.4043314919182234,0.5318236754965298,0.3522108076737852,0.5956685080817766,1.5
6,0.9,0.016216416198209734,MERS-CoV,0.7845180037839311,0.7650352479379562,0.38235836503319753,0.45240480668272304,0.5685793269824314,0.40011824507815863,0.5475951933172769,1.5
6,0.91,0.01444604294869299,MERS-CoV,0.7845180037839311,0.7534177307671103,0.3871588120837306,0.5051647519924958,0.6048075296188787,0.45366971981911136,0.4948352480075042,1.5
6,0.9199999999999999,0.012711457929156036,MERS-CoV,0.7845180037839311,0.7419725357878983,0.3922205415474096,0.5625192383360192,0.6399025796509251,0.5129702041183262,0.43748076166398076,1.5
6,0.9299999999999999,0.011011560346915757,MERS-CoV,0.7845180037839311,0.7307930688227249,0.39753625723413655,0.6240986906665815,0.6732449204243246,0.5778318038219112,0.3759013093334185,1.5
6,0.94,0.009345294627073784,MERS-CoV,0.7845180037839311,0.7199899723998198,0.4030957625595837,0.6891302572231779,0.704222201125795,0.6476158371270593,0.3108697427768221,1.5
6,0.95,0.007711648098312598,MERS-CoV,0.7845180037839311,0.709700747302062,0.4088860381660566,0.7562674823698192,0.7322445146280439,0.7210124345059786,0.24373251763018078,1.5
6,0.96,0.006109648820020497,MERS-CoV,0.7845180037839311,0.700106440452788,0.41489140324670126,0.8233612646865802,0.7567479406118348,0.795735894060572,0.17663873531341978,1.5
6,0.97,0.0045383635407449645,MERS-CoV,0.7845180037839311,0.6914617970412201,0.4210937561680893,0.8871536923228794,0.7771783445409317,0.8681070112190401,0.11284630767712056,1.5
6,0.98,0.0029968957787769542,MERS-CoV,0.7845180037839311,0.6841529905166893,0.42747288556802887,0.9428709182943875,0.7929421994710525,0.9324844556075886,0.05712908170561248,1.5
6,0.99,0.0014843840163996547,MERS-CoV,0.7845180037839311,0.6788170971066425,0.43400683926447303,0.9836842830939019,0.8032976302716607,0.9804953766649828,0.01631571690609812,1.5
7,0.5,0.13928278172985825,MERS-CoV,0.7845180037839311,0.9976913741226121,0.23047745454676372,0.009235462709076275,0.018301511378659645,0.007138419107292803,0.9907645372909237,1.5
7,0.51,0.13404778301020914,MERS-CoV,0.7845180037839311,0.9973688504129898,0.2305919862159017,0.009890703649779882,0.0195871653719589,0.007647350400974149,0.9901092963502202,1.5
7,0.52,0.1290001273836609,MERS-CoV,0.7845180037839311,0.9970017679013823,0.23071601821476462,0.01060181144019149,0.020980522430726338,0.008200186845795385,0.9893981885598085,1.5
7,0.53,0.12412969754401772,MERS-CoV,0.7845180037839311,0.9965842271435305,0.23085052003133866,0.011374827817001876,0.022492925547142224,0.008801778249380096,0.9886251721829982,1.5
7,0.54,0.11942710003975267,MERS-CoV,0.7845180037839311,0.9961096307268265,0.2309965730527218,0.012216567755664001,0.02413711121293461,0.009457615848772447,0.987783432244336,1.5
7,0.55,0.11488360124934043,MERS-CoV,0.7845180037839311,0.9955706231765855,0.23115538408545566,0.013134730558852703,0.025927396616481576,0.010173928843938364,0.9868652694411473,1.5
7,0.56,0.11049107006308981,MERS-CoV,0.7845180037839311,0.994959031483851,0.2313283004256872,0.014138028119390468,0.027879892485844687,0.010957796816380275,0.9858619718806095,1.5
7,0.5700000000000001,0.1062419264635095,MERS-CoV,0.7845180037839311,0.9942658080354507,0.23151682661213635,0.015236333104213634,0.030012744754074575,0.011817280792207095,0.9847636668957863,1.5
7,0.58,0.10212909530584749,MERS-CoV,0.7845180037839311,0.993480978158325,0.23172264299136947,0.016440850238427403,0.03234640843946713,0.01276157619578271,0.9835591497615725,1.5
7,0.59,0.09814596469357509,MERS-CoV,0.7845180037839311,0.9925935949558935,0.2319476262155713,0.01776431436196695,0.03490395728455487,0.013801191509078808,0.9822356856380331,1.5
7,0.6,0.094286348422953,MERS-CoV,0.7845180037839311,0.9915917045987839,0.2321938717761418,0.019221219491224698,0.037711432739998656,0.014948157114629237,0.9807787805087753,1.5
7,0.61,0.09054445203863913,MERS-CoV,0.7845180037839311,0.9904623257128713,0.23246371864974513,0.020828083748640803,0.04079823575268732,0.016216269568590173,0.9791719162513592,1.5
7,0.62,0.08691484210042424,MERS-CoV,0.7845180037839311,0.9891914469531146,0.23275977609439924,0.022603755727313327,0.04419756443841921,0.017621377436880734,0.9773962442726867,1.5
7,0.63,0.0833924183111205,MERS-CoV,0.7845180037839311,0.9877640472222056,0.2330849525788531,0.024569768634828865,0.04794689997687311,0.019181715842805057,0.9754302313651712,1.5
7,0.64,0.07997238819865067,MERS-CoV,0.7845180037839311,0.9861641432404,0.23344248675561496,0.02675074940574614,0.05208854181191737,0.020918298027690324,0.9732492505942538,1.5
7,0.65,0.07665024408253564,MERS-CoV,0.7845180037839311,0.9843748692412986,0.2338359802929959,0.02917489087348878,0.056670191279937096,0.022855373521243148,0.9708251091265112,1.5
7,0.66,0.07342174208713839,MERS-CoV,0.7845180037839311,0.9823785933983153,0.23426943226086583,0.031874496027568484,0.06174557987408742,0.025020963952340953,0.9681255039724315,1.5
7,0.67,0.07028288299192516,MERS-CoV,0.7845180037839311,0.9801570751180763,0.23474727461491496,0.03488660431409442,0.06737513417044914,0.0274474890887124,0.9651133956859056,1.5
7,0.6799999999999999,0.0672298947332687,MERS-CoV,0.7845180037839311,0.9776916665169229,0.23527440814209688,0.03825371080865649,0.07362666360946712,0.030172497342046724,0.9617462891913435,1.5
7,0.69,0.06425921639346396,MERS-CoV,0.7845180037839311,0.974963560185825,0.23585623801353583,0.04202458981408322,0.08057604938757888,0.033239516653021925,0.9579754101859168,1.5
7,0.7,0.06136748353109489,MERS-CoV,0.7845180037839311,0.9719540837318114,0.23649870783994076,0.04625523488431007,0.08830790215293455,0.036699043278610705,0.95374476511569,1.5
7,0.71,0.058551514723049834,MERS-CoV,0.7845180037839311,0.9686450395779908,0.2372083308404156,0.051009927267690894,0.09691614246716229,0.04060968738535885,0.9489900727323091,1.5
7,0.72,0.055808299202654364,MERS-CoV,0.7845180037839311,0.965019086168408,0.2379922164235032,0.05636244404171447,0.10650444057308114,0.04503949527077205,0.9436375559582856,1.5
7,0.73,0.0531349854908403,MERS-CoV,0.7845180037839311,0.9610601541657354,0.238858090148793,0.06239741541821509,0.1171864305146542,0.05006746814234591,0.9376025845817849,1.5
7,0.74,0.0505288709282251,MERS-CoV,0.7845180037839311,0.9567538886062601,0.2398143047032517,0.06921183733965172,0.12908558802243406,0.05578529617700635,0.9307881626603483,1.5
7,0.75,0.04798739202563944,MERS-CoV,0.7845180037839311,0.952088105491618,0.24086983920969807,0.07691673988654583,0.14233463231606083,0.0622993233463599,0.9230832601134542,1.5
7,0.76,0.045508115559175014,MERS-CoV,0.7845180037839311,0.9470532491897063,0.24203428391380077,0.08563900325478623,0.15707428054743258,0.06973275221736344,0.9143609967452138,1.5
7,0.77,0.043088730343376076,MERS-CoV,0.7845180037839311,0.9416428355465634,0.243317807106203,0.0955232998982332,0.17345115291170168,0.07822808721996496,0.9044767001017668,1.5
7,0.78,0.040727039622892064,MERS-CoV,0.7845180037839311,0.9358538650308653,0.24473110107013918,0.10673412220031914,0.19161460138653252,0.08794979777416446,0.8932658777996809,1.5
7,0.79,0.03842095402885149,MERS-CoV,0.7845180037839311,0.9296871907680831,0.24628530394968884,0.11945782751082464,0.2117122230747184,0.09908715653064101,0.8805421724891753,1.5
7,0.8,0.03616848505149918,MERS-CoV,0.7845180037839311,0.923147828144831,0.24799189475886352,0.13390459359717197,0.23388383057508608,0.1118571691806137,0.866095406402828,1.5
7,0.81,0.033967738985346725,MERS-CoV,0.7845180037839311,0.9162451958801258,0.24986255934371837,0.15031012358614831,0.2582536997647243,0.12650745592762228,0.8496898764138516,1.5
7,0.8200000000000001,0.031816911307279976,MERS-CoV,0.7845180037839311,0.9089932831045415,0.25190902600585385,0.16893686512681497,0.28492101444787404,0.1433188641782052,0.8310631348731851,1.5
7,0.8300000000000001,0.029714281451818023,MERS-CoV,0.7845180037839311,0.9014107430459682,0.2541428707162776,0.19007440696610728,0.31394859090010524,0.1626074784378624,0.8099255930338927,1.5
7,0.8400000000000001,0.02765820795106864,MERS-CoV,0.7845180037839311,0.893520921374628,0.25657529338800555,0.21403857844771326,0.3453502007882982,0.18472553496003494,0.7859614215522868,1.5
7,0.8500000000000001,0.025647123909930108,MERS-CoV,0.7845180037839311,0.8853518361740581,0.25921686849430015,0.24116859192285925,0.37907711278191925,0.21006052965241154,0.7588314080771408,1.5
7,0.86,0.02367953278978111,MERS-CoV,0.7845180037839311,0.8769361371577264,0.26207727533671676,0.2718213194452523,0.41500481498736214,0.23903150724785865,0.7281786805547477,1.5
7,0.87,0.021754004476320036,MERS-CoV,0.7845180037839311,0.8683110848467138,0.26516501535951253,0.306361463578911,0.45292120796040586,0.2720811102729296,0.6936385364210891,1.5
7,0.88,0.019869171609390748,MERS-CoV,0.7845180037839311,0.8595186074307455,0.26848712591023904,0.34514594195768683,0.492517787698572,0.30966141168183237,0.6548540580423132,1.5
7,0.89,0.018023726154588825,MERS-CoV,0.7845180037839311,0.8506055167653397,0.27204890156560024,0.388500223129962,0.5333853640074872,0.3522108076737852,0.611499776870038,1.5
7,0.9,0.016216416198209734,MERS-CoV,0.7845180037839311,0.8416240006211838,0.27585363536870766,0.4366835842706706,0.5750155745662299,0.40011824507815863,0.5633164157293293,1.5
7,0.91,0.01444604294869299,MERS-CoV,0.7845180037839311,0.8326325655245411,0.27990239286122975,0.4898392542779459,0.6168087801598495,0.45366971981911136,0.510160745722054,1.5
7,0.9199999999999999,0.012711457929156036,MERS-CoV,0.7845180037839311,0.8236977014329975,0.2841938314831234,0.5479240876054912,0.6580878418923264,0.5129702041183262,0.45207591239450884,1.5
7,0.9299999999999999,0.011011560346915757,MERS-CoV,0.7845180037839311,0.8148967113348106,0.2887240766623468,0.6106106939370085,0.6981158351825667,0.5778318038219112,0.3893893060629915,1.5
7,0.94,0.009345294627073784,MERS-CoV,0.7845180037839311,0.8063224672433001,0.29348666372631005,0.6771527101426797,0.7361140277450967,0.6476158371270593,0.32284728985732025,1.5
7,0.95,0.007711648098312598,MERS-CoV,0.7845180037839311,0.7980914721061958,0.2984725517383532,0.7462009954023247,0.7712744359474306,0.7210124345059786,0.25379900459767535,1.5
7,0.96,0.006109648820020497,MERS-CoV,0.7845180037839311,0.7903578727914782,0.30367021170064157,0.8155547688652022,0.8027586501844703,0.795735894060572,0.18444523113479783,1.5
7,0.97,0.0045383635407449645,MERS-CoV,0.7845180037839311,0.7833388315741012,0.3090657875587852,0.8818268514532142,0.829670251445721,0.8681070112190401,0.11817314854678584,1.5
7,0.98,0.0029968957787769542,MERS-CoV,0.7845180037839311,0.7773631793716431,0.31464332443495413,0.9399959146241003,0.850978942427701,0.9324844556075886,0.06000408537589974,1.5
7,0.99,0.0014843840163996547,MERS-CoV,0.7845180037839311,0.7729722084356324,0.32038505485818103,0.9828105932741604,0.8653522224016267,0.9804953766649828,0.017189406725839573,1.5
8,0.5,0.13928278172985825,MERS-CoV,0.7845180037839311,0.9990432684037429,0.15635239995773953,0.008442179909590852,0.016742878070248816,0.007138419107292803,0.9915578200904092,1.5
8,0.51,0.13404778301020914,MERS-CoV,0.7845180037839311,0.9988942557913619,0.15643094679983416,0.009042713440257475,0.017923173349076463,0.007647350400974149,0.9909572865597426,1.5
8,0.52,0.1290001273836609,MERS-CoV,0.7845180037839311,0.9987223180968005,0.15651610462145327,0.009694753383703823,0.019203099286160128,0.008200186845795385,0.9903052466162962,1.5
8,0.53,0.12412969754401772,MERS-CoV,0.7845180037839311,0.9985240627917725,0.15660856352560693,0.010403925189789996,0.020593282718371,0.008801778249380096,0.9895960748102101,1.5
8,0.54,0.11942710003975267,MERS-CoV,0.7845180037839311,0.9982956399405843,0.1567090957948437,0.011176584524773834,0.02210568122648136,0.009457615848772447,0.9888234154752261,1.5
8,0.55,0.11488360124934043,MERS-CoV,0.7845180037839311,0.9980326932164153,0.1568185662446684,0.01201992413641322,0.023753766986044016,0.010173928843938364,0.9879800758635868,1.5
8,0.56,0.11049107006308981,MERS-CoV,0.7845180037839311,0.9977303090784514,0.15693794383893056,0.012942097626405677,0.025552736928906934,0.010957796816380275,0.9870579023735944,1.5
8,0.5700000000000001,0.1062419264635095,MERS-CoV,0.7845180037839311,0.9973829650375523,0.15706831469078264,0.013952362912841729,0.027519752759932542,0.011817280792207095,0.9860476370871583,1.5
8,0.58,0.10212909530584749,MERS-CoV,0.7845180037839311,0.9969844782514509,0.15721089657439447,0.015061248620425535,0.029674214709769376,0.01276157619578271,0.9849387513795744,1.5
8,0.59,0.09814596469357509,MERS-CoV,0.7845180037839311,0.9965279560472511,0.1573670550702415,0.0162807471594733,0.03203807320846155,0.013801191509078808,0.9837192528405267,1.5
8,0.6,0.094286348422953,MERS-CoV,0.7845180037839311,0.996005750363077,0.1575383214591356,0.01762453885334019,0.03463618290056122,0.014948157114629237,0.9823754611466599,1.5
8,0.61,0.09054445203863913,MERS-CoV,0.7845180037839311,0.9954094185210534,0.15772641246540364,0.01910825215457412,0.03749670353887752,0.016216269568590173,0.9808917478454259,1.5
8,0.62,0.08691484210042424,MERS-CoV,0.7845180037839311,0.9947296931728753,0.15793325192572572,0.020749765758018044,0.04065155221871793,0.017621377436880734,0.979250234241982,1.5
8,0.63,0.0833924183111205,MERS-CoV,0.7845180037839311,0.9939564646723721,0.1581609944246457,0.02256955927706314,0.04413691104746199,0.019181715842805057,0.9774304407229368,1.5
8,0.64,0.07997238819865067,MERS-CoV,0.7845180037839311,0.993078779494454,0.1584120508879181,0.024591120095941922,0.04799379354957588,0.020918298027690324,0.9754088799040581,1.5
8,0.65,0.07665024408253564,MERS-CoV,0.7845180037839311,0.9920848585963375,0.1586891160575138,0.02684141503853607,0.05226867170288319,0.022855373521243148,0.9731585849614639,1.5
8,0.66,0.07342174208713839,MERS-CoV,0.7845180037839311,0.9909621397586615,0.15899519768406067,0.029351436585121696,0.05701416324893161,0.025020963952340953,0.9706485634148783,1.5
8,0.67,0.07028288299192516,MERS-CoV,0.7845180037839311,0.9896973478998256,0.15933364716031062,0.032156834490982535,0.06228977551007837,0.0274474890887124,0.9678431655090175,1.5
8,0.6799999999999999,0.0672298947332687,MERS-CoV,0.7845180037839311,0.9882765970754056,0.15970819117981105,0.035298644762575805,0.06816269698882346,0.030172497342046724,0.9647013552374242,1.5
8,0.69,0.06425921639346396,MERS-CoV,0.7845180037839311,0.9866855273090617,0.16012296383572944,0.03882412894656723,0.07470862104180877,0.033239516653021925,0.9611758710534328,1.5
8,0.7,0.06136748353109489,MERS-CoV,0.7845180037839311,0.9849094785170294,0.1605825383740973,0.04278773746255013,0.08201257634233229,0.036699043278610705,0.9572122625374498,1.5
8,0.71,0.058551514723049834,MERS-CoV,0.7845180037839311,0.9829337025695725,0.16109195758381645,0.047252211083323205,0.09016972602554729,0.04060968738535885,0.9527477889166768,1.5
8,0.72,0.055808299202654364,MERS-CoV,0.7845180037839311,0.9807436129914969,0.16165676154501052,0.05228983438158513,0.0992860806676318,0.04503949527077205,0.9477101656184148,1.5
8,0.73,0.0531349854908403,MERS-CoV,0.7845180037839311,0.9783250699869376,0.1622830111735778,0.05798385365774406,0.1094790489467497,0.05006746814234591,0.94201614634225594,1.5
8,0.74,0.0505288709282251,MERS-CoV,0.7845180037839311,0.9756646964676232,0.16297730570318925,0.06443006903631351,0.12087772352021299,0.05578529617700635,0.9355699309636865,1.5
8,0.75,0.04798739202563944,MERS-CoV,0.7845180037839311,0.9727502186968154,0.16374679195172226,0.07173860537159142,0.13362276829809283,0.0622993233463599,0.9282613946284086,1.5
8,0.76,0.045508115559175014,MERS-CoV,0.7845180037839311,0.9695708231989444,0.16459916294854726,0.08003585838247114,0.14786573763118216,0.06973275221736344,0.9199641416175288,1.5
8,0.77,0.043088730343376076,MERS-CoV,0.7845180037839311,0.9661175199228528,0.16554264327994028,0.08946659974219404,0.16376761993404423,0.07822808721996496,0.9105334002578059,1.5
8,0.78,0.040727039622892064,MERS-CoV,0.7845180037839311,0.9623835004946646,0.16658595837625834,0.10019620592466533,0.1814963617534217,0.08794979777416446,0.8998037940753347,1.5
8,0.79,0.03842095402885149,MERS-CoV,0.7845180037839311,0.9583644799623203,0.16773828495591725,0.1124129480912966,0.20122309962094626,0.09908715653064101,0.8875870519087035,1.5
8,0.8,0.03616848505149918,MERS-CoV,0.7845180037839311,0.954059010904232,0.16900918000027476,0.1263302410279562,0.22311681569744105,0.1118571691806137,0.8736697589720438,1.5
8,0.81,0.033967738985346725,MERS-CoV,0.7845180037839311,0.9494687602992112,0.1704084860027928,0.14218869389538652,0.24733715214910448,0.12650745592762228,0.8578113061046135,1.5
8,0.8200000000000001,0.031816911307279976,MERS-CoV,0.7845180037839311,0.9445987422401672,0.17194621085245387,0.16025772874449554,0.2740251842330347,0.1433188641782052,0.8397422712555045,1.5
8,0.8300000000000001,0.029714281451818023,MERS-CoV,0.7845180037839311,0.9394575034898183,0.17363238160095573,0.18083642697456506,0.3032920800617421,0.1626074784378624,0.819163573025435,1.5
8,0.8400000000000001,0.02765820795106864,MERS-CoV,0.7845180037839311,0.9340572640839421,0.175476872532347,0.20425311943414234,0.3352057798675692,0.18472553496003494,0.7957468805658576,1.5
8,0.8500000000000001,0.025647123909930108,MERS-CoV,0.7845180037839311,0.9284140217958042,0.177489209382796,0.23086303988671322,0.36977611380346165,0.21006052965241154,0.7691369601132868,1.5
8,0.86,0.02367953278978111,MERS-CoV,0.7845180037839311,0.9225476375396807,0.1796783531946502,0.2610430973376728,0.40693913132036436,0.23903150724785865,0.7389569026623273,1.5
8,0.87,0.021754004476320036,MERS-CoV,0.7845180037839311,0.9164819292740081,0.1820524690439398,0.2951824683856455,0.4465417959568203,0.2720811102729296,0.7048175316143546,1.5
8,0.88,0.019869171609390748,MERS-CoV,0.7845180037839311,0.910244815800785,0.1846186866290107,0.3336672378688369,0.4883285318711811,0.30966141168183237,0.6663327621311631,1.5
8,0.89,0.018023726154588825,MERS-CoV,0.7845180037839311,0.9038685712143986,0.18738286129506554,0.3768566876963025,0.5319312842324416,0.3522108076737852,0.6231433123036976,1.5
8,0.9,0.016216416198209734,MERS-CoV,0.7845180037839311,0.8973902796628648,0.19034934532246195,0.42504800207424726,0.5768646457368299,0.40011824507815863,0.5749519979257527,1.5
8,0.91,0.01444604294869299,MERS-CoV,0.7845180037839311,0.8908526260434456,0.1935207800538713,0.4784250606164373,0.62252708236969,0.45366971981911136,0.5215749393835627,1.5
8,0.9199999999999999,0.012711457929156036,MERS-CoV,0.7845180037839311,0.8843052354395629,0.1968979195285755,0.536985549524521,0.6682082763407551,0.5129702041183262,0.46301445047547896,1.5
8,0.9299999999999999,0.011011560346915757,MERS-CoV,0.7845180037839311,0.8778069101744694,0.2004794956305872,0.6004387329090513,0.7131010618567248,0.5778318038219112,0.39956126709094875,1.5
8,0.94,0.009345294627073784,MERS-CoV,0.7845180037839311,0.8714293645655922,0.20426213330892173,0.6680637603062314,0.7563143592231764,0.6476158371270593,0.3319362396937686,1.5
8,0.95,0.007711648098312598,MERS-CoV,0.7845180037839311,0.865263544205709,0.20824032224408706,0.7385151748072848,0.796880829041943,0.7210124345059786,0.2614848251927152,1.5
8,0.96,0.006109648820020497,MERS-CoV,0.7845180037839311,0.8594306124992646,0.21240644855116408,0.8095581148329842,0.8337492220175499,0.795735894060572,0.19044188516701577,1.5
8,0.97,0.0045383635407449645,MERS-CoV,0.7845180037839311,0.8541018600088105,0.21675088693930278,0.877710298673375,0.865745161664951,0.8681070112190401,0.12228970132662498,1.5
8,0.98,0.0029968957787769542,MERS-CoV,0.7845180037839311,0.8495369170345658,0.22126215045574293,0.9377608976855472,0.8914714664495937,0.9324844556075886,0.06223910231445284,1.5
8,0.99,0.0014843840163996547,MERS-CoV,0.7845180037839311,0.8461629689315825,0.225927091816999,0.9821274015338332,0.9090895531428922,0.9804953766649828,0.017872598466166845,1.5
9,0.5,0.13928278172985825,MERS-CoV,0.7845180037839311,0.9996095849027261,0.1019010930325962,0.00793885774110366,0.015752608917468654,0.007138419107292803,0.9920611422588963,1.5
9,0.51,0.13404778301020914,MERS-CoV,0.7845180037839311,0.9995426275200319,0.10195263712238822,0.008504286364350305,0.016865081616192386,0.007647350400974149,0.9914957136356497,1.5
9,0.52,0.1290001273836609,MERS-CoV,0.7845180037839311,0.9994643420478587,0.10200856405949421,0.00911835755524322,0.018071841284001043,0.008200186845795385,0.9908816424447567,1.5
9,0.53,0.12412969754401772,MERS-CoV,0.7845180037839311,0.9993728807863447,0.10206933919502936,0.00978641319993596,0.019383017151935328,0.008801778249380096,0.990213586800064,1.5
9,0.54,0.11942710003975267,MERS-CoV,0.7845180037839311,0.9992661179870725,0.10213548467404732,0.010514494481366527,0.020810021411101363,0.009457615848772447,0.9894855055186335,1.5
9,0.55,0.11488360124934043,MERS-CoV,0.7845180037839311,0.9991416149406285,0.10220758683690268,0.011309445430900797,0.022365729554004076,0.010173928843938364,0.9886905545690992,1.5
9,0.56,0.11049107006308981,MERS-CoV,0.7845180037839311,0.9989965826209806,0.10228630456842636,0.012179033118287053,0.024064687232200288,0.010957796816380275,0.987820966881713,1.5
9,0.5700000000000001,0.1062419264635095,MERS-CoV,0.7845180037839311,0.9988278422797543,0.10237237869714566,0.013132087273503755,0.025923347383554403,0.011817280792207095,0.9868679127264962,1.5
9,0.58,0.10212909530584749,MERS-CoV,0.7845180037839311,0.998631784584632,0.10246664255079074,0.014178662603319061,0.027960341795226974,0.01276157619578271,0.985821337396681,1.5
9,0.59,0.09814596469357509,MERS-CoV,0.7845180037839311,0.9984043281359445,0.10257003377588036,0.015330227607904421,0.03019679167158309,0.013801191509078808,0.9846697723920956,1.5
9,0.6,0.094286348422953,MERS-CoV,0.7845180037839311,0.9981408784732965,0.10268360752736794,0.016599884327270584,0.03265666213949735,0.014948157114629237,0.9834001156727294,1.5
9,0.61,0.09054445203863913,MERS-CoV,0.7845180037839311,0.9978362889960235,0.10280855112776321,0.018002624161972392,0.03536716590257012,0.016216269568590173,0.9819973758380276,1.5
9,0.62,0.08691484210042424,MERS-CoV,0.7845180037839311,0.9974848255593977,0.10294620028235923,0.01955562572482851,0.03835922138633616,0.017621377436880734,0.9804443742751715,1.5
9,0.63,0.0833924183111205,MERS-CoV,0.7845180037839311,0.9970801368596609,0.10309805691628393,0.02127860159563102,0.04166797060795375,0.019181715842805057,0.978721398404369,1.5
9,0.64,0.07997238819865067,MERS-CoV,0.7845180037839311,0.9966152330663433,0.10326580866794233,0.023194201870626416,0.045333361530452684,0.020918298027690324,0.9768057981293736,1.5
9,0.65,0.07665024408253564,MERS-CoV,0.7845180037839311,0.9960824754742571,0.10345135002951555,0.025328483518641864,0.04940079865235342,0.022855373521243148,0.9746715164813582,1.5
9,0.66,0.07342174208713839,MERS-CoV,0.7845180037839311,0.9954735801986575,0.1036568050659149,0.027711455762618766,0.053921863809538444,0.025020963952340953,0.9722885442373812,1.5
9,0.67,0.07028288299192516,MERS-CoV,0.7845180037839311,0.9947796390878751,0.10388455156604892,0.030377712971750157,0.05895510632712132,0.0274474890887124,0.9696222870282498,1.5
9,0.6799999999999999,0.0672298947332687,MERS-CoV,0.7845180037839311,0.9939911610378431,0.10413724638167288,0.0333671678280691,0.06456689736789156,0.030172497342046724,0.9666328321719309,1.5
9,0.69,0.06425921639346396,MERS-CoV,0.7845180037839311,0.9930981367211332,0.10441785158692996,0.03672589874605509,0.07083233709450237,0.033239516653021925,0.9632741012539449,1.5
9,0.7,0.06136748353109489,MERS-CoV,0.7845180037839311,0.9920901293524743,0.10472966094394276,0.04050712655774537,0.07783619450149833,0.036699043278610705,0.9594928734422546,1.5
9,0.71,0.058551514723049834,MERS-CoV,0.7845180037839311,0.9909563934758682,0.1050763259857298,0.04477233615516557,0.08567384778370965,0.04060968738535885,0.9552276638448345,1.5
9,0.72,0.055808299202654364,MERS-CoV,0.7845180037839311,0.9896860228636658,0.10546188082797181,0.04959255885402906,0.09445217711454476,0.04503949527077205,0.950407441145971,1.5
9,0.73,0.0531349854908403,MERS-CoV,0.7845180037839311,0.9882681274762202,0.105890764598919,0.055049830346792346,0.10429034092009203,0.05006746814234591,0.9449501696532077,1.5
9,0.74,0.0505288709282251,MERS-CoV,0.7845180037839311,0.9866920380803248,0.10636784013824752,0.061238836740956454,0.1153203404640741,0.05578529617700635,0.9387611632590436,1.5
9,0.75,0.04798739202563944,MERS-CoV,0.7845180037839311,0.9849475356355929,0.10689840737105083,0.06826875662162857,0.12768724542091903,0.0622993233463599,0.9317312433783714,1.5
9,0.76,0.045508115559175014,MERS-CoV,0.7845180037839311,0.9830251010319356,0.10748820952722327,0.07626529935801307,0.14154891534756323,0.06973275221736344,0.9237347006419869,1.5
9,0.77,0.043088730343376076,MERS-CoV,0.7845180037839311,0.980916179329058,0.10814343016923711,0.08537292765235968,0.15707500988725412,0.07822808721996496,0.9146270723476403,1.5
9,0.78,0.040727039622892064,MERS-CoV,0.7845180037839311,0.978613451462356,0.10887067883799262,0.09575723378507739,0.174445037162049,0.08794979777416446,0.9042427662149226,1.5
9,0.79,0.03842095402885149,MERS-CoV,0.7845180037839311,0.9761111056014714,0.10967696305727925,0.10760741167759799,0.19384515057886523,0.09908715653064101,0.892392588322402,1.5
9,0.8,0.03616848505149918,MERS-CoV,0.7845180037839311,0.9734051001385071,0.1105696444859895,0.12113872746156464,0.21546337782366184,0.1118571691806137,0.8788612725384354,1.5
9,0.81,0.033967738985346725,MERS-CoV,0.7845180037839311,0.9704934107886833,0.11155637720856038,0.13659483527366323,0.2394829645285391,0.12650745592762228,0.8634051647263368,1.5
9,0.8200000000000001,0.031816911307279976,MERS-CoV,0.7845180037839311,0.9673762556310234,0.11264502654054054,0.15424970657904818,0.2660735550175798,0.1433188641782052,0.8457502934209518,1.5
9,0.8300000000000001,0.029714281451818023,MERS-CoV,0.7845180037839311,0.9640562942031307,0.11384356732306111,0.17440883261736614,0.29538003209456754,0.1626074784378624,0.8255911673826338,1.5
9,0.8400000000000001,0.02765820795106864,MERS-CoV,0.7845180037839311,0.9605388000885964,0.11515996149987018,0.1974092101897193,0.3275090145653345,0.18472553496003494,0.8025907898102806,1.5
9,0.8500000000000001,0.025647123909930108,MERS-CoV,0.7845180037839311,0.956831810924129,0.11660201580721885,0.2236174172926247,0.3625132758407644,0.21006052965241154,0.7763825827073754,1.5
9,0.86,0.02367953278978111,MERS-CoV,0.7845180037839311,0.9529462656287055,0.1181772216297382,0.2534248091029658,0.40037469483600613,0.23903150724785865,0.7465751908970342,1.5
9,0.87,0.021754004476320036,MERS-CoV,0.7845180037839311,0.9488961463528214,0.1198925804258234,0.2872384930211074,0.4409867508444956,0.2720811102729296,0.7127615069788926,1.5
9,0.88,0.019869171609390748,MERS-CoV,0.7845180037839311,0.9446986530019583,0.12175441951619481,0.3254662432055691,0.4841379610977266,0.30966141168183237,0.674533756794431,1.5
9,0.89,0.018023726154588825,MERS-CoV,0.7845180037839311,0.9403744527896898,0.12376820434558677,0.3684928503448591,0.5294979279719058,0.3522108076737852,0.6315071496551409,1.5
9,0.9,0.016216416198209734,MERS-CoV,0.7845180037839311,0.9359480690712717,0.12593835443853652,0.4166445194681252,0.5766076744608177,0.40011824507815863,0.5833554805318748,1.5
9,0.91,0.01444604294869299,MERS-CoV,0.7845180037839311,0.9314485081953459,0.128268071039787,0.4701367602773637,0.624875551789049,0.45366971981911136,0.5298632397226364,1.5
9,0.9199999999999999,0.012711457929156036,MERS-CoV,0.7845180037839311,0.9269102807179295,0.13075918473379378,0.5289996741127656,0.6735790696459341,0.5129702041183262,0.4710003258872344,1.5
9,0.9299999999999999,0.011011560346915757,MERS-CoV,0.7845180037839311,0.9223750744382174,0.13341203108289723,0.592972517579696,0.7218714345453273,0.5778318038219112,0.40702748242030395,1.5
9,0.94,0.009345294627073784,MERS-CoV,0.7845180037839311,0.9178945228645224,0.1362253614647495,0.661356771571724,0.768789312281998,0.6476158371270593,0.338643228428276,1.5
9,0.95,0.007711648098312598,MERS-CoV,0.7845180037839311,0.9135348728230624,0.13919629484256635,0.7328134819294425,0.8132551887757402,0.7210124345059786,0.2671865180705575,1.5
9,0.96,0.006109648820020497,MERS-CoV,0.7845180037839311,0.9093850911328719,0.1423203142486893,0.8050861289087372,0.8540631235439632,0.795735894060572,0.1949138710912628,1.5
9,0.97,0.0045383635407449645,MERS-CoV,0.7845180037839311,0.9055715559639685,0.14559130944659193,0.8746244265599129,0.8898289970535072,0.8681070112190401,0.1253755734400871,1.5
9,0.98,0.0029968957787769542,MERS-CoV,0.7845180037839311,0.9022862652446824,0.14900166474940846,0.9360768673835833,0.9188710170073489,0.9324844556075886,0.06392313261641669,1.5
9,0.99,0.0014843840163996547,MERS-CoV,0.7845180037839311,0.8998453355560454,0.1525423885298146,0.9816100258813789,0.9389510070008489,0.9804953766649828,0.01838997411862109,1.5
10,0.5,0.13928278172985825,MERS-CoV,0.7845180037839311,0.9998429203385167,0.06394367288709035,0.007621152081983967,0.015127000877931776,0.007138419107292803,0.992378847918016,1.5
10,0.51,0.13404778301020914,MERS-CoV,0.7845180037839311,0.9998135523061495,0.06397615973114557,0.008164259854830765,0.01619626453861903,0.007647350400974149,0.9918357401451693,1.5
10,0.52,0.1290001273836609,MERS-CoV,0.7845180037839311,0.9997787750898777,0.06401142904404877,0.008754159812473673,0.017356345779829942,0.008200186845795385,0.9912458401875264,1.5
10,0.53,0.12412969754401772,MERS-CoV,0.7845180037839311,0.9997376268515723,0.06404978006197559,0.0093960056783069755,0.018617039638576083,0.008801778249380096,0.990603994321693,1.5
10,0.54,0.11942710003975267,MERS-CoV,0.7845180037839311,0.9996889866196413,0.06409154925818095,0.010095629111511165,0.01998938997197278,0.009457615848772447,0.9899043708884888,1.5
10,0.55,0.11488360124934043,MERS-CoV,0.7845180037839311,0.999631551637119,0.06413711533143007,0.010859640817320855,0.021485866836844673,0.010173928843938364,0.9891403591826792,1.5
10,0.56,0.11049107006308981,MERS-CoV,0.7845180037839311,0.9995638125577097,0.06418690485957668,0.011695548065257853,0.023120570388311466,0.010957796816380275,0.9883044519347421,1.5
10,0.5700000000000001,0.1062419264635095,MERS-CoV,0.7845180037839311,0.9994840266011371,0.06424139869555312,0.012611891407231901,0.024909465165241746,0.011817280792207095,0.987388108592768,1.5
10,0.58,0.10212909530584749,MERS-CoV,0.7845180037839311,0.9993901888957485,0.06430113918756519,0.013618403865041519,0.026870649091041424,0.01276157619578271,0.9863815961349585,1.5
10,0.59,0.09814596469357509,MERS-CoV,0.7845180037839311,0.9992800023818392,0.06436673830841422,0.014726196411191139,0.029024661984051882,0.013801191509078808,0.9852738035888089,1.5
10,0.6,0.094286348422953,MERS-CoV,0.7845180037839311,0.9991508468251484,0.06443888678002696,0.01594797420772025,0.0313948388169261,0.014948157114629237,0.9840520257922798,1.5
10,0.61,0.09054445203863913,MERS-CoV,0.7845180037839311,0.9989997476963944,0.06451836427747548,0.01729828880455024,0.03400771334917163,0.016216269568590173,0.9827017111954498,1.5
10,0.62,0.08691484210042424,MERS-CoV,0.7845180037839311,0.9988233459069912,0.0646060507910291,0.018793832340639326,0.03689347802327373,0.017621377436880734,0.9812061676593606,1.5
10,0.63,0.0833924183111205,MERS-CoV,0.7845180037839311,0.9986178696473899,0.06470293921372994,0.02045378074522999,0.040086506078678565,0.019181715842805057,0.97954621925477,1.5
10,0.64,0.07997238819865067,MERS-CoV,0.7845180037839311,0.998379109843249,0.06481014920412131,0.02230019400664264,0.04362594158166245,0.020918298027690324,0.9776998059933574,1.5
10,0.65,0.07665024408253564,MERS-CoV,0.7845180037839311,0.9981024010112008,0.06492894234722224,0.024358482760883288,0.04755636233033043,0.022855373521243148,0.9756415172391167,1.5
10,0.66,0.07342174208713839,MERS-CoV,0.7845180037839311,0.997782609541356,0.0650607385997013,0.02665795174153164,0.051928519152704654,0.025020963952340953,0.9733420482584684,1.5
10,0.67,0.07028288299192516,MERS-CoV,0.7845180037839311,0.9974141316333982,0.06520713395518374,0.02923243200242504,0.056800152679561844,0.0274474890887124,0.9707675679975749,1.5
10,0.6799999999999999,0.0672298947332687,MERS-CoV,0.7845180037839311,0.9969909032391931,0.0653699192005297,0.03212101523237832,0.062236884860980037,0.030172497342046724,0.9678789847676217,1.5
10,0.69,0.06425921639346396,MERS-CoV,0.7845180037839311,0.9965064243864025,0.06555109955160188,0.035368904854946044,0.068313176820262,0.033239516653021925,0.964631095145054,1.5
10,0.7,0.06136748353109489,MERS-CoV,0.7845180037839311,0.9959538001441846,0.06575291485557677,0.039028399833818825,0.07511333649769945,0.036699043278610705,0.9609716001661812,1.5
10,0.71,0.058551514723049834,MERS-CoV,0.7845180037839311,0.9953258002167905,0.06597785992516259,0.04316002801650175,0.0827325482062395,0.04060968738535885,0.9568399719834982,1.5
10,0.72,0.055808299202654364,MERS-CoV,0.7845180037839311,0.994614938694628,0.06622870442789286,0.04783384619648831,0.09127788087396124,0.04503949527077205,0.9521661538035117,1.5
10,0.73,0.0531349854908403,MERS-CoV,0.7845180037839311,0.9938135748491297,0.06650851159241111,0.053130923498347735,0.10086921150122653,0.05006746814234591,0.9468690765016523,1.5
10,0.74,0.0505288709282251,MERS-CoV,0.7845180037839311,0.9929140350385777,0.06682065481684585,0.059145022681496386,0.11163997437634005,0.05578529617700635,0.9408549773185036,1.5
10,0.75,0.04798739202563944,MERS-CoV,0.7845180037839311,0.9919087548294412,0.06716883107820237,0.06598448980232088,0.12373761426306965,0.0622993233463599,0.9340155101976791,1.5
10,0.76,0.045508115559175014,MERS-CoV,0.7845180037839311,0.9907904393874813,0.06755706985577992,0.07377435537866688,0.13732358300879982,0.06973275221736344,0.9262256446213332,1.5
10,0.77,0.043088730343376076,MERS-CoV,0.7845180037839311,0.9895522391339863,0.06798973610936554,0.08265863839966113,0.15257267469679134,0.07822808721996496,0.9173413616003389,1.5
10,0.78,0.040727039622892064,MERS-CoV,0.7845180037839311,0.9881879366941273,0.06847152571181492,0.09280282635091087,0.16967144702099396,0.08794979777416446,0.9071971736490891,1.5
10,0.79,0.03842095402885149,MERS-CoV,0.7845180037839311,0.9866921404002346,0.06900745164710709,0.1043964773458427,0.18881543076748766,0.09908715653064101,0.8956035226541573,1.5
10,0.8,0.03616848505149918,MERS-CoV,0.7845180037839311,0.9850604791729993,0.06960281927352241,0.11765585104633042,0.21020479307883866,0.1118571691806137,0.8823441489536696,1.5
10,0.81,0.033967738985346725,MERS-CoV,0.7845180037839311,0.9832897936067919,0.0702631890436648,0.1328264187231226,0.23403810536744046,0.12650745592762228,0.8671735812768774,1.5
10,0.8200000000000001,0.031816911307279976,MERS-CoV,0.7845180037839311,0.9813783186419773,0.07099432529415561,0.15018502340280127,0.26050388922269385,0.1433188641782052,0.8498149765971987,1.5
10,0.8300000000000001,0.029714281451818023,MERS-CoV,0.7845180037839311,0.9793258544182109,0.07180213008965342,0.1700413503901834,0.2897696925066755,0.1626074784378624,0.8299586496098166,1.5
10,0.8400000000000001,0.02765820795106864,MERS-CoV,0.7845180037839311,0.9771339238670708,0.07269256164207505,0.19273821569151128,0.3219686025668508,0.18472553496003494,0.8072617843084887,1.5
10,0.8500000000000001,0.025647123909930108,MERS-CoV,0.7845180037839311,0.9748059184384009,0.07367153752764966,0.2186499706561958,0.3571833486426379,0.21006052965241154,0.7813500293438043,1.5
10,0.86,0.02367953278978111,MERS-CoV,0.7845180037839311,0.9723472372433986,0.07474482377612435,0.24817803662372917,0.39542848218290116,0.23903150724785865,0.7518219633762708,1.5
10,0.87,0.021754004476320036,MERS-CoV,0.7845180037839311,0.9697654301596608,0.07591791187223618,0.2817421987293214,0.43663152862667187,0.2720811102729296,0.7182578012706786,1.5
10,0.88,0.019869171609390748,MERS-CoV,0.7845180037839311,0.967070362673689,0.07719588673206546,0.31976577086737323,0.4806144184845036,0.30966141168183237,0.6802342291326268,1.5
10,0.89,0.018023726154588825,MERS-CoV,0.7845180037839311,0.9642744305397075,0.07858328971837625,0.3626520518444471,0.5270768281721898,0.3522108076737852,0.6373479481555528,1.5
10,0.9,0.016216416198209734,MERS-CoV,0.7845180037839311,0.9613928677584448,0.0800839816464951,0.410748570958806,0.5755831511523097,0.40011824507815863,0.589251429041194,1.5
10,0.91,0.01444604294869299,MERS-CoV,0.7845180037839311,0.9584442157471212,0.08170101140572672,0.46429439825325824,0.6255545130083986,0.45366971981911136,0.5357056017467418,1.5
10,0.9199999999999999,0.012711457929156036,MERS-CoV,0.7845180037839311,0.9554510621448472,0.0834364961857077,0.5233441781596445,0.6762663785514967,0.5129702041183262,0.4766558218403555,1.5
10,0.9299999999999999,0.011011560346915757,MERS-CoV,0.7845180037839311,0.9524412286974238,0.08529151927566914,0.5876604160110216,0.7268507382034969,0.5778318038219112,0.4123395839889784,1.5
10,0.94,0.009345294627073784,MERS-CoV,0.7845180037839311,0.9494497180852077,0.08726605095204154,0.6565627515138124,0.7762994760379136,0.6476158371270593,0.3434372484861876,1.5
10,0.95,0.007711648098312598,MERS-CoV,0.7845180037839311,0.9465219815172347,0.08935889708295752,0.7287192946960411,0.8234620774682085,0.7210124345059786,0.27128070530395887,1.5
10,0.96,0.006109648820020497,MERS-CoV,0.7845180037839311,0.94371958366808,0.09156767880101413,0.8018603255925553,0.8670256670732208,0.795735894060572,0.19813967440744473,1.5
10,0.97,0.0045383635407449645,MERS-CoV,0.7845180037839311,0.9411304638620703,0.09388884501840666,0.872388446212153,0.90545661089131,0.8681070112190401,0.12761155378784705,1.5
10,0.98,0.0029968957787769542,MERS-CoV,0.7845180037839311,0.9388886388871764,0.09631771780870857,0.9348512104228666,0.9368655748439709,0.9324844556075886,0.06514878957713344,1.5
10,0.99,0.0014843840163996547,MERS-CoV,0.7845180037839311,0.937215070246574,0.09884856890765781,0.9812318202387019,0.9587184861818793,0.9804953766649828,0.018768179761298076,1.5
11,0.5,0.13928278172985825,MERS-CoV,0.7845180037839311,0.9999376231204892,0.038713382367680405,0.007423307014953391,0.014737208383152456,0.007138419107292803,0.9925766929850466,1.5
11,0.51,0.13404778301020914,MERS-CoV,0.7845180037839311,0.9999250145089565,0.038733107496405794,0.007952449023497442,0.015779403732934776,0.007647350400974149,0.9920475509765025,1.5
11,0.52,0.1290001273836609,MERS-CoV,0.7845180037839311,0.9999098984381928,0.03875453083592095,0.008527212516565056,0.016910215042218874,0.008200186845795385,0.9914727874834349,1.5
11,0.53,0.12412969754401772,MERS-CoV,0.7845180037839311,0.9998917931285346,0.03877783679919711,0.009152629819013793,0.018139220104586243,0.008801778249380096,0.9908473701809862,1.5
11,0.54,0.11942710003975267,MERS-CoV,0.7845180037839311,0.9998701301641543,0.03880323310496703,0.009834396980708312,0.019477222345415962,0.009457615848772447,0.9901656030192917,1.5
11,0.55,0.11488360124934043,MERS-CoV,0.7845180037839311,0.99984424081363,0.038830953971355164,0.010578973181327073,0.020936425969968874,0.010173928843938364,0.9894210268186729,1.5
11,0.56,0.11049107006308981,MERS-CoV,0.7845180037839311,0.999813340766469,0.03886126374983101,0.011393696364932284,0.02253063756086468,0.010957796816380275,0.9886063036350677,1.5
11,0.5700000000000001,0.1062419264635095,MERS-CoV,0.7845180037839311,0.9997765132754625,0.038894461053743834,0.012286917889622015,0.024275498053410935,0.011817280792207095,0.987713082110378,1.5
11,0.58,0.10212909530584749,MERS-CoV,0.7845180037839311,0.9997326907563886,0.03893088343969198,0.013268159459907575,0.026188749506786638,0.01276157619578271,0.9867318405400924,1.5
11,0.59,0.09814596469357509,MERS-CoV,0.7845180037839311,0.9996806349774705,0.03897091270325126,0.014348296170782404,0.02829054159354253,0.013801191509078808,0.9856517038292176,1.5
11,0.6,0.094286348422953,MERS-CoV,0.7845180037839311,0.999618916073203,0.03901498085278743,0.015539770143131166,0.030603783226050594,0.014948157114629237,0.9844602298568689,1.5
11,0.61,0.09054445203863913,MERS-CoV,0.7845180037839311,0.9995458907420508,0.039063576825563495,0.01685683998070217,0.03315454519022375,0.016216269568590173,0.9831431600192978,1.5
11,0.62,0.08691484210042424,MERS-CoV,0.7845180037839311,0.9994596801350759,0.03911725400848909,0.018315872139406584,0.03597252000981321,0.017621377436880734,0.9816841278605934,1.5
11,0.63,0.0833924183111205,MERS-CoV,0.7845180037839311,0.9993581481108591,0.03917663862073595,0.019935681278830397,0.03909154543998221,0.019181715842805057,0.9800643187211696,1.5
11,0.64,0.07997238819865067,MERS-CoV,0.7845180037839311,0.9992388807170615,0.03924243900605451,0.021737927769214703,0.04255019787456887,0.020918298027690324,0.9782620722307853,1.5
11,0.65,0.07665024408253564,MERS-CoV,0.7845180037839311,0.9990991679530575,0.03931545586768892,0.02374758175528406,0.04639246139143893,0.022855373521243148,0.976252418244716,1.5
11,0.66,0.07342174208713839,MERS-CoV,0.7845180037839311,0.9989359890609185,0.039396593456967666,0.025993464523348265,0.05066847694140533,0.025020963952340953,0.9740065354766517,1.5
11,0.67,0.07028288299192516,MERS-CoV,0.7845180037839311,0.9987460027689892,0.03948687169630405,0.02850887935936333,0.05543537402245188,0.0274474890887124,0.9714911206406367,1.5
11,0.6799999999999999,0.0672298947332687,MERS-CoV,0.7845180037839311,0.9985255440559024,0.039587439176875794,0.03133234558317319,0.060758183696490636,0.030172497342046724,0.9686676544168268,1.5
11,0.69,0.06425921639346396,MERS-CoV,0.7845180037839311,0.9982706290924093,0.03969958691901798,0.034508450929909174,0.06671082651685879,0.033239516653021925,0.9654915490700908,1.5
11,0.7,0.06136748353109489,MERS-CoV,0.7845180037839311,0.9979769700320724,0.039824762717781015,0.03808883881510464,0.07337716123463925,0.036699043278610705,0.9619111611848954,1.5
11,0.71,0.058551514723049834,MERS-CoV,0.7845180037839311,0.9976400012384489,0.039964585816129494,0.04213334809996676,0.0808520693040961,0.04060968738535885,0.9578666519000333,1.5
11,0.72,0.055808299202654364,MERS-CoV,0.7845180037839311,0.9972549183378042,0.040120861553231246,0.04671132352194168,0.08924253535505225,0.04503949527077205,0.9532886764780584,1.5
11,0.73,0.0531349854908403,MERS-CoV,0.7845180037839311,0.9968167311614681,0.040295595525684735,0.05190311461682484,0.0986686640053918,0.05006746814234591,0.9480968853831752,1.5
11,0.74,0.0505288709282251,MERS-CoV,0.7845180037839311,0.9963203311890872,0.04049100667712602,0.057801779223260165,0.10926454772210327,0.05578529617700635,0.9421982207767399,1.5
11,0.75,0.04798739202563944,MERS-CoV,0.7845180037839311,0.9957605735350676,0.04070953859996618,0.06451500381114557,0.121178868153117,0.0622993233463599,0.9354849961888544,1.5
11,0.76,0.045508115559175014,MERS-CoV,0.7845180037839311,0.9951323728624643,0.04095386819790614,0.07216724591189556,0.13457507414782724,0.06973275221736344,0.9278327540881044,1.5
11,0.77,0.043088730343376076,MERS-CoV,0.7845180037839311,0.9944308119052396,0.0412269107277895,0.08090209246822895,0.14963093414292555,0.07822808721996496,0.919097907531771,1.5
11,0.78,0.040727039622892064,MERS-CoV,0.7845180037839311,0.9936512605905182,0.04153182012564616,0.09088481006836302,0.166537210769015,0.08794979777416446,0.909115189931637,1.5
11,0.79,0.03842095402885149,MERS-CoV,0.7845180037839311,0.9927895031498659,0.04187198343878129,0.10230503620179975,0.18549515573449077,0.09908715653064101,0.8976949637982002,1.5
11,0.8,0.03616848505149918,MERS-CoV,0.7845180037839311,0.9918418701742439,0.04225100815017613,0.1153795213744836,0.20671248068971337,0.1118571691806137,0.8846204786255164,1.5
11,0.81,0.033967738985346725,MERS-CoV,0.7845180037839311,0.9908053723865254,0.04267270121187927,0.13035477544016139,0.2303974362141107,0.12650745592762228,0.8696452245598386,1.5
11,0.8200000000000001,0.031816911307279976,MERS-CoV,0.7845180037839311,0.9896778330632507,0.04314103871903474,0.14750939152915132,0.25675064194882186,0.1433188641782052,0.8524906084708487,1.5
11,0.8300000000000001,0.029714281451818023,MERS-CoV,0.7845180037839311,0.9884580166160516,0.04366012537244646,0.1671557090604871,0.2859543755371186,0.1626074784378624,0.8328442909395128,1.5
11,0.8400000000000001,0.02765820795106864,MERS-CoV,0.7845180037839311,0.987145751926476,0.04423414320713348,0.18964032231127242,0.3181591670088362,0.18472553496003494,0.8103596776887276,1.5
11,0.8500000000000001,0.025647123909930108,MERS-CoV,0.7845180037839311,0.9857420507127909,0.04486728951138985,0.21534272806250887,0.35346777532701795,0.21006052965241154,0.7846572719374911,1.5
11,0.86,0.02367953278978111,MERS-CoV,0.7845180037839311,0.9842492236307644,0.045563704418730366,0.24467111538413933,0.3919169497263757,0.23903150724785865,0.7553288846158607,1.5
11,0.87,0.021754004476320036,MERS-CoV,0.7845180037839311,0.9826710001988317,0.04632738930351232,0.2780539069450376,0.43345778178663735,0.2720811102729296,0.7219460930549624,1.5
11,0.88,0.019869171609390748,MERS-CoV,0.7845180037839311,0.9810126633946497,0.04716211781470214,0.31592513062700867,0.4779358813635262,0.30966141168183237,0.6840748693729913,1.5
11,0.89,0.018023726154588825,MERS-CoV,0.7845180037839311,0.979281216631398,0.04807134209122832,0.3587009886373269,0.5250729631177669,0.3522108076737852,0.6412990113626731,1.5
11,0.9,0.016216416198209734,MERS-CoV,0.7845180037839311,0.9774856111459689,0.04905809735476885,0.4067440413606779,0.57445156897116,0.40011824507815863,0.5932559586393221,1.5
11,0.91,0.01444604294869299,MERS-CoV,0.7845180037839311,0.9756370781482625,0.050124908603030316,0.46031016030172284,0.6255044026875272,0.45366971981911136,0.5396898396982772,1.5
11,0.9199999999999999,0.012711457929156036,MERS-CoV,0.7845180037839311,0.9737496372054466,0.05127370346095317,0.5194717320216857,0.6775089360747815,0.5129702041183262,0.48052826797831427,1.5
11,0.9299999999999999,0.011011560346915757,MERS-CoV,0.7845180037839311,0.9718408997043743,0.05250573533116898,0.5840083880914319,0.7295863960213697,0.5778318038219112,0.41599161190856815,1.5
11,0.94,0.009345294627073784,MERS-CoV,0.7845180037839311,0.9699333731038378,0.05382152078009539,0.6532536337879794,0.7807017895314429,0.6476158371270593,0.3467463662120206,1.5
11,0.95,0.007711648098312598,MERS-CoV,0.7845180037839311,0.9680566393286534,0.055220794591174904,0.7258819435311152,0.8296579839603958,0.7210124345059786,0.27411805646888476,1.5
11,0.96,0.006109648820020497,MERS-CoV,0.7845180037839311,0.9662511229392834,0.05670248513251974,0.7996159183016002,0.875071294649813,0.795735894060572,0.20038408169839983,1.5
11,0.97,0.0045383635407449645,MERS-CoV,0.7845180037839311,0.9645749107762003,0.05826471167553182,0.8708266195635292,0.9153065364520568,0.8681070112190401,0.12917338043647075,1.5
11,0.98,0.0029968957787769542,MERS-CoV,0.7845180037839311,0.9631168438023212,0.05990480414403798,0.9339917714158492,0.9483307384800662,0.9324844556075886,0.06600822858415079,1.5
11,0.99,0.0014843840163996547,MERS-CoV,0.7845180037839311,0.9620236728578253,0.061619344568950796,0.9809656046707944,0.9714023076369699,0.9804953766649828,0.01903439532920559,1.5
12,0.5,0.13928278172985825,MERS-CoV,0.7845180037839311,0.9999755310894005,0.02265771431943897,0.0073025230833256415,0.014499163102562678,0.007138419107292803,0.9926974769166743,1.5
12,0.51,0.13404778301020914,MERS-CoV,0.7845180037839311,0.9999702206391304,0.022669280929349722,0.00782311257169523,0.015524769507016218,0.007647350400974149,0.9921768874283048,1.5
12,0.52,0.1290001273836609,MERS-CoV,0.7845180037839311,0.9999637777725993,0.02268184708300791,0.008388601033225628,0.01663763056590505,0.008200186845795385,0.9916113989667744,1.5
12,0.53,0.12412969754401772,MERS-CoV,0.7845180037839311,0.9999559691002926,0.022695522130786294,0.009003944780075605,0.01784718739451044,0.008801778249380096,0.9909960552199244,1.5
12,0.54,0.11942710003975267,MERS-CoV,0.7845180037839311,0.9999465160278922,0.022710429414250943,0.009674754739434983,0.019164091675227455,0.009457615848772447,0.990325245260565,1.5
12,0.55,0.11488360124934043,MERS-CoV,0.7845180037839311,0.999935086959157,0.022726708219576564,0.010407394722835193,0.020600379249364326,0.010173928843938364,0.9895926052771649,1.5
12,0.56,0.11049107006308981,MERS-CoV,0.7845180037839311,0.9999212884549907,0.022744516007937032,0.011209095797427767,0.02216967007764525,0.010957796816380275,0.9887909042025722,1.5
12,0.5700000000000001,0.1062419264635095,MERS-CoV,0.7845180037839311,0.9999046553018636,0.022764030958683623,0.012088089537202898,0.023887398528488597,0.011817280792207095,0.9879119104627971,1.5
12,0.58,0.10212909530584749,MERS-CoV,0.7845180037839311,0.9998846394725162,0.02278545486419581,0.013053763416907503,0.025771078459741085,0.01276157619578271,0.9869462365830926,1.5
12,0.59,0.09814596469357509,MERS-CoV,0.7845180037839311,0.9998605980033761,0.022809016418018913,0.014116842176600487,0.027840608087118215,0.013801191509078808,0.9858831578233995,1.5
12,0.6,0.094286348422953,MERS-CoV,0.7845180037839311,0.9998317798681561,0.02283497494010489,0.015289599641187587,0.03011862015970751,0.014948157114629237,0.9847104003588124,1.5
12,0.61,0.09054445203863913,MERS-CoV,0.7845180037839311,0.999797311997223,0.022863624584233855,0.016586106238047564,0.03263088345556182,0.016216269568590173,0.9834138937619524,1.5
12,0.62,0.08691484210042424,MERS-CoV,0.7845180037839311,0.9997561846784053,0.02289529907263499,0.01802251832782911,0.03540676201713898,0.017621377436880734,0.9819774816721709,1.5
12,0.63,0.0833924183111205,MERS-CoV,0.7845180037839311,0.9997072366767911,0.022930377000876523,0.019617416458232652,0.038479738791522645,0.019181715842805057,0.9803825835417673,1.5
12,0.64,0.07997238819865067,MERS-CoV,0.7845180037839311,0.9996491405274787,0.022969287751612444,0.021392200774929312,0.04188801031576589,0.020918298027690324,0.9786077992250707,1.5
12,0.65,0.07665024408253564,MERS-CoV,0.7845180037839311,0.9995803885826825,0.0230125180479257,0.02337155307964961,0.04567515864171157,0.022855373521243148,0.9766284469203503,1.5
12,0.66,0.07342174208713839,MERS-CoV,0.7845180037839311,0.9994992805279794,0.02306061916493729,0.025583976406780656,0.04989090561889746,0.025020963952340953,0.9744160235932193,1.5
12,0.67,0.07028288299192516,MERS-CoV,0.7845180037839311,0.9994039132137105,0.023114214800932897,0.028062424477870915,0.054591952667683394,0.0274474890887124,0.9719375755221291,1.5
12,0.6799999999999999,0.0672298947332687,MERS-CoV,0.7845180037839311,0.9992921737665754,0.02317400958542648,0.03084503495066924,0.05984290590598539,0.030172497342046724,0.9691549650493307,1.5
12,0.69,0.06425921639346396,MERS-CoV,0.7845180037839311,0.9991617370405149,0.02324079817015723,0.03397598194032837,0.06571728146106944,0.033239516653021925,0.9660240180596716,1.5
12,0.7,0.06136748353109489,MERS-CoV,0.7845180037839311,0.9990100685209737,0.02331547480883156,0.03750646474968774,0.07229857839572121,0.036699043278610705,0.9624935352503122,1.5
12,0.71,0.058551514723049834,MERS-CoV,0.7845180037839311,0.9988344337978481,0.023399043281639997,0.04149585094061556,0.07968139616285312,0.04060968738535885,0.9585041490593844,1.5
12,0.72,0.055808299202654364,MERS-CoV,0.7845180037839311,0.9986319156559372,0.023492626960493146,0.04601299256662457,0.08797255900103622,0.04503949527077205,0.9539870074333754,1.5
12,0.73,0.0531349854908403,MERS-CoV,0.7845180037839311,0.9983994396869582,0.023597478740551403,0.05113773421435953,0.09729219022646575,0.05006746814234591,0.9488622657856405,1.5
12,0.74,0.0505288709282251,MERS-CoV,0.7845180037839311,0.9981338090984393,0.023714990483757248,0.05696262996036364,0.10777465398200228,0.05578529617700635,0.9430373700396364,1.5
12,0.75,0.04798739202563944,MERS-CoV,0.7845180037839311,0.9978317490841419,0.02384670153257129,0.0635948827214963,0.1195692498328257,0.0622993233463599,0.9364051172785037,1.5
12,0.76,0.045508115559175014,MERS-CoV,0.7845180037839311,0.9974899607393447,0.023994305760347,0.07115851275780376,0.1328405062232866,0.06973275221736344,0.9288414872421963,1.5
12,0.77,0.043088730343376076,MERS-CoV,0.7845180037839311,0.9971051840745383,0.024159656533778606,0.07979675088313665,0.14776787262622418,0.07822808721996496,0.9202032491168634,1.5
12,0.78,0.040727039622892064,MERS-CoV,0.7845180037839311,0.9966742692357888,0.024344768879609013,0.0896746343371746,0.1645445590326169,0.08794979777416446,0.9103253656628254,1.5
12,0.79,0.03842095402885149,MERS-CoV,0.7845180037839311,0.9961942546224124,0.024551818081345544,0.10098175665931407,0.18337521923792113,0.09908715653064101,0.8990182433406859,1.5
12,0.8,0.03616848505149918,MERS-CoV,0.7845180037839311,0.9956624502537426,0.024783133892832154,0.11393508373382508,0.20447212825466973,0.1118571691806137,0.8860649162661749,1.5
12,0.81,0.033967738985346725,MERS-CoV,0.7845180037839311,0.9950765245330281,0.02504118955649748,0.12878169166101713,0.22804947512952653,0.12650745592762228,0.8712183083389828,1.5
12,0.8200000000000001,0.031816911307279976,MERS-CoV,0.7845180037839311,0.9944345925467749,0.025328584867521653,0.14580120182427309,0.2543153958939295,0.1433188641782052,0.8541987981757269,1.5
12,0.8300000000000001,0.029714281451818023,MERS-CoV,0.7845180037839311,0.9937353042820019,0.025648022642956736,0.1653075758767591,0.2834614267101317,0.1626074784378624,0.834692424123241,1.5
12,0.8400000000000001,0.02765820795106864,MERS-CoV,0.7845180037839311,0.9929779317044077,0.026002278146273428,0.18764977692814847,0.31564918562638616,0.18472553496003494,0.8123502230718516,1.5
12,0.8500000000000001,0.025647123909930108,MERS-CoV,0.7845180037839311,0.9921624545892408,0.02639416128759753,0.21321058780590849,0.35099431080951193,0.21006052965241154,0.7867894121940915,1.5
12,0.86,0.02367953278978111,MERS-CoV,0.7845180037839311,0.9912896464307327,0.026826471765997284,0.24240258286162997,0.3895480006332388,0.23903150724785865,0.75759741713837,1.5
12,0.87,0.021754004476320036,MERS-CoV,0.7845180037839311,0.9903611638276415,0.027301947731964926,0.27565985000955545,0.4312769012396867,0.2720811102729296,0.7243401499904445,1.5
12,0.88,0.019869171609390748,MERS-CoV,0.7845180037839311,0.9893796457138749,0.027823209005226945,0.3134235198995278,0.4760425201002449,0.30966141168183237,0.6865764801004721,1.5
12,0.89,0.018023726154588825,MERS-CoV,0.7845180037839311,0.9883488331450647,0.028392696354791136,0.35611843404245086,0.5235817149845332,0.3522108076737852,0.6438815659575492,1.5
12,0.9,0.016216416198209734,MERS-CoV,0.7845180037839311,0.9872737269261839,0.02901260879577716,0.40411731423402725,0.5734899753365426,0.40011824507815863,0.5958826857659727,1.5
12,0.91,0.01444604294869299,MERS-CoV,0.7845180037839311,0.9861608107754464,0.029684841236616077,0.4576875049022919,0.625209000163388,0.45366971981911136,0.5423124950977081,1.5
12,0.9199999999999999,0.012711457929156036,MERS-CoV,0.7845180037839311,0.9850183850169334,0.03041092507544485,0.5169136483348905,0.6780192921776149,0.5129702041183262,0.4830863516651095,1.5
12,0.9299999999999999,0.011011560346915757,MERS-CoV,0.7845180037839311,0.983857085963377,0.031191974455776705,0.5815873911344497,0.731036947328059,0.5778318038219112,0.4184126088655503,1.5
12,0.94,0.009345294627073784,MERS-CoV,0.7845180037839311,0.9826907214090758,0.032028640819749654,0.6510522422537394,0.7832113274182915,0.6476158371270593,0.34894775774626063,1.5
12,0.95,0.007711648098312598,MERS-CoV,0.7845180037839311,0.9815376591998575,0.0329210781301269,0.72398779431717,0.8333165400234213,0.7210124345059786,0.27601220568283,1.5
12,0.96,0.006109648820020497,MERS-CoV,0.7845180037839311,0.98042322327935,0.033868920677494474,0.7981124055099164,0.8799238255147518,0.795735894060572,0.20188759449008364,1.5
12,0.97,0.0045383635407449645,MERS-CoV,0.7845180037839311,0.9793840254209754,0.03487127477583918,0.8697767666464719,0.9213319626828766,0.8681070112190401,0.13022323335352814,1.5
12,0.98,0.0029968957787769542,MERS-CoV,0.7845180037839311,0.9784762778449816,0.03592672492549509,0.9334120966212794,0.9554130943993427,0.9324844556075886,0.06658790337872056,1.5
12,0.99,0.0014843840163996547,MERS-CoV,0.7845180037839311,0.9777930343980228,0.037033354248804495,0.9807854447988926,0.9792869536241906,0.9804953766649828,0.019214555201107375,1.5
13,0.5,0.13928278172985825,MERS-CoV,0.7845180037839311,0.9999905111886482,0.01284261396576547,0.007230548132926522,0.014357284246001549,0.007138419107292803,0.9927694518670734,1.5
13,0.51,0.13404778301020914,MERS-CoV,0.7845180037839311,0.9999883131497936,0.012849178537156392,0.007746030709575213,0.015372980448814735,0.007647350400974149,0.9922539692904248,1.5
13,0.52,0.1290001273836609,MERS-CoV,0.7845180037839311,0.9999856154581841,0.012856311944115628,0.008305978468998968,0.016475113035414626,0.008200186845795385,0.9916940215310011,1.5
13,0.53,0.12412969754401772,MERS-CoV,0.7845180037839311,0.9999823083339873,0.012864076772974742,0.00891530159304536,0.017673039917602648,0.008801778249380096,0.9910846984069547,1.5
13,0.54,0.11942710003975267,MERS-CoV,0.7845180037839311,0.999978259263658,0.012872543697713956,0.009579559248199908,0.018977320180925333,0.009457615848772447,0.9904204407518001,1.5
13,0.55,0.11488360124934043,MERS-CoV,0.7845180037839311,0.9999733087649615,0.012881792626798116,0.010305057131851142,0.02039988665500466,0.010173928843938364,0.9896949428681489,1.5
13,0.56,0.11049107006308981,MERS-CoV,0.7845180037839311,0.9999672655165688,0.012891914016505801,0.011098961034419388,0.02195424478478235,0.010957796816380275,0.9889010389655806,1.5
13,0.5700000000000001,0.1062419264635095,MERS-CoV,0.7845180037839311,0.9999599008054912,0.012903010373160106,0.011969429189059752,0.02365570177643727,0.011817280792207095,0.9880305708109403,1.5
13,0.58,0.10212909530584749,MERS-CoV,0.7845180037839311,0.9999509422586249,0.012915197968814907,0.012925766666637799,0.02552163050808842,0.01276157619578271,0.9870742333333622,1.5
13,0.59,0.09814596469357509,MERS-CoV,0.7845180037839311,0.9999400668443597,0.01292860879695068,0.013978605640883567,0.027571773236357847,0.013801191509078808,0.9860213943591164,1.5
13,0.6,0.094286348422953,MERS-CoV,0.7845180037839311,0.999926893157855,0.012943392796512798,0.01514011600819075,0.029828590675126998,0.014948157114629237,0.9848598839918092,1.5
13,0.61,0.09054445203863913,MERS-CoV,0.7845180037839311,0.9999109730404552,0.012959720373898587,0.016424251609968528,0.03231766253980548,0.016216269568590173,0.9835757483900315,1.5
13,0.62,0.08691484210042424,MERS-CoV,0.7845180037839311,0.9998917826307806,0.012977785253088236,0.01784703818409917,0.03506814608936772,0.017621377436880734,0.9821529618159008,1.5
13,0.63,0.0833924183111205,MERS-CoV,0.7845180037839311,0.9998687130027123,0.01299780768364811,0.01942691017609423,0.038113299485802214,0.019181715842805057,0.9805730898239058,1.5
13,0.64,0.07997238819865067,MERS-CoV,0.7845180037839311,0.9998410606137532,0.013020038034443515,0.021185104677585956,0.041491076820753044,0.020918298027690324,0.9788148953224141,1.5
13,0.65,0.07665024408253564,MERS-CoV,0.7845180037839311,0.9998080178646271,0.013044760797055743,0.02314612203272684,0.04524480128330189,0.022855373521243148,0.9768538779672732,1.5
13,0.66,0.07342174208713839,MERS-CoV,0.7845180037839311,0.9997686641553231,0.01307229901659479,0.02533826405694101,0.049423921955929456,0.025020963952340953,0.9746617359430589,1.5
13,0.67,0.07028288299192516,MERS-CoV,0.7845180037839311,0.9997219579098664,0.013103019158093088,0.027794262329984748,0.054084857850140104,0.0274474890887124,0.9722057376700153,1.5
13,0.6799999999999999,0.0672298947332687,MERS-CoV,0.7845180037839311,0.9996667301265858,0.013137336403297062,0.03055201062046574,0.05929192966069836,0.030172497342046724,0.9694479893795342,1.5
13,0.69,0.06425921639346396,MERS-CoV,0.7845180037839311,0.9996016800851698,0.013175720354658749,0.033655417108308376,0.06511837484941604,0.033239516653021925,0.9663445828916917,1.5
13,0.7,0.06136748353109489,MERS-CoV,0.7845180037839311,0.9995253738979729,0.013218701099847907,0.037155393591709496,0.07164743445951771,0.036699043278610705,0.9628446064082905,1.5
13,0.71,0.058551514723049834,MERS-CoV,0.7845180037839311,0.999436246621493,0.013266875560589364,0.04111100013559964,0.07897348976402803,0.04060968738535885,0.9588889998644003,1.5
13,0.72,0.055808299202654364,MERS-CoV,0.7845180037839311,0.9993326086352424,0.013320914013451368,0.04559076439909719,0.08720321258452178,0.04503949527077205,0.95440923560090285,1.5
13,0.73,0.0531349854908403,MERS-CoV,0.7845180037839311,0.9992126569413584,0.01338156662725598,0.050674194817830115,0.09645667389289674,0.05006746814234591,0.9493258051821699,1.5
13,0.74,0.0505288709282251,MERS-CoV,0.7845180037839311,0.9990744919334307,0.013449669812311882,0.056453505406882425,0.10686833011414269,0.05578529617700635,0.9435464945931176,1.5
13,0.75,0.04798739202563944,MERS-CoV,0.7845180037839311,0.9989161400256131,0.013526152121606572,0.06303556647327557,0.11858777449194345,0.0622993233463599,0.9369644335267244,1.5
13,0.76,0.045508115559175014,MERS-CoV,0.7845180037839311,0.9987355823267253,0.013612039385273222,0.07054408897651326,0.13178010145427313,0.06973275221736344,0.9294559110234868,1.5
13,0.77,0.043088730343376076,MERS-CoV,0.7845180037839311,0.9985307892990044,0.013708458699923987,0.0791220392537851,0.14662568540394952,0.07822808721996496,0.9208779607462149,1.5
13,0.78,0.040727039622892064,MERS-CoV,0.7845180037839311,0.9982997610745206,0.013816640837905125,0.0889342634076911,0.16331912341231017,0.08794979777416446,0.9110657365923089,1.5
13,0.79,0.03842095402885149,MERS-CoV,0.7845180037839311,0.998040572838098,0.013937920593627307,0.10017027420611446,0.18206703770791477,0.09908715653064101,0.8998297257938855,1.5
13,0.8,0.03616848505149918,MERS-CoV,0.7845180037839311,0.9977514244539134,0.01407373455140204,0.11304711428851813,0.20308438547185986,0.1118571691806137,0.8869528857114819,1.5
13,0.81,0.033967738985346725,MERS-CoV,0.7845180037839311,0.9974306933484267,0.01422561574943304,0.12781215297586532,0.22658889106028943,0.12650745592762228,0.8721878470241347,1.5
13,0.8200000000000001,0.031816911307279976,MERS-CoV,0.7845180037839311,0.9970769896027505,0.014395184735814248,0.14474559354218008,0.2527932146337336,0.1433188641782052,0.8552544064578199,1.5
13,0.8300000000000001,0.029714281451818023,MERS-CoV,0.7845180037839311,0.996689212292856,0.014584136572503459,0.16416235472453808,0.28189452065595333,0.1626074784378624,0.8358376452754619,1.5
13,0.8400000000000001,0.02765820795106864,MERS-CoV,0.7845180037839311,0.9962666063888883,0.014794223448831856,0.18641283293070698,0.31406123126323837,0.18472553496003494,0.813587167069293,1.5
13,0.8500000000000001,0.025647123909930108,MERS-CoV,0.7845180037839311,0.9958088200345139,0.015027232721154138,0.21188183465892144,0.34941696193220595,0.21006052965241154,0.7881181653410786,1.5
13,0.86,0.02367953278978111,MERS-CoV,0.7845180037839311,0.9953159628383113,0.015284960399775893,0.24098467171740548,0.3880219484735274,0.23903150724785865,0.7590153282825945,1.5
13,0.87,0.021754004476320036,MERS-CoV,0.7845180037839311,0.9947886670195933,0.015569180353178447,0.2741590080955053,0.42985267172660035,0.2720811102729296,0.7258409919044947,1.5
13,0.88,0.019869171609390748,MERS-CoV,0.7845180037839311,0.9942281550243428,0.015881609781507988,0.31185050155398497,0.47478082157120094,0.30966141168183237,0.688149498446015,1.5
13,0.89,0.018023726154588825,MERS-CoV,0.7845180037839311,0.9936363198522827,0.016223871808684454,0.35448954902353386,0.5225531221525513,0.3522108076737852,0.6455104509764662,1.5
13,0.9,0.016216416198209734,MERS-CoV,0.7845180037839311,0.9930158283391216,0.016597456332004712,0.4024554624820692,0.5727737246547838,0.40011824507815863,0.5975445375179308,1.5
13,0.91,0.01444604294869299,MERS-CoV,0.7845180037839311,0.9923702639941915,0.0170036805223982,0.4560230926955766,0.6248906829012576,0.45366971981911136,0.5439769073044234,1.5
13,0.9199999999999999,0.012711457929156036,MERS-CoV,0.7845180037839311,0.9917043365586687,0.017443650558957913,0.5152851802404907,0.6781872629005337,0.5129702041183262,0.48471481975950925,1.5
13,0.9299999999999999,0.011011560346915757,MERS-CoV,0.7845180037839311,0.991024203864169,0.01791822628168971,0.5800414147590112,0.7317773038322334,0.5778318038219112,0.41995858524098884,1.5
13,0.94,0.009345294627073784,MERS-CoV,0.7845180037839311,0.9903379852716927,0.018427990436368447,0.6496421542076726,0.784601333464726,0.6476158371270593,0.3503578457923274,1.5
13,0.95,0.007711648098312598,MERS-CoV,0.7845180037839311,0.9896566109064103,0.018973224054527615,0.7227707766766439,0.835416301438135,0.7210124345059786,0.2772292233233561,1.5
13,0.96,0.006109648820020497,MERS-CoV,0.7845180037839311,0.9889952833626494,0.019553889261561763,0.7971434264342993,0.8827658060181525,0.795735894060572,0.20285657356570075,1.5
13,0.97,0.0045383635407449645,MERS-CoV,0.7845180037839311,0.988376117131186,0.0201696204516868,0.8690981120179605,0.9249073864737672,0.8681070112190401,0.1309018879820395,1.5
13,0.98,0.0029968957787769542,MERS-CoV,0.7845180037839311,0.987833201241026,0.02081972433693524,0.9330362555403222,0.9596531278379855,0.9324844556075886,0.06696374445967779,1.5
13,0.99,0.0014843840163996547,MERS-CoV,0.7845180037839311,0.9874230981263689,0.0215031889049192,0.9806682895137012,0.9840341020210768,0.9804953766649828,0.01933171048629878,1.5
14,0.5,0.13928278172985825,MERS-CoV,0.7845180037839311,0.9999963601050275,0.00706170245009885,0.007188796066946584,0.014274971898526388,0.007138419107292803,0.9928112039330534,1.5
14,0.51,0.13404778301020914,MERS-CoV,0.7845180037839311,0.9999954647230822,0.007065315300438746,0.007701312074112108,0.01528490975431422,0.007647350400974149,0.9922986879258879,1.5
14,0.52,0.1290001273836609,MERS-CoV,0.7845180037839311,0.99999435346542,0.007069241842825313,0.008258040298346021,0.0163808064728895,0.008200186845795385,0.991741959701654,1.5
14,0.53,0.12412969754401772,MERS-CoV,0.7845180037839311,0.9999929760349452,0.007073516743935637,0.008863863803060864,0.017571970954797785,0.008801778249380096,0.9911361361969392,1.5
14,0.54,0.11942710003975267,MERS-CoV,0.7845180037839311,0.999991271066746,0.007078179186249756,0.00952431127890185,0.018868907639235245,0.009457615848772447,0.9904756887210981,1.5
14,0.55,0.11488360124934043,MERS-CoV,0.7845180037839311,0.9999891639209856,0.007083273516739319,0.010245654148465224,0.020283488437522784,0.010173928843938364,0.9897543458515348,1.5
14,0.56,0.11049107006308981,MERS-CoV,0.7845180037839311,0.9999865641120825,0.007088849991635282,0.01103501963191897,0.021829150918356938,0.010957796816380275,0.988964980368081,1.5
14,0.5700000000000001,0.1062419264635095,MERS-CoV,0.7845180037839311,0.9999833623390667,0.00709496563065215,0.011900522540588685,0.023521126725217185,0.011817280792207095,0.9880994774594113,1.5
14,0.58,0.10212909530584749,MERS-CoV,0.7845180037839311,0.9999794270870004,0.007101685195437968,0.01285141905209608,0.02537670472805701,0.01276157619578271,0.9871485809479039,1.5
14,0.59,0.09814596469357509,MERS-CoV,0.7845180037839311,0.9999746007779333,0.007109082308358161,0.013898286288852058,0.02741553395988344,0.013801191509078808,0.986101713711148,1.5
14,0.6,0.094286348422953,MERS-CoV,0.7845180037839311,0.999968695462837,0.007117240728994334,0.015053232182929534,0.0296599719444022,0.014948157114629237,0.9849467678170705,1.5
14,0.61,0.09054445203863913,MERS-CoV,0.7845180037839311,0.9999614880642235,0.007126255806739312,0.016330140876334536,0.032135484551851966,0.016216269568590173,0.9836698591236654,1.5
14,0.62,0.08691484210042424,MERS-CoV,0.7845180037839311,0.9999527152034603,0.007136236128547968,0.017744959788086642,0.034871103977752206,0.017621377436880734,0.9822550402119133,1.5
14,0.63,0.0833924183111205,MERS-CoV,0.7845180037839311,0.999942067677625,0.00714730538100905,0.01931603548888858,0.03789995175135381,0.019181715842805057,0.9806839645111114,1.5
14,0.64,0.07997238819865067,MERS-CoV,0.7845180037839311,0.9999291846884992,0.007159604445250212,0.021064506668604713,0.04125983374296157,0.020918298027690324,0.9789354933313953,1.5
14,0.65,0.07665024408253564,MERS-CoV,0.7845180037839311,0.9999136479704045,0.007173293741442599,0.023014763764771882,0.04499391380511946,0.022855373521243148,0.9769852362352281,1.5
14,0.66,0.07342174208713839,MERS-CoV,0.7845180037839311,0.9998949760133516,0.007188555836566857,0.0251949862377156,0.04915147174887115,0.025020963952340953,0.9748050137622843,1.5
14,0.67,0.07028288299192516,MERS-CoV,0.7845180037839311,0.999872618631282,0.007205598324146911,0.027637770013142007,0.053788749547587125,0.0274474890887124,0.972362229986858,1.5
14,0.6799999999999999,0.0672298947332687,MERS-CoV,0.7845180037839311,0.9998459521794408,0.007224656977488864,0.030380859231416566,0.058969886611019574,0.030172497342046724,0.9696191407685835,1.5
14,0.69,0.06425921639346396,MERS-CoV,0.7845180037839311,0.9998142757761013,0.007245999168076556,0.03346799808182057,0.06476794020459975,0.033239516653021925,0.9665320019181795,1.5
14,0.7,0.06136748353109489,MERS-CoV,0.7845180037839311,0.9997768089272627,0.007269927527625897,0.03694992005785627,0.0712659799978809,0.036699043278610705,0.9630500799421438,1.5
14,0.71,0.058551514723049834,MERS-CoV,0.7845180037839311,0.9997326909830866,0.007296783815550878,0.04088549328735323,0.07855823556455158,0.04060968738535885,0.9591145067126468,1.5
14,0.72,0.055808299202654364,MERS-CoV,0.7845180037839311,0.999680982865762,0.007326952932749764,0.04534304142983956,0.08675126153823826,0.04503949527077205,0.9546569585701604,1.5
14,0.73,0.0531349854908403,MERS-CoV,0.7845180037839311,0.9996206714948997,0.0073608669975500085,0.05040185964274123,0.09596506605640506,0.05006746814234591,0.9495981403572588,1.5
14,0.74,0.0505288709282251,MERS-CoV,0.7845180037839311,0.9995506772939138,0.007399009370401055,0.056153943792133114,0.10633412306637267,0.05578529617700635,0.9438460562078669,1.5
14,0.75,0.04798739202563944,MERS-CoV,0.7845180037839311,0.9994698650868822,0.0074419184808832695,0.06270594770515046,0.11800815710211006,0.0622993233463599,0.9372940522948495,1.5
14,0.76,0.045508115559175014,MERS-CoV,0.7845180037839311,0.9993770585904914,0.007490191274763136,0.07018137682207921,0.13115254971408002,0.06973275221736344,0.9298186231779207,1.5
14,0.77,0.043088730343376076,MERS-CoV,0.7845180037839311,0.9992710585741165,0.007544486061718647,0.0787230157055429,0.14594817005982308,0.07822808721996496,0.9212769842944571,1.5
14,0.78,0.040727039622892064,MERS-CoV,0.7845180037839311,0.9991506646111461,0.007605524508271455,0.08849556957048983,0.16259037979941315,0.08794979777416446,0.9115044304295101,1.5
14,0.79,0.03842095402885149,MERS-CoV,0.7845180037839311,0.9990147001890257,0.007674092488537343,0.09968847366768521,0.18128690806241782,0.09908715653064101,0.9003115263323148,1.5
14,0.8,0.03616848505149918,MERS-CoV,0.7845180037839311,0.9988620408008564,0.007751039481436073,0.11251878538847451,0.20225424256584884,0.1118571691806137,0.8874812146115255,1.5
14,0.81,0.033967738985346725,MERS-CoV,0.7845180037839311,0.9986916445278384,0.007837276191673292,0.12723401749497854,0.22571214860429892,0.12650745592762228,0.8727659825050215,1.5
14,0.8200000000000001,0.031816911307279976,MERS-CoV,0.7845180037839311,0.9985025845622095,0.007933770077973912,0.14411469037121702,0.2518759237513311,0.1433188641782052,0.855885309628783,1.5
14,0.8300000000000001,0.029714281451818023,MERS-CoV,0.7845180037839311,0.9982940831393664,0.008041538500726864,0.16347626786846886,0.280946042055945,0.1626074784378624,0.8365237321315311,1.5
14,0.8400000000000001,0.02765820795106864,MERS-CoV,0.7845180037839311,0.9980655464728577,0.008161639256679232,0.185669983488042,0.31309495887095684,0.18472553496003494,0.814330016511958,1.5
14,0.8500000000000001,0.025647123909930108,MERS-CoV,0.7845180037839311,0.997816600548395,0.008295158353544219,0.21108184577173789,0.3484510554655156,0.21006052965241154,0.7889181542282622,1.5
14,0.86,0.02367953278978111,MERS-CoV,0.7845180037839311,0.9975471280737718,0.008443194993061898,0.2401288132953154,0.38708001030630307,0.23903150724785865,0.7598711867046846,1.5
14,0.87,0.021754004476320036,MERS-CoV,0.7845180037839311,0.9972573075607712,0.008606843874929049,0.27325072346949103,0.42896427904551626,0.2720811102729296,0.726749276530509,1.5
14,0.88,0.019869171609390748,MERS-CoV,0.7845180037839311,0.9969476565310166,0.008787175100163802,0.31089600980777926,0.4739818013117447,0.30966141168183237,0.6891039901922207,1.5
14,0.89,0.018023726154588825,MERS-CoV,0.7845180037839311,0.9966190823613504,0.00898521213113479,0.35349850272489286,0.5218854376736224,0.3522108076737852,0.6465014972751071,1.5
14,0.9,0.016216416198209734,MERS-CoV,0.7845180037839311,0.9962729466245616,0.009201908443308038,0.40144161828459285,0.572284834095749,0.40011824507815863,0.5985583817154072,1.5
14,0.91,0.01444604294869299,MERS-CoV,0.7845180037839311,0.995911152509504,0.009438123664665565,0.45500491817045735,0.6246322328489613,0.45366971981911136,0.5449950818295426,1.5
14,0.9199999999999999,0.012711457929156036,MERS-CoV,0.7845180037839311,0.9955362711072974,0.00969460012549972,0.5142862693098995,0.6782129967260742,0.5129702041183262,0.4857137306901005,1.5
14,0.9299999999999999,0.011011560346915757,MERS-CoV,0.7845180037839311,0.9951517331589964,0.009971940817568692,0.5790905093628086,0.732140084267041,0.5778318038219112,0.4209094906371914,1.5
14,0.94,0.009345294627073784,MERS-CoV,0.7845180037839311,0.9947621326298229,0.010270589774212358,0.6487724619816511,0.7853491858197632,0.6476158371270593,0.35122753801834894,1.5
14,0.95,0.007711648098312598,MERS-CoV,0.7845180037839311,0.9943737265490443,0.010590815824328526,0.7220181207864833,0.8365873451530608,0.7210124345059786,0.2779818792135167,1.5
14,0.96,0.006109648820020497,MERS-CoV,0.7845180037839311,0.9939952931929027,0.010932700542306328,0.7965425472497478,0.8843818040711148,0.795735894060572,0.20345745275025218,1.5
14,0.97,0.0045383635407449645,MERS-CoV,0.7845180037839311,0.9936396797996112,0.011296131020379963,0.8686761382081959,0.9269653100429566,0.8681070112190401,0.1313238617918041,1.5
14,0.98,0.0029968957787769542,MERS-CoV,0.7845180037839311,0.9933267696005974,0.011680797843831803,0.9328019440235333,0.9621134197108159,0.9324844556075886,0.06719805597646666,1.5
14,0.99,0.0014843840163996547,MERS-CoV,0.7845180037839311,0.9930896336118296,0.012086198373755574,0.9805950591807503,0.9868027974270994,0.9804953766649828,0.019404940819249705,1.5
15,0.5,0.13928278172985825,MERS-CoV,0.7845180037839311,0.9999986180784294,0.003772840514122855,0.0071652496821940845,0.014228548123578988,0.007138419107292803,0.9928347503178059,1.5
15,0.51,0.13404778301020914,MERS-CoV,0.7845180037839311,0.9999982586824727,0.00377477194935838,0.007676091094320175,0.015235234933802808,0.007647350400974149,0.9923239089056798,1.5
15,0.52,0.1290001273836609,MERS-CoV,0.7845180037839311,0.9999978077870786,0.003776871336136356,0.008231001528179136,0.01632761017741862,0.008200186845795385,0.9917689984718209,1.5
15,0.53,0.12412969754401772,MERS-CoV,0.7845180037839311,0.9999972428885614,0.0037791572990760747,0.008834848602619546,0.017514954804616546,0.008801778249380096,0.9911651513973805,1.5
15,0.54,0.11942710003975267,MERS-CoV,0.7845180037839311,0.999996536248743,0.0037816509047459146,0.009493143630031594,0.01880774204503685,0.009457615848772447,0.9905068563699684,1.5
15,0.55,0.11488360124934043,MERS-CoV,0.7845180037839311,0.9999956537854645,0.003784376016274016,0.010212138461819575,0.020217808961772853,0.010173928843938364,0.9897878615381804,1.5
15,0.56,0.11049107006308981,MERS-CoV,0.7845180037839311,0.9999945537651471,0.003787359701386883,0.010998938261341596,0.021758554224704175,0.010957796816380275,0.9890010617386584,1.5
15,0.5700000000000001,0.1062419264635095,MERS-CoV,0.7845180037839311,0.9999931852744616,0.003790632701532126,0.01186163296823525,0.023445166086301327,0.011817280792207095,0.9881383670317647,1.5
15,0.58,0.10212909530584749,MERS-CoV,0.7845180037839311,0.9999914864497301,0.003794229970596863,0.012809450704784037,0.02529488506768102,0.01276157619578271,0.987190549295216,1.5
15,0.59,0.09814596469357509,MERS-CoV,0.7845180037839311,0.999989382446057,0.0037981912925646455,0.013852936943663675,0.027327306415256075,0.013801191509078808,0.9861470630563364,1.5
15,0.6,0.094286348422953,MERS-CoV,0.7845180037839311,0.9999867831338577,0.0038025619882905426,0.01500416391846645,0.029564727949572316,0.014948157114629237,0.9849958360815335,1.5
15,0.61,0.09054445203863913,MERS-CoV,0.7845180037839311,0.9999835805190028,0.0038073937222671272,0.016276975525732814,0.0320325494666271,0.016216269568590173,0.9837230244742672,1.5
15,0.62,0.08691484210042424,MERS-CoV,0.7845180037839311,0.999979645894702,0.0038127454208023437,0.017687273851635495,0.03475973032003379,0.017621377436880734,0.9823127261483645,1.5
15,0.63,0.0833924183111205,MERS-CoV,0.7845180037839311,0.9999748267489261,0.0038186843132850257,0.019253354468766273,0.03777931213840344,0.019181715842805057,0.9807466455312337,1.5
15,0.64,0.07997238819865067,MERS-CoV,0.7845180037839311,0.9999689434710222,0.003825287108082942,0.020996298797060692,0.041129013713055836,0.020918298027690324,0.9790037012029393,1.5
15,0.65,0.07665024408253564,MERS-CoV,0.7845180037839311,0.9999617859250002,0.003832641313887497,0.022940433111617253,0.04485190478087058,0.022855373521243148,0.9770595668883828,1.5
15,0.66,0.07342174208713839,MERS-CoV,0.7845180037839311,0.9999531099847369,0.003840846715886359,0.025113865205262223,0.04899716452397606,0.025020963952340953,0.9748861347947377,1.5
15,0.67,0.07028288299192516,MERS-CoV,0.7845180037839311,0.99994263415695706,0.0038500170136667178,0.027549111259330808,0.0536209288380754,0.0274474890887124,0.9724508887406692,1.5
15,0.6799999999999999,0.0672298947332687,MERS-CoV,0.7845180037839311,0.9999300364502431,0.00386028162406582,0.03028382710803621,0.05878722741975307,0.030172497342046724,0.9697161728919638,1.5
15,0.69,0.06425921639346396,MERS-CoV,0.7845180037839311,0.9999149516803119,0.003871787646973046,0.03336165973844968,0.06456900701457455,0.033239516653021925,0.9666383402615504,1.5
15,0.7,0.06136748353109489,MERS-CoV,0.7845180037839311,0.9998969694309565,0.003884701985003236,0.03683323644836044,0.07104923014722435,0.036699043278610705,0.9631667635516395,1.5
15,0.71,0.058551514723049834,MERS-CoV,0.7845180037839311,0.9998756329133273,0.0038992135988298315,0.040757310430300675,0.07832202857503626,0.04060968738535885,0.9592426895696993,1.5
15,0.72,0.055808299202654364,MERS-CoV,0.7845180037839311,0.9998504389800988,0.003915535868423192,0.04520208242395782,0.08649387667844231,0.04503949527077205,0.9547979175760422,1.5
15,0.73,0.0531349854908403,MERS-CoV,0.7845180037839311,0.999820839552357,0.003933909016391568,0.05024671813139734,0.09568473102378097,0.05006746814234591,0.9497532818686026,1.5
15,0.74,0.0505288709282251,MERS-CoV,0.7845180037839311,0.9997862447026352,0.003954602533038365,0.05598307981547971,0.10602905736279704,0.05578529617700635,0.9440169201845203,1.5
15,0.75,0.04798739202563944,MERS-CoV,0.7845180037839311,0.9997460276055476,0.003977917523779517,0.06251768718416072,0.11767663443126107,0.0622993233463599,0.9374823128158393,1.5
15,0.76,0.045508115559175014,MERS-CoV,0.7845180037839311,0.9996995315172609,0.004004188878696802,0.06997391629401992,0.1307929844957717,0.06973275221736344,0.9300260837059801,1.5
15,0.77,0.043088730343376076,MERS-CoV,0.7845180037839311,0.9996460788781494,0.004033787142027734,0.07849443438279917,0.1455592338464173,0.07822808721996496,0.9215055656172009,1.5
15,0.78,0.040727039622892064,MERS-CoV,0.7845180037839311,0.9995849825531137,0.004067119937547381,0.08824385132784007,0.16217115384829286,0.08794979777416446,0.9117561486721599,1.5
15,0.79,0.03842095402885149,MERS-CoV,0.7845180037839311,0.9995155591375683,0.004104632785827622,0.09941154217436425,0.1808370783512657,0.09908715653064101,0.9005884578256358,1.5
15,0.8,0.03616848505149918,MERS-CoV,0.7845180037839311,0.9994371441728787,0.004146809133353857,0.1122145562767593,0.20177434283509554,0.1118571691806137,0.8877854437232406,1.5
15,0.81,0.033967738985346725,MERS-CoV,0.7845180037839311,0.9993491090440993,0.004194169404177939,0.1269004721648492,0.22520385518649896,0.12650745592762228,0.8730995278351508,1.5
15,0.8200000000000001,0.031816911307279976,MERS-CoV,0.7845180037839311,0.9992508792883139,0.004247268884964517,0.1437499767116063,0.251342402541048,0.1433188641782052,0.8562500232883937,1.5
15,0.8300000000000001,0.029714281451818023,MERS-CoV,0.7845180037839311,0.9991419540382447,0.004306694266974054,0.16307883372905602,0.2803923425037732,0.1626074784378624,0.8369211662709439,1.5
15,0.8400000000000001,0.02765820795106864,MERS-CoV,0.7845180037839311,0.9990219263795007,0.004373058696363952,0.18523874899997503,0.3125284419442288,0.18472553496003494,0.8147612510000249,1.5
15,0.8500000000000001,0.025647123909930108,MERS-CoV,0.7845180037839311,0.9988905045299562,0.004446995229157813,0.2106164203415709,0.3478818319285469,0.21006052965241154,0.7893835796584291,1.5
15,0.86,0.02367953278978111,MERS-CoV,0.7845180037839311,0.9987475339808384,0.0045291486500863565,0.23962976190878496,0.3865213526914432,0.23903150724785865,0.7603702380912151,1.5
15,0.87,0.021754004476320036,MERS-CoV,0.7845180037839311,0.9985930211066572,0.004620165694385725,0.2727198842884769,0.42843295621677635,0.2720811102729296,0.7272801157115232,1.5
15,0.88,0.019869171609390748,MERS-CoV,0.7845180037839311,0.9984271593119665,0.004720683805573889,0.31033686012575556,0.47349827025084623,0.30966141168183237,0.6896631398742444,1.5
15,0.89,0.018023726154588825,MERS-CoV,0.7845180037839311,0.9982503596348298,0.004831318665026507,0.35291656202228683,0.5214738154302417,0.3522108076737852,0.6470834379777132,1.5
15,0.9,0.016216416198209734,MERS-CoV,0.7845180037839311,0.9980632890450204,0.00495265083349683,0.4008448637851275,0.5719725663715721,0.40011824507815863,0.5991551362148725,1.5
15,0.91,0.01444604294869299,MERS-CoV,0.7845180037839311,0.9978669217825453,0.005085211941499468,0.45440416769195235,0.6244493763543869,0.45366971981911136,0.5455958323080476,1.5
15,0.9199999999999999,0.012711457929156036,MERS-CoV,0.7845180037839311,0.9976626125930524,0.005229470944765224,0.5136954552098801,0.6781910400185737,0.5129702041183262,0.48630454479011986,1.5
15,0.9299999999999999,0.011011560346915757,MERS-CoV,0.7845180037839311,0.9974522068355322,0.005385821013135783,0.5785267217138697,0.7323102420131581,0.5778318038219112,0.42147327828613035,1.5
15,0.94,0.009345294627073784,MERS-CoV,0.7845180037839311,0.9972382136257091,0.005554567638150876,0.6482555729213844,0.7857401040323289,0.6476158371270593,0.35174442707861564,1.5
15,0.95,0.007711648098312598,MERS-CoV,0.7845180037839311,0.9970240897170685,0.005735918521106442,0.7215697073320432,0.8372221310881214,0.7210124345059786,0.2784302926679568,1.5
15,0.96,0.006109648820020497,MERS-CoV,0.7845180037839311,0.9968147257292651,0.005929975738132032,0.79618369603785,0.8852742121366636,0.795735894060572,0.20381630396215,1.5
15,0.97,0.0045383635407449645,MERS-CoV,0.7845180037839311,0.9966173219577874,0.006136730575164062,0.8684235282475493,0.9281147176501978,0.8681070112190401,0.13157647175245069,1.5
15,0.98,0.0029968957787769542,MERS-CoV,0.7845180037839311,0.9964430663655075,0.00635606129097066,0.9326613434424997,0.9634978015864993,0.9324844556075886,0.06733865655750026,1.5
15,0.99,0.0014843840163996547,MERS-CoV,0.7845180037839311,0.9963106129008348,0.0065877339119641,0.9805510136203093,0.9883679952650809,0.9804953766649828,0.019448986379690725,1.5
0,0.5,0.05329777887400593,Ebola,0.5141431350536986,0.16268599324982488,0.998323901451258,0.44217981558646047,0.2378592456138589,0.008100683553768313,0.5578201844135395,1.5
0,0.51,0.0516434669872848,Ebola,0.5141431350536986,0.15614610047538177,0.9983563772092665,0.4532921076932109,0.23227882349306672,0.008652068135346573,0.5467078923067892,1.5
0,0.52,0.05002921321825859,Ebola,0.5141431350536986,0.14967341502079937,0.9983891844262007,0.4645277093471538,0.22639961364878775,0.00924996039551475,0.5354722906528462,1.5
0,0.53,0.04845330473990096,Ebola,0.5141431350536986,0.14327352834517462,0.998422320654634,0.4758867605816172,0.22024014298289518,0.009899438969287633,0.5241132394183827,1.5
0,0.54,0.04691413254277776,Ebola,0.5141431350536986,0.13695227894327716,0.9984557825370823,0.487369186563323,0.21382036170234062,0.010606246600994462,0.512630813436677,1.5
0,0.55,0.04541018335678125,Ebola,0.5141431350536986,0.1307157450073788,0.9984895657211313,0.49897467792077693,0.20716162860133872,0.011376888980678112,0.5010253220792231,1.5
0,0.56,0.04394003233540781,Ebola,0.5141431350536986,0.12457023314305764,0.998523664766974,0.5107026692078572,0.20028668099828015,0.012218749647640994,0.48929733079214277,1.5
0,0.5700000000000001,0.04250233641840163,Ebola,0.5141431350536986,0.11852226250510808,0.9985580730469339,0.5225523153448023,0.1932195873362141,0.013140223714092368,0.4774476846551977,1.5
0,0.58,0.04109582829917789,Ebola,0.5141431350536986,0.11257854370082138,0.9985927826365801,0.5345224658628194,0.18598568042039218,0.014150873639364143,0.4654775341371806,1.5
0,0.59,0.03971931093254119,Ebola,0.5141431350536986,0.10674595180975202,0.9986277841970982,0.5466116367611362,0.17861146929962748,0.01526161084138285,0.4533883632388638,1.5
0,0.6,0.03837165252605615,Ebola,0.5141431350536986,0.10103149289807699,0.9986630668486643,0.558817979766247,0.17112452792030197,0.016484907577507316,0.44118202023375297,1.5
0,0.61,0.03705178196520426,Ebola,0.5141431350536986,0.09544226346854591,0.9986986180346947,0.5711392487621784,0.16355335891379882,0.01783504427221577,0.42886075123782164,1.5
0,0.62,0.035758684628324586,Ebola,0.5141431350536986,0.08998540239076111,0.998734423377008,0.5835727631377231,0.15592723124077576,0.019328398324830458,0.4164272368622769,1.5
0,0.63,0.03449139855243544,Ebola,0.5141431350536986,0.08466803500743102,0.9987704665221633,0.5961153677713321,0.14827599092727242,0.020983781405556665,0.4038846322286679,1.5
0,0.64,0.03324901091546335,Ebola,0.5141431350536986,0.0794972093155658,0.9988067289795255,0.6087633893466629,0.1406298448018388,0.02282283334883723,0.39123661065333715,1.5
0,0.65,0.032030654804276575,Ebola,0.5141431350536986,0.0744798243803636,0.9988431899519807,0.6215125886612687,0.1330191179854356,0.024870481980679295,0.3784874113387313,1.5
0,0.66,0.030835506241300412,Ebola,0.5141431350536986,0.0696225514537842,0.9988798261606797,0.6343581085572715,0.12547398689179975,0.027155479564374363,0.3656418914427285,1.5
0,0.67,0.029662781445454454,Ebola,0.5141431350536986,0.06493174863526609,0.9989166116657576,0.647294417065781,0.11802419064611629,0.029711027997506738,0.35270558293421905,1.5
0,0.6799999999999999,0.02851173430575306,Ebola,0.5141431350536986,0.06041337031929195,0.9989535176856499,0.6603152453159309,0.11069872508832264,0.03257550640400501,0.3396847546840691,1.5
0,0.69,0.027381654048199137,Ebola,0.5141431350536986,0.056072873108072484,0.9989905124184256,0.673413519714175,0.10352552483976045,0.03579331627217294,0.32658648028582504,1.5
0,0.7,0.02627186307861787,Ebola,0.5141431350536986,0.05191512030560184,0.9990275608694866,0.6865812878496286,0.09653114020507524,0.03941586068715707,0.3134187121503714,1.5
0,0.71,0.0251817149858596,Ebola,0.5141431350536986,0.04794428752372662,0.9990646246910212,0.6998096375259668,0.08974041686558881,0.04350267533143692,0.3001903624740332,1.5
0,0.72,0.02411059269137589,Ebola,0.5141431350536986,0.044163772288441046,0.9991016620397551,0.7130886082594159,0.0831761872940323,0.04812272953745157,0.2869113917405841,1.5
0,0.73,0.02305790673257182,Ebola,0.5141431350536986,0.04057611079916539,0.9991386274607668,0.7264070945147623,0.07685898347739367,0.05335591541958193,0.27359290548523774,1.5
0,0.74,0.0220230936685769,Ebola,0.5141431350536986,0.0371829051288993,0.9991754718063898,0.7397527398764315,0.07080678077392101,0.0592947414833102,0.26024726012356847,1.5
0,0.75,0.021005614598180844,Ebola,0.5141431350536986,0.03398476412626501,0.9992121422004416,0.7531118212688479,0.06503478246872488,0.06604624339403477,0.2468881787311521,1.5
0,0.76,0.020004953780663595,Ebola,0.5141431350536986,0.03098126106713968,0.9992485820591002,0.7664691222482682,0.05955525377654222,0.07373411778992567,0.23353087775173176,1.5
0,0.77,0.01902061735112701,Ebola,0.5141431350536986,0.028170910691814377,0.999284731180578,0.7798077942863538,0.054377412657714085,0.082501073762792,0.22019220571364617,1.5
0,0.78,0.018052132122717193,Ebola,0.5141431350536986,0.02555116765773115,0.9993205259161856,0.7931092048525854,0.04950738290150445,0.09251137901359172,0.2068907951474146,1.5
0,0.79,0.017099044468831887,Ebola,0.5141431350536986,0.023118447660744522,0.9993558994352405,0.8063527709769096,0.04494821257943948,0.10395355113114033,0.1936472290230904,1.5
0,0.8,0.01616091927903214,Ebola,0.5141431350536986,0.020868171571440407,0.9993907820954275,0.8195157768344734,0.040699958320059966,0.11704310544163693,0.1804842231655266,1.5
0,0.81,0.015237338982946436,Ebola,0.5141431350536986,0.018794831956438888,0.9994251019284345,0.8325731737390747,0.036759833085532566,0.132025214711262,0.1674268262609253,1.5
0,0.8200000000000001,0.014327902636958562,Ebola,0.5141431350536986,0.016892080379593086,0.9994587852478691,0.8454973607594413,0.03312241244470367,0.14917705632130707,0.15450263924055874,1.5
0,0.8300000000000001,0.013432225068931956,Ebola,0.5141431350536986,0.015152832983167039,0.9994917573824731,0.8582579439804184,0.029779891946888182,0.16880951091772106,0.14174205601958156,1.5
0,0.8400000000000001,0.012549936076630491,Ebola,0.5141431350536986,0.013569391112391716,0.9995239435324932,0.8708214722174482,0.026722386301225854,0.1912677217191947,0.1291785277825518,1.5
0,0.8500000000000001,0.011680679675871625,Ebola,0.5141431350536986,0.01213357323907085,0.9995552697408233,0.8831511467546531,0.023938259820612404,0.21692981075422393,0.11684885324534688,1.5
0,0.86,0.01082411339478034,Ebola,0.5141431350536986,0.010836854219811929,0.9995856639634277,0.8952065024115975,0.02141447711582038,0.24620275763060118,0.1047934975884025,1.5
0,0.87,0.009979907610817918,Ebola,0.5141431350536986,0.009670508037617319,0.9996150572159566,0.9069430569480622,0.019136963398560407,0.2795140521680793,0.09305694305193779,1.5
0,0.88,0.009147744927534203,Ebola,0.5141431350536986,0.008625750659355579,0.9996433847659033,0.9183119254863005,0.017090965014378907,0.31729720045818754,0.08168807451369953,1.5
0,0.89,0.008327319588242186,Ebola,0.5141431350536986,0.00769388053867612,0.9996705873327547,0.9292593962621184,0.015261403020426405,0.35996845037232017,0.0707406037378816,1.5
0,0.9,0.00751833692403969,Ebola,0.5141431350536986,0.006866415679535552,0.9996966122530738,0.9397264636050994,0.013633215853153077,0.40789114952775124,0.06027353639490063,1.5
0,0.91,0.006720512833809,Ebola,0.5141431350536986,0.0061352282089973,0.9997214145640302,0.9496483135891087,0.012191691669428916,0.4613228812954405,0.05035168641089127,1.5
0,0.9199999999999999,0.005933573294013734,Ebola,0.5141431350536986,0.0054926804316510185,0.9997449579581822,0.9589537572810733,0.010922797433868276,0.5203388455020704,0.04104624271892665,1.5
0,0.9299999999999999,0.005157253896281261,Ebola,0.5141431350536986,0.0049317710777992615,0.9997672155647321,0.9675646059421644,0.009813521679350888,0.5847227346006943,0.032435394057835576,1.5
0,0.94,0.004391299410917114,Ebola,0.5141431350536986,0.004446308458138552,0.9997881705181875,0.9753949818935569,0.008852264138537319,0.653813441607999,0.02460501810644311,1.5
0,0.95,0.0036354633746366444,Ebola,0.5141431350536986,0.004031141871076266,0.9998078162841714,0.9823505580404243,0.008029334824332584,0.7262921152451296,0.01764944195957574,1.5
0,0.96,0.002889507700932848,Ebola,0.5141431350536986,0.0036825115834712135,0.9998261567235226,0.9883277182431534,0.007337682941701464,0.7998890840348979,0.011672281756846647,1.5
0,0.97,0.0021532023116147343,Ebola,0.5141431350536986,0.003398639809341587,0.9998432058889538,0.9932126298233246,0.0067740995626159786,0.8709836637750688,0.006787370176675411,1.5
0,0.98,0.0014263247881617072,Ebola,0.5141431350536986,0.0031808300516277276,0.9998589875623487,0.9968802184815468,0.006341425978884394,0.9340614068537614,0.0031197815184531574,1.5
0,0.99,7.086600416374957e-4,Ebola,0.5141431350536986,0.0030357157320673946,0.9998735345540913,0.9991930347710888,0.006053041311185584,0.9809823934401042,8.069652289112161e-4,1.5
1,0.5,0.05329777887400593,Ebola,0.5141431350536986,0.3544999707221653,0.9939286462114759,0.3228846496443203,0.33795452510752433,0.008100683553768313,0.6771153503556797,1.5
1,0.51,0.0516434669872848,Ebola,0.5141431350536986,0.3425444627354105,0.9940180984558529,0.33323177782878216,0.3378239525184459,0.008652068135346573,0.6667682221712179,1.5
1,0.52,0.05002921321825859,Ebola,0.5141431350536986,0.33057140608278734,0.9941094210366572,0.34380697728875204,0.3370593088562874,0.00924996039551475,0.656193022711248,1.5
1,0.53,0.04845330473990096,Ebola,0.5141431350536986,0.3185930762102812,0.9942026383305712,0.35461446236718325,0.3356400692509946,0.009899438969287633,0.6453855376328168,1.5
1,0.54,0.04691413254277776,Ebola,0.5141431350536986,0.3066226493971941,0.9942977724459632,0.36565833729906555,0.33354841316512907,0.010606246600994462,0.6343416627009344,1.5
1,0.55,0.04541018335678125,Ebola,0.5141431350536986,0.2946742184415271,0.9943948428628279,0.3769425708426391,0.3307697461785692,0.011376888980678112,0.623057429157361,1.5
1,0.56,0.04394003233540781,Ebola,0.5141431350536986,0.282762799800377,0.9944938660325718,0.3884709677879447,0.3272932435671237,0.012218749647640994,0.6115290322120552,1.5
1,0.5700000000000001,0.04250233641840163,Ebola,0.5141431350536986,0.27090433028035177,0.9945948549342485,0.4002471370046129,0.32311240571519173,0.013140223714092368,0.5997528629953871,1.5
1,0.58,0.04109582829917789,Ebola,0.5141431350536986,0.2591156512204026,0.994697818583787,0.41227445565299703,0.3182256126934771,0.014150873639364143,0.587725544347003,1.5
1,0.59,0.03971931093254119,Ebola,0.5141431350536986,0.2474144779963169,0.9948027614927759,0.4245560291407981,0.31263666251538647,0.01526161084138285,0.5754439708592018,1.5
1,0.6,0.03837165252605615,Ebola,0.5141431350536986,0.23581935262056086,0.994909683073483,0.43709464636061113,0.3063552748040135,0.016484907577507316,0.5629053536393889,1.5
1,0.61,0.03705178196520426,Ebola,0.5141431350536986,0.2243495772336706,0.9950185769870603,0.4498927296918283,0.29939753904531075,0.01783504427221577,0.5501072703081717,1.5
1,0.62,0.035758684628324586,Ebola,0.5141431350536986,0.21302512640642546,0.9951294304323274,0.4629522791924684,0.2917862845067841,0.019328398324830458,0.5370477208075316,1.5
1,0.63,0.03449139855243544,Ebola,0.5141431350536986,0.20186653641842184,0.9952422233732073,0.4762748103419446,0.28355134753652866,0.020983781405556665,0.5237251896580555,1.5
1,0.64,0.03324901091546335,Ebola,0.5141431350536986,0.1908947700703601,0.9953569277038583,0.48986128462386974,0.2747297116193756,0.02282283334883723,0.5101387153761303,1.5
1,0.65,0.032030654804276575,Ebola,0.5141431350536986,0.18013105614267005,0.9954735063518647,0.503712032157758,0.265365496549366,0.024870481980679295,0.49628796784224205,1.5
1,0.66,0.030835506241300412,Ebola,0.5141431350536986,0.16959670334426702,0.9955919123216012,0.5178266654989256,0.25550977564280386,0.027155479564374363,0.48217333450107436,1.5
1,0.67,0.029662781445454454,Ebola,0.5141431350536986,0.15931288950476297,0.995712087682132,0.5322039836259147,0.24522020425485014,0.029711027997506738,0.4677960163740853,1.5
1,0.6799999999999999,0.02851173430575306,Ebola,0.5141431350536986,0.14930042784095243,0.9958339625068351,0.5468418650230928,0.23456044905243803,0.03257550640400501,0.45315813497690716,1.5
1,0.69,0.027381654048199137,Ebola,0.5141431350536986,0.13957951334717153,0.995957453775409,0.5617371486412521,0.22359941545968282,0.03579331627217294,0.4382628513587479,1.5
1,0.7,0.02627186307861787,Ebola,0.5141431350536986,0.1301694536736523,0.9960824642531069,0.5768855013795344,0.2124102801632337,0.03941586068715707,0.4231144986204656,1.5
1,0.71,0.0251817149858596,Ebola,0.5141431350536986,0.12108839020203879,0.9962088813669484,0.5922812705758836,0.2010693460740782,0.04350267533143692,0.40771872942411636,1.5
1,0.72,0.02411059269137589,Ebola,0.5141431350536986,0.11235301631831299,0.996336576104309,0.6079173198186308,0.18965474802166976,0.04812272953745157,0.39208268018136916,1.5
1,0.73,0.02305790673257182,Ebola,0.5141431350536986,0.10397830102086142,0.9964654019655943,0.6237848461962953,0.17824504787873408,0.05335591541958193,0.37621515380370474,1.5
1,0.74,0.0220230936685769,Ebola,0.5141431350536986,0.09597722687647864,0.99659519400954,0.6398731768836566,0.1669177668616316,0.0592947414833102,0.36012682311634336,1.5
1,0.75,0.021005614598180844,Ebola,0.5141431350536986,0.0883605518414949,0.9967257680368042,0.6561695427169086,0.15574790950642842,0.06604624339403477,0.34383045728309136,1.5
1,0.76,0.020004953780663595,Ebola,0.5141431350536986,0.08113660450306961,0.9968569199645676,0.6726588261355615,0.14480653748569727,0.07373411778992567,0.3273411738644385,1.5
1,0.77,0.01902061735112701,Ebola,0.5141431350536986,0.07431112179634489,0.9969884254513556,0.6893232805603838,0.13415945143563465,0.082501073762792,0.31067671943961617,1.5
1,0.78,0.018052132122717193,Ebola,0.5141431350536986,0.06788713718422501,0.9971200398365963,0.7061422179306543,0.12386603506301497,0.09251137901359172,0.29385778206934565,1.5
1,0.79,0.017099044468831887,Ebola,0.5141431350536986,0.06186492566396493,0.9972514984627678,0.7230916607354685,0.11397830813759001,0.10395355113114033,0.2769083392645315,1.5
1,0.8,0.01616091927903214,Ebola,0.5141431350536986,0.05624200985867608,0.9973825174484899,0.7401439544378186,0.1045402240836919,0.11704310544163693,0.25985604556218145,1.5
1,0.81,0.015237338982946436,Ebola,0.5141431350536986,0.051013228986944006,0.9975127949776255,0.7572673357000189,0.09558723465127295,0.132025214711262,0.24273266429998108,1.5
1,0.8200000000000001,0.014327902636958562,Ebola,0.5141431350536986,0.04617086985176662,0.9976420131614863,0.7744254512684462,0.08714612971113485,0.14917705632130707,0.2255745487315538,1.5
1,0.8300000000000001,0.013432225068931956,Ebola,0.5141431350536986,0.04170485635758029,0.9977698405177731,0.7915768217562086,0.07923514584422335,0.16880951091772106,0.20842317824379142,1.5
1,0.8400000000000001,0.012549936076630491,Ebola,0.5141431350536986,0.03760299167460901,0.9978959350904485,0.8086742438658485,0.07186432431953207,0.1912677217191947,0.19132575613415148,1.5
1,0.8500000000000001,0.011680679675871625,Ebola,0.5141431350536986,0.0338512452453717,0.9980199482092394,0.8256641238101616,0.06503608836248022,0.21692981075422393,0.17433587618983837,1.5
1,0.86,0.01082411339478034,Ebola,0.5141431350536986,0.030434075574286797,0.9981415288564208,0.8424857338065725,0.05874600213532494,0.24620275763060118,0.15751426619342745,1.5
1,0.87,0.009979907610817918,Ebola,0.5141431350536986,0.027334779340101298,0.9982603285731243,0.8590703825263422,0.052983670118816696,0.2795140521680793,0.14092961747365784,1.5
1,0.88,0.009147744927534203,Ebola,0.5141431350536986,0.02453585798992068,0.9983760067996158,0.8753404892594173,0.04773373586925902,0.31729720045818754,0.12465951074058268,1.5
1,0.89,0.008327319588242186,Ebola,0.5141431350536986,0.02201939479900435,0.998488236506451,0.8912085502927405,0.04297694353882858,0.35996845037232017,0.10879144970725951,1.5
1,0.9,0.00751833692403969,Ebola,0.5141431350536986,0.01976743869056008,0.9985967099393869,0.906575984575201,0.03869123425143185,0.40789114952775124,0.09342401542479895,1.5
1,0.91,0.006720512833809,Ebola,0.5141431350536986,0.017762396420096704,0.9987011442738976,0.9213318441350623,0.034852862989152786,0.4613228812954405,0.0786681558649377,1.5
1,0.9199999999999999,0.005933573294013734,Ebola,0.5141431350536986,0.01598744307848789,0.9988012869585156,0.9353513729010825,0.031437541665413744,0.5203388455020704,0.0646486270989175,1.5
1,0.9299999999999999,0.005157253896281261,Ebola,0.5141431350536986,0.014426974405813777,0.9988969205228259,0.94849439552952,0.028421644374308896,0.5847227346006943,0.051505604470480026,1.5
1,0.94,0.004391299410917114,Ebola,0.5141431350536986,0.013067147669827611,0.9989878666375777,0.9606035155239794,0.025783560014704606,0.653813441607999,0.03939648447602062,1.5
1,0.95,0.0036354633746366444,Ebola,0.5141431350536986,0.011896600731358127,0.9990739892414763,0.9715020993184826,0.0235053647817156,0.7262921152451296,0.028497900681517363,1.5
1,0.96,0.002889507700932848,Ebola,0.5141431350536986,0.010907523987323885,0.9991551965905701,0.9809920200352542,0.02157515658594614,0.7998890840348979,0.01900797996474579,1.5
1,0.97,0.0021532023116147343,Ebola,0.5141431350536986,0.010097442238877066,0.9992314421389746,0.9888511312817936,0.019990753169156095,0.8709836637750688,0.011148868718206417,1.5
1,0.98,0.0014263247881617072,Ebola,0.5141431350536986,0.009472488967512174,0.999302724219828,0.994830437564139,0.018766290718509875,0.9340614068537614,0.005169562435860975,1.5
1,0.99,7.086600416374957e-4,Ebola,0.5141431350536986,0.009054051645699968,0.9993690845578397,0.9986509236051307,0.017945405173962144,0.9809823934401042,0.001349076394869253,1.5
2,0.5,0.05329777887400593,Ebola,0.5141431350536986,0.524362808684059,0.9858886145505725,0.23281724039977963,0.3224614864953549,0.008100683553768313,0.7671827596002203,1.5
2,0.51,0.0516434669872848,Ebola,0.5141431350536986,0.5099284912348119,0.986046438120293,0.2418192098926619,0.3280635369212779,0.008652068135346573,0.7581807901073381,1.5
2,0.52,0.05002921321825859,Ebola,0.5141431350536986,0.495290110948863,0.9862090776632232,0.2511083296333619,0.33325758919666554,0.00924996039551475,0.7488916703666382,1.5
2,0.53,0.04845330473990096,Ebola,0.5141431350536986,0.4804609780648297,0.9863766599441249,0.2606935538706009,0.33799450579026435,0.009899438969287633,0.7393064461293991,1.5
2,0.54,0.04691413254277776,Ebola,0.5141431350536986,0.4654561271964328,0.9865493103739508,0.27058396794414474,0.34222311157293916,0.010606246600994462,0.7294160320558553,1.5
2,0.55,0.04541018335678125,Ebola,0.5141431350536986,0.450292405721709,0.9867271522313054,0.2807887682224702,0.34589059176672327,0.011376888980678112,0.7192112317775299,1.5
2,0.56,0.04394003233540781,Ebola,0.5141431350536986,0.43498855297376515,0.9869103057697007,0.2913172381136201,0.34894300835365677,0.012218749647640994,0.7086827618863799,1.5
2,0.5700000000000001,0.04250233641840163,Ebola,0.5141431350536986,0.4195652668014102,0.9870988871981452,0.30217871961115855,0.35132594798757694,0.013140223714092368,0.6978212803888415,1.5
2,0.58,0.04109582829917789,Ebola,0.5141431350536986,0.4040452536250847,0.9872930075218274,0.31338257976744865,0.3529853123346634,0.014150873639364143,0.6866174202325513,1.5
2,0.59,0.03971931093254119,Ebola,0.5141431350536986,0.3884532577030945,0.987492771229014,0.32493817140791836,0.35386825825139107,0.01526161084138285,0.6750618285920816,1.5
2,0.6,0.03837165252605615,Ebola,0.5141431350536986,0.3728160649764787,0.9876982748098323,0.33685478731131313,0.3539242900255517,0.016484907577507316,0.6631452126886869,1.5
2,0.61,0.03705178196520426,Ebola,0.5141431350536986,0.3571624766155187,0.9879096050924563,0.34914160698091296,0.35310649884356676,0.01783504427221577,0.650858393019087,1.5
2,0.62,0.035758684628324586,Ebola,0.5141431350536986,0.34152324729080835,0.9881268373824681,0.36180763501875235,0.35137293559598387,0.019328398324830458,0.6381923649812477,1.5
2,0.63,0.03449139855243544,Ebola,0.5141431350536986,0.3259309832852536,0.9883500333919597,0.37486162998737077,0.3486880921507837,0.020983781405556665,0.6251383700126292,1.5
2,0.64,0.03324901091546335,Ebola,0.5141431350536986,0.31041999590117714,0.9885792389464461,0.38831202249960267,0.34502445360551676,0.02282283334883723,0.6116879775003974,1.5
2,0.65,0.032030654804276575,Ebola,0.5141431350536986,0.2950261062481663,0.9888144814600721,0.4021668211141959,0.3403640703711743,0.024870481980679295,0.5978331788858041,1.5
2,0.66,0.030835506241300412,Ebola,0.5141431350536986,0.2797863984657173,0.989055767173137,0.41643350443115457,0.3347000851899189,0.027155479564374363,0.5835664955688454,1.5
2,0.67,0.029662781445454454,Ebola,0.5141431350536986,0.2647389197709443,0.989303078150887,0.4311188975728364,0.32803813765272827,0.029711027997506738,0.5688811024271636,1.5
2,0.6799999999999999,0.02851173430575306,Ebola,0.5141431350536986,0.24992232743727621,0.9895563690491037,0.44622903100176087,0.32039755908285494,0.03257550640400501,0.5537709689982391,1.5
2,0.69,0.027381654048199137,Ebola,0.5141431350536986,0.23537548489012064,0.9898155636605244,0.4617689793601814,0.31181226559978875,0.03579331627217294,0.5382310206398186,1.5
2,0.7,0.02627186307861787,Ebola,0.5141431350536986,0.2211370115011621,0.990080551266833,0.47774267771567563,0.30233125857468995,0.03941586068715707,0.5222573222843243,1.5
2,0.71,0.0251817149858596,Ebola,0.5141431350536986,0.20724479328699558,0.9903511828340825,0.494152712256417,0.292018651034255,0.04350267533143692,0.505847287743583,1.5
2,0.72,0.02411059269137589,Ebola,0.5141431350536986,0.19373546444146988,0.9906272671050899,0.5110000820943652,0.2809531567431645,0.04812272953745157,0.4889999179056348,1.5
2,0.73,0.02305790673257182,Ebola,0.5141431350536986,0.18064387228720924,0.9909085666606119,0.5282839283979311,0.269227005629267,0.05335591541958193,0.47171607160206885,1.5
2,0.74,0.0220230936685769,Ebola,0.5141431350536986,0.1680025406215328,0.9911947940417822,0.5460012265810278,0.25694428366247674,0.0592947414833102,0.4539987734189722,1.5
2,0.75,0.021005614598180844,Ebola,0.5141431350536986,0.15584114833912213,0.9914856080489491,0.5641464367148571,0.24421873475075503,0.06604624339403477,0.4358535632851429,1.5
2,0.76,0.020004953780663595,Ebola,0.5141431350536986,0.14418604142423397,0.9917806103559509,0.582711106693235,0.23117110305254432,0.07373411778992567,0.417288893306765,1.5
2,0.77,0.01902061735112701,Ebola,0.5141431350536986,0.13305979673056145,0.9920793426028467,0.6016834219615212,0.21792613197536778,0.082501073762792,0.39831657803847875,1.5
2,0.78,0.018052132122717193,Ebola,0.5141431350536986,0.12248085527084378,0.9923812841526035,0.6210476948016772,0.20460936655593429,0.09251137901359172,0.3789523051983228,1.5
2,0.79,0.017099044468831887,Ebola,0.5141431350536986,0.11246324096103771,0.992685850716146,0.6407837852380012,0.1913439249983968,0.10395355113114033,0.35921621476199883,1.5
2,0.8,0.01616091927903214,Ebola,0.5141431350536986,0.10301637794052565,0.9929923940630223,0.6608664445749111,0.1782474102463921,0.11704310544163693,0.33913355542508894,1.5
2,0.81,0.015237338982946436,Ebola,0.5141431350536986,0.09414501586121982,0.993300203038843,0.6812645713818096,0.1654291227078303,0.132025214711262,0.3187354286181904,1.5
2,0.8200000000000001,0.014327902636958562,Ebola,0.5141431350536986,0.08584926814794225,0.9936085061026326,0.7019403683813193,0.15298771173107437,0.14917705632130707,0.29805963161868065,1.5
2,0.8300000000000001,0.013432225068931956,Ebola,0.5141431350536986,0.07812476351316501,0.9939164755743608,0.7228483871528021,0.14100936905371078,0.16880951091772106,0.2771516128471979,1.5
2,0.8400000000000001,0.012549936076630491,Ebola,0.5141431350536986,0.07096290635790464,0.9942232337428234,0.7439344458075985,0.1295666264566349,0.1912677217191947,0.2560655541924015,1.5
2,0.8500000000000001,0.011680679675871625,Ebola,0.5141431350536986,0.06435123753866613,0.9945278609252444,0.7651344027959023,0.11871777715998787,0.21692981075422393,0.23486559720409772,1.5
2,0.86,0.01082411339478034,Ebola,0.5141431350536986,0.058273883764706144,0.9948294054924582,0.786372767733968,0.10850690091851141,0.24620275763060118,0.21362723226603197,1.5
2,0.87,0.009979907610817918,Ebola,0.5141431350536986,0.05271208203737822,0.9951268957791717,0.8075611275556807,0.09896444043875095,0.2795140521680793,0.19243887244431934,1.5
2,0.88,0.009147744927534203,Ebola,0.5141431350536986,0.047644765480569305,0.9954193536916235,0.8285963633498694,0.09010825470507344,0.31729720045818754,0.1714036366501306,1.5
2,0.89,0.008327319588242186,Ebola,0.5141431350536986,0.043049199120186225,0.9957058097113385,0.8493586298937804,0.08194506501169135,0.35996845037232017,0.15064137010621959,1.5
2,0.9,0.00751833692403969,Ebola,0.5141431350536986,0.03890165932375142,0.9959853188819704,0.8697090660754271,0.07447221313479528,0.40789114952775124,0.13029093392457292,1.5
2,0.91,0.006720512833809,Ebola,0.5141431350536986,0.035178159849645466,0.9962569772663634,0.8894872000469111,0.06767966934754498,0.4613228812954405,0.11051279995308894,1.5
2,0.9199999999999999,0.005933573294013734,Ebola,0.5141431350536986,0.03185524295261738,0.9965199382832962,0.9085080079908155,0.06155226353201418,0.5203388455020704,0.09149199200918445,1.5
2,0.9299999999999999,0.005157253896281261,Ebola,0.5141431350536986,0.028910880121872033,0.9967734282876073,0.9265585797255121,0.05607217216260381,0.5847227346006943,0.07344142027448786,1.5
2,0.94,0.004391299410917114,Ebola,0.5141431350536986,0.026325572920536697,0.9970167607511116,0.9433943379223666,0.05122179334073732,0.653813441607999,0.0566056620776334,1.5
2,0.95,0.0036354633746366444,Ebola,0.5141431350536986,0.02408382987277944,0.9972493484391927,0.9587347503440279,0.046987318077185,0.7262921152451296,0.041265249655972114,1.5
2,0.96,0.002889507700932848,Ebola,0.5141431350536986,0.02217636568555531,0.9974707130591638,0.9722584661065768,0.04336364454652064,0.7998890840348979,0.027741533893423154,1.5
2,0.97,0.0021532023116147343,Ebola,0.5141431350536986,0.020603734698230243,0.9976804919768046,0.9835977973687827,0.040361993921749245,0.8709836637750688,0.016402202631217278,1.5
2,0.98,0.0014263247881617072,Ebola,0.5141431350536986,0.019382963542484633,0.997878441747878,0.9923324568859617,0.03802322954749338,0.9340614068537614,0.007667543114038278,1.5
2,0.99,7.086600416374957e-4,Ebola,0.5141431350536986,0.01856094577670079,0.9980644383794979,0.997982449335676,0.036444087320385954,0.9809823934401042,0.002017550664323964,1.5
3,0.5,0.05329777887400593,Ebola,0.5141431350536986,0.6604564838631114,0.9733609169063888,0.1683843308577287,0.26835194676892166,0.008100683553768313,0.8316156691422714,1.5
3,0.51,0.0516434669872848,Ebola,0.5141431350536986,0.6459506266777799,0.9735868431129124,0.17589563204658923,0.2764991445644199,0.008652068135346573,0.8241043679534108,1.5
3,0.52,0.05002921321825859,Ebola,0.5141431350536986,0.6310499146118855,0.9738216002689055,0.18371278703094535,0.2845784136540184,0.00924996039551475,0.8162872129690546,1.5
3,0.53,0.04845330473990096,Ebola,0.5141431350536986,0.6157614839450525,0.9740655191312751,0.19184871862232555,0.2925496763074493,0.009899438969287633,0.8081512813776744,1.5
3,0.54,0.04691413254277776,Ebola,0.5141431350536986,0.6000947696737197,0.9743189361265924,0.20031679460461904,0.3003681258114223,0.010606246600994462,0.799683205395381,1.5
3,0.55,0.04541018335678125,Ebola,0.5141431350536986,0.5840617022146726,0.9745821922792745,0.20913082471084576,0.3079840046895562,0.011376888980678112,0.7908691752891542,1.5
3,0.56,0.04394003233540781,Ebola,0.5141431350536986,0.5676769013844852,0.9748556319119326,0.2183050538683697,0.315342447007454,0.012218749647640994,0.7816949461316303,1.5
3,0.5700000000000001,0.04250233641840163,Ebola,0.5141431350536986,0.5509578631173325,0.9751396010869441,0.2278541510240589,0.3223834092724675,0.013140223714092368,0.7721458489759411,1.5
3,0.58,0.04109582829917789,Ebola,0.5141431350536986,0.5339251335364315,0.9754344457554421,0.2377931927553965,0.32904171864377285,0.014150873639364143,0.7622068072446035,1.5
3,0.59,0.03971931093254119,Ebola,0.5141431350536986,0.5166024641318266,0.9757405095771183,0.24813764075276942,0.3352472711656284,0.01526161084138285,0.7518623592472305,1.5
3,0.6,0.03837165252605615,Ebola,0.5141431350536986,0.4990169409592213,0.976058131371635,0.25890331211976825,0.3409254160800278,0.016484907577507316,0.7410966878802318,1.5
3,0.61,0.03705178196520426,Ebola,0.5141431350536986,0.4811990800128504,0.976387642160218,0.27010634127987176,0.3459975643616998,0.01783504427221577,0.7298936587201282,1.5
3,0.62,0.035758684628324586,Ebola,0.5141431350536986,0.46318288030453886,0.976729361754367,0.2817631320964018,0.3503820596808523,0.019328398324830458,0.7182368679035982,1.5
3,0.63,0.03449139855243544,Ebola,0.5141431350536986,0.4450058257770452,0.9770835948478745,0.2938902986047752,0.3539953471210767,0.020983781405556665,0.7061097013952248,1.5
3,0.64,0.03324901091546335,Ebola,0.5141431350536986,0.42670882707858004,0.9774506265688352,0.30650459251805573,0.35675346814991055,0.02282283334883723,0.6934954074819443,1.5
3,0.65,0.032030654804276575,Ebola,0.5141431350536986,0.4083360945182996,0.9778307174504893,0.3196228153941805,0.3585738985534069,0.024870481980679295,0.6803771846058195,1.5
3,0.66,0.030835506241300412,Ebola,0.5141431350536986,0.38993493430071063,0.9782240977841021,0.3332617130410003,0.35937772847053334,0.027155479564374363,0.6667382869589997,1.5
3,0.67,0.029662781445454454,Ebola,0.5141431350536986,0.3715554614820009,0.9786309613242257,0.3474378493776289,0.35909215986300536,0.029711027997506738,0.6525621506223711,1.5
3,0.6799999999999999,0.02851173430575306,Ebola,0.5141431350536986,0.35325022506543174,0.9790514583273049,0.3621674565609206,0.35765326697177807,0.03257550640400501,0.6378325434390795,1.5
3,0.69,0.027381654048199137,Ebola,0.5141431350536986,0.3350737432859971,0.9794856879194133,0.37746625771653863,0.35500893075275186,0.03579331627217294,0.6225337422834614,1.5
3,0.7,0.02627186307861787,Ebola,0.5141431350536986,0.31708195041110765,0.9799336898086937,0.39334925807635285,0.3511218213770617,0.03941586068715707,0.6066507419236471,1.5
3,0.71,0.0251817149858596,Ebola,0.5141431350536986,0.2993315602318457,0.9803954353835793,0.4098304997076454,0.3459722673786403,0.04350267533143692,0.5901695002923546,1.5
3,0.72,0.02411059269137589,Ebola,0.5141431350536986,0.2818793556994662,0.9808708182697208,0.4269227743134269,0.33956082088722955,0.04812272953745157,0.573077225686573,1.5
3,0.73,0.02305790673257182,Ebola,0.5141431350536986,0.2647814186662536,0.9813596444571833,0.4446372877736223,0.33191031130102533,0.05335591541958193,0.5553627122263777,1.5
3,0.74,0.0220230936685769,Ebola,0.5141431350536986,0.24809231814464533,0.9818616221550204,0.4629832691687913,0.32306718036613224,0.0592947414833102,0.5370167308312087,1.5
3,0.75,0.021005614598180844,Ebola,0.5141431350536986,0.23186427957798372,0.9823763515823931,0.4819675159639511,0.31310191439183926,0.06604624339403477,0.5180324840360488,1.5
3,0.76,0.020004953780663595,Ebola,0.5141431350536986,0.21614636096697476,0.9829033149629466,0.5015938658095153,0.30210843626532835,0.07373411778992567,0.49840613419048474,1.5
3,0.77,0.01902061735112701,Ebola,0.5141431350536986,0.20098366396945289,0.9834418670502847,0.5218625840164114,0.29020238955777466,0.082501073762792,0.4781374159835886,1.5
3,0.78,0.018052132122717193,Ebola,0.5141431350536986,0.18641660898483672,0.983991226574168,0.5427696541561966,0.2775183337980713,0.09251137901359172,0.4572303458438034,1.5
3,0.79,0.017099044468831887,Ebola,0.5141431350536986,0.17248030253374108,0.9845504690554417,0.5643059573935854,0.2642059645966752,0.10395355113114033,0.43569404260641464,1.5
3,0.8,0.01616091927903214,Ebola,0.5141431350536986,0.1592040228588697,0.9851185214874102,0.5864563240431161,0.250425562809126,0.11704310544163693,0.4135436759568839,1.5
3,0.81,0.015237338982946436,Ebola,0.5141431350536986,0.1466108456725195,0.9856941594160802,0.6091984384123685,0.23634295084415577,0.132025214711262,0.39080156158763146,1.5
3,0.8200000000000001,0.014327902636958562,Ebola,0.5141431350536986,0.1347174265935222,0.9862760069642375,0.6325015752047558,0.2221242808851534,0.14917705632130707,0.3674984247952442,1.5
3,0.8300000000000001,0.013432225068931956,Ebola,0.5141431350536986,0.12353395045147042,0.986862540327276,0.6563251425506282,0.20793099257915662,0.16880951091772106,0.34367485744937176,1.5
3,0.8400000000000001,0.012549936076630491,Ebola,0.5141431350536986,0.1130642508280639,0.9874520952150967,0.6806170030542855,0.1939152554624453,0.1912677217191947,0.3193829969457145,1.5
3,0.8500000000000001,0.011680679675871625,Ebola,0.5141431350536986,0.10330609660010726,0.9880428786186889,0.7053115400139661,0.18021615850713454,0.21692981075422393,0.2946884599860339,1.5
3,0.86,0.01082411339478034,Ebola,0.5141431350536986,0.09425163655947182,0.9886329851392867,0.7303274311091851,0.16695683483921667,0.24620275763060118,0.2696725688908149,1.5
3,0.87,0.009979907610817918,Ebola,0.5141431350536986,0.08588798916951619,0.9892204179329962,0.7555650862589581,0.15424262585867776,0.2795140521680793,0.24443491374104187,1.5
3,0.88,0.009147744927534203,Ebola,0.5141431350536986,0.07819796298796106,0.9898031141000507,0.7809036999246108,0.14216030828491358,0.31729720045818754,0.21909630007538916,1.5
3,0.89,0.008327319588242186,Ebola,0.5141431350536986,0.07116089519338956,0.990378974096156,0.8061978607348136,0.1307783414372847,0.35996845037232017,0.1938021392651864,1.5
3,0.9,0.00751833692403969,Ebola,0.5141431350536986,0.06475360229584697,0.9909458944798323,0.8312736528003546,0.12014804952929901,0.40789114952775124,0.1687263471996454,1.5
3,0.91,0.006720512833809,Ebola,0.5141431350536986,0.058951450591643556,0.9915018030547819,0.8559241732921957,0.11030564219827727,0.4613228812954405,0.14407582670780428,1.5
3,0.9199999999999999,0.005933573294013734,Ebola,0.5141431350536986,0.053729578073690235,0.9920446952433878,0.879904379581664,0.10127500327610614,0.5203388455020704,0.12009562041833599,1.5
3,0.9299999999999999,0.005157253896281261,Ebola,0.5141431350536986,0.049064341863853334,0.9925726703600415,0.9029251662597196,0.09307125479179745,0.5847227346006943,0.09707483374028036,1.5
3,0.94,0.004391299410917114,Ebola,0.5141431350536986,0.04493514133478324,0.9930839663619486,0.924646557400456,0.08570525577310004,0.653813441607999,0.07535344259954402,1.5
3,0.95,0.0036354633746366444,Ebola,0.5141431350536986,0.04132691052309919,0.9935769916554528,0.9446698822098675,0.0791894821234514,0.7262921152451296,0.05533011779013253,1.5
3,0.96,0.002889507700932848,Ebola,0.5141431350536986,0.03823386081212993,0.9940503526344756,0.9625287823540037,0.07354629340632297,0.7998890840348979,0.03747121764599626,1.5
3,0.97,0.0021532023116147343,Ebola,0.5141431350536986,0.03566567291532142,0.9945028758211637,0.9776788763867178,0.0688207679124435,0.8709836637750688,0.0223211236132822,1.5
3,0.98,0.0014263247881617072,Ebola,0.5141431350536986,0.033658780178054334,0.9949336237538312,0.9894858803285088,0.06510298889460354,0.9340614068537614,0.010514119671491184,1.5
3,0.99,7.086600416374957e-4,Ebola,0.5141431350536986,0.03229910308775965,0.9953419041014073,0.9972119530438459,0.06257155079564669,0.9809823934401042,0.002788046956154089,1.5
4,0.5,0.05329777887400593,Ebola,0.5141431350536986,0.7636053220814419,0.9555908350981158,0.12313540703100131,0.21207292968182612,0.008100683553768313,0.8768645929689987,1.5
4,0.51,0.0516434669872848,Ebola,0.5141431350536986,0.7505004884861969,0.9558764762438012,0.12925973065910865,0.22053620723042197,0.008652068135346573,0.8707402693408913,1.5
4,0.52,0.05002921321825859,Ebola,0.5141431350536986,0.7368651178522243,0.9561754524434378,0.13568136619948978,0.22916570686453488,0.00924996039551475,0.8643186338005102,1.5
4,0.53,0.04845330473990096,Ebola,0.5141431350536986,0.7226955161192055,0.9564883942856934,0.1424158345809901,0.23794228336676657,0.009899438969287633,0.85758416541901,1.5
4,0.54,0.04691413254277776,Ebola,0.5141431350536986,0.7079903375607224,0.9568159540868245,0.14947941433926548,0.24684248227284242,0.010606246600994462,0.8505205856607345,1.5
4,0.55,0.04541018335678125,Ebola,0.5141431350536986,0.692750889369768,0.9571588050566741,0.15688916393764143,0.2558380044048063,0.011376888980678112,0.8431108360623586,1.5
4,0.56,0.04394003233540781,Ebola,0.5141431350536986,0.6769814469978936,0.9575176401127801,0.16466294172512072,0.26489514585877705,0.012218749647640994,0.8353370582748793,1.5
4,0.5700000000000001,0.04250233641840163,Ebola,0.5141431350536986,0.6606895756553042,0.9578931702830251,0.17281942280186616,0.27397422541881933,0.013140223714092368,0.8271805771981339,1.5
4,0.58,0.04109582829917789,Ebola,0.5141431350536986,0.6438864521257837,0.9582861226301802,0.18137811192602518,0.2830290165566589,0.014150873639364143,0.8186218880739748,1.5
4,0.59,0.03971931093254119,Ebola,0.5141431350536986,0.6265871796933101,0.9586972376243456,0.19035935143667337,0.29200620750533507,0.01526161084138285,0.8096406485633266,1.5
4,0.6,0.03837165252605615,Ebola,0.5141431350536986,0.6088110875554068,0.9591272658818529,0.19978432298222823,0.3008449203797945,0.016484907577507316,0.8002156770177717,1.5
4,0.61,0.03705178196520426,Ebola,0.5141431350536986,0.5905820046678842,0.9595769641819106,0.20967504162775485,0.3094763288534541,0.01783504427221577,0.7903249583722451,1.5
4,0.62,0.035758684628324586,Ebola,0.5141431350536986,0.5719284966028376,0.9600470906655265,0.22005434066325796,0.3178234231966825,0.019328398324830458,0.779945659336742,1.5
4,0.63,0.03449139855243544,Ebola,0.5141431350536986,0.5528840528030243,0.9605383991154808,0.2309458451426501,0.325800980991255,0.020983781405556665,0.76905415485735,1.5
4,0.64,0.03324901091546335,Ebola,0.5141431350536986,0.5334872106979941,0.9610516322119791,0.24237393184306288,0.3333158106652283,0.02282283334883723,0.7576260681569371,1.5
4,0.65,0.032030654804276575,Ebola,0.5141431350536986,0.5137816026441567,0.9615875136568537,0.25436367293890844,0.34026734184574003,0.024870481980679295,0.7456363270610915,1.5
4,0.66,0.030835506241300412,Ebola,0.5141431350536986,0.49381591170734784,0.9621467390607695,0.2669407602257591,0.34654863965314414,0.027155479564374363,0.7330592397742409,1.5
4,0.67,0.029662781445454454,Ebola,0.5141431350536986,0.47364372306860897,0.9627299654939763,0.2801314061955093,0.3520479172838155,0.029711027997506738,0.7198685938044906,1.5
4,0.6799999999999999,0.02851173430575306,Ebola,0.5141431350536986,0.453323259436448,0.9633377996130855,0.29396221764448044,0.35665061008359666,0.03257550640400501,0.7060377823555195,1.5
4,0.69,0.027381654048199137,Ebola,0.5141431350536986,0.4329169913979195,0.9639707842956782,0.30846003677639733,0.3602420523241015,0.03579331627217294,0.6915399632236027,1.5
4,0.7,0.02627186307861787,Ebola,0.5141431350536986,0.4124911171944586,0.9646293837429373,0.32365174392654794,0.36271076304644456,0.03941586068715707,0.6763482560734521,1.5
4,0.71,0.0251817149858596,Ebola,0.5141431350536986,0.39211491095694595,0.9653139670497218,0.339564015063298,0.36395229873559115,0.04350267533143692,0.6604359849367021,1.5
4,0.72,0.02411059269137589,Ebola,0.5141431350536986,0.3718599438814124,0.9660247902932384,0.3562230260971083,0.3638735692379825,0.04812272953745157,0.6437769739028917,1.5
4,0.73,0.02305790673257182,Ebola,0.5141431350536986,0.35179918897635365,0.966761977257241,0.37365409472016625,0.362397442907539,0.05335591541958193,0.6263459052798337,1.5
4,0.74,0.0220230936685769,Ebola,0.5141431350536986,0.33200602656415923,0.9675254989895252,0.3918812489827574,0.35946739431623775,0.0592947414833102,0.6081187510172426,1.5
4,0.75,0.021005614598180844,Ebola,0.5141431350536986,0.31255317427501983,0.9683151524866976,0.410926710051984,0.3550518829991039,0.06604624339403477,0.589073289948016,1.5
4,0.76,0.020004953780663595,Ebola,0.5141431350536986,0.29351157135935185,0.9691305389109857,0.43081027455507453,0.34914810689653736,0.07373411778992567,0.5691897254449254,1.5
4,0.77,0.01902061735112701,Ebola,0.5141431350536986,0.2749492522531729,0.9699710418669248,0.4515485795381205,0.3417847620931509,0.082501073762792,0.5484514204618796,1.5
4,0.78,0.018052132122717193,Ebola,0.5141431350536986,0.2569302479618061,0.9708358063969292,0.47315423031875525,0.3330234714927292,0.09251137901359172,0.5268457696812447,1.5
4,0.79,0.017099044468831887,Ebola,0.5141431350536986,0.2395135555540668,0.9717237194875605,0.49563476831663106,0.32295862416089,0.10395355113114033,0.5043652316833689,1.5
4,0.8,0.01616091927903214,Ebola,0.5141431350536986,0.2227522155874257,0.9726333930038444,0.5189914522376357,0.31171549113685054,0.11704310544163693,0.48100854776236435,1.5
4,0.81,0.015237338982946436,Ebola,0.5141431350536986,0.20669253450769606,0.9735631500757764,0.5432178216832986,0.29944664032583207,0.132025214711262,0.4567821783167014,1.5
4,0.8200000000000001,0.014327902636958562,Ebola,0.5141431350536986,0.19137348410211957,0.9745110160355934,0.5682980072600554,0.28632684231083844,0.14917705632130707,0.4317019927399446,1.5
4,0.8300000000000001,0.013432225068931956,Ebola,0.5141431350536986,0.17682630329305,0.9754747150313269,0.5942047454614926,0.27254681561492533,0.16880951091772106,0.4057952545385074,1.5
4,0.8400000000000001,0.012549936076630491,Ebola,0.5141431350536986,0.16307431953528842,0.9764516734062555,0.6208970498606703,0.25830627969363396,0.1912677217191947,0.3791029501393297,1.5
4,0.8500000000000001,0.011680679675871625,Ebola,0.5141431350536986,0.15013299862592147,0.9774390308212183,0.6483174823273335,0.24380684840268463,0.21692981075422393,0.35168251767266645,1.5
4,0.86,0.01082411339478034,Ebola,0.5141431350536986,0.13801022382401107,0.9784336598970637,0.6763889589004648,0.22924529785910716,0.24620275763060118,0.3236110410995352,1.5
4,0.87,0.009979907610817918,Ebola,0.5141431350536986,0.12670679892819647,0.979432194863469,0.7050110143952636,0.21480768455876187,0.2795140521680793,0.2949889856047364,1.5
4,0.88,0.009147744927534203,Ebola,0.5141431350536986,0.11621716665963563,0.98043106932187285,0.7340554375666812,0.2006646873039599,0.31729720045818754,0.26594456243331877,1.5
4,0.89,0.008327319588242186,Ebola,0.5141431350536986,0.10653033491586897,0.9814265627782135,0.7633611744121299,0.18696842238342293,0.35996845037232017,0.23663882558787008,1.5
4,0.9,0.00751833692403969,Ebola,0.5141431350536986,0.09763101135767469,0.9824148551001415,0.792728380650789,0.17385086119051693,0.40789114952775124,0.207271619349211,1.5
4,0.91,0.006720512833809,Ebola,0.5141431350536986,0.08950096478114844,0.9833920875380127,0.8219114851906034,0.16142388858424211,0.4613228812954405,0.17808851480939658,1.5
4,0.9199999999999999,0.005933573294013734,Ebola,0.5141431350536986,0.08212066588293798,0.9843544284615918,0.8506111040490606,0.14978100355051177,0.5203388455020704,0.1493888959509394,1.5
4,0.9299999999999999,0.005157253896281261,Ebola,0.5141431350536986,0.07547132204709028,0.9852981415510257,0.8784646182214887,0.1390007091882959,0.5847227346006943,0.12153538177851131,1.5
4,0.94,0.004391299410917114,Ebola,0.5141431350536986,0.06953753455677704,0.9862196538856411,0.9050351987978297,0.12915181034231668,0.653813441607999,0.09496480120217032,1.5
4,0.95,0.0036354633746366444,Ebola,0.5141431350536986,0.06431102354756403,0.9871156212342923,0.9297990275261381,0.12030122236296023,0.7262921152451296,0.07020097247386192,1.5
4,0.96,0.002889507700932848,Ebola,0.5141431350536986,0.05979630306055081,0.9879829878899546,0.9521304202046298,0.11252569548913041,0.7998890840348979,0.04786957979537021,1.5
4,0.97,0.0021532023116147343,Ebola,0.5141431350536986,0.056020130732968854,0.9888190386153303,0.9712845128189105,0.10593057420415627,0.8709836637750688,0.028715487181089516,1.5
4,0.98,0.0014263247881617072,Ebola,0.5141431350536986,0.05304875827123355,0.9896214406623632,0.9863771151377491,0.10068266046448594,0.9340614068537614,0.013622884862250939,1.5
4,0.99,7.086600416374957e-4,Ebola,0.5141431350536986,0.051022682672495136,0.9903882743652767,0.9963612722709464,0.09707428643011666,0.9809823934401042,0.0036387277290536035,1.5
5,0.5,0.05329777887400593,Ebola,0.5141431350536986,0.8388077845682331,0.9319494330041038,0.09145954768017256,0.16493534257899276,0.008100683553768313,0.9085404523198275,1.5
5,0.51,0.0516434669872848,Ebola,0.5141431350536986,0.8277843986559354,0.9322819182490109,0.09640112398569631,0.17269118481787646,0.008652068135346573,0.9035988760143037,1.5
5,0.52,0.05002921321825859,Ebola,0.5141431350536986,0.8161676618970366,0.9326321412106829,0.1016164892181928,0.18073114972538917,0.00924996039551475,0.8983835107818072,1.5
5,0.53,0.04845330473990096,Ebola,0.5141431350536986,0.8039420894542407,0.9330010967837628,0.10712239614454451,0.18905402272856384,0.009899438969287633,0.8928776038554554,1.5
5,0.54,0.04691413254277776,Ebola,0.5141431350536986,0.7910940502251317,0.9333898273517929,0.11293661546548882,0.1976558715053304,0.010606246600994462,0.8870633845345112,1.5
5,0.55,0.04541018335678125,Ebola,0.5141431350536986,0.7776121430250589,0.9337994230950866,0.11907798682720323,0.20652951435757932,0.011376888980678112,0.8809220131727967,1.5
5,0.56,0.04394003233540781,Ebola,0.5141431350536986,0.7634876007836028,0.9342310218623754,0.1255664698395336,0.2156639195846842,0.012218749647640994,0.8744335301604664,1.5
5,0.5700000000000001,0.04250233641840163,Ebola,0.5141431350536986,0.7487147194240852,0.9346858085111653,0.13242319446865683,0.22504353365938654,0.013140223714092368,0.8675768055313432,1.5
5,0.58,0.04109582829917789,Ebola,0.5141431350536986,0.7332913065657147,0.9351650136079797,0.13967051001750058,0.23464753860667764,0.014150873639364143,0.8603294899824994,1.5
5,0.59,0.03971931093254119,Ebola,0.5141431350536986,0.7172191434427092,0.9356699113648383,0.14733203172314718,0.24444904276228172,0.01526161084138285,0.8526679682768528,1.5
5,0.6,0.03837165252605615,Ebola,0.5141431350536986,0.7005044514996471,0.9362018166726065,0.15543268378137876,0.2544142143374684,0.016484907577507316,0.8445673162186212,1.5
5,0.61,0.03705178196520426,Ebola,0.5141431350536986,0.6831583530440953,0.9367620810755423,0.16399873734832293,0.26450137425230985,0.01783504427221577,0.8360012626516771,1.5
5,0.62,0.035758684628324586,Ebola,0.5141431350536986,0.665197313188846,0.9373520875149584,0.1730578417605273,0.2746600738108573,0.019328398324830458,0.8269421582394727,1.5
5,0.63,0.03449139855243544,Ebola,0.5141431350536986,0.646643548198231,0.9379732436540126,0.18263904684921684,0.2848301941930018,0.020983781405556665,0.8173609531507832,1.5
5,0.64,0.03324901091546335,Ebola,0.5141431350536986,0.6275253833988447,0.9386269735811736,0.19277281379193908,0.2949411184809069,0.02282283334883723,0.8072271862080609,1.5
5,0.65,0.032030654804276575,Ebola,0.5141431350536986,0.6078775421878313,0.9393147076780234,0.20349101143357376,0.30491104279418646,0.024870481980679295,0.7965089885664263,1.5
5,0.66,0.030835506241300412,Ebola,0.5141431350536986,0.5877413465620661,0.9400378704292772,0.21482689440497274,0.3146465104155823,0.027155479564374363,0.7851731055950273,1.5
5,0.67,0.029662781445454454,Ebola,0.5141431350536986,0.5671648092076098,0.940797865951096,0.22681505865521417,0.3240422702753536,0.029711027997506738,0.7731849413447858,1.5
5,0.6799999999999999,0.02851173430575306,Ebola,0.5141431350536986,0.5462025977443391,0.9415960610202172,0.23949136917364877,0.3329815767661348,0.03257550640400501,0.7605086308263512,1.5
5,0.69,0.027381654048199137,Ebola,0.5141431350536986,0.5249158534151083,0.9424337654038332,0.25289285368839126,0.34133705859571944,0.03579331627217294,0.7471071463116088,1.5
5,0.7,0.02627186307861787,Ebola,0.5141431350536986,0.5033718495030886,0.9433122093215741,0.26705755496273265,0.3489722863279608,0.03941586068715707,0.7329424450372674,1.5
5,0.71,0.0251817149858596,Ebola,0.5141431350536986,0.48164347915047245,0.9442325179197659,0.28202433293948265,0.3557441567435426,0.04350267533143692,0.7179756670605173,1.5
5,0.72,0.02411059269137589,Ebola,0.5141431350536986,0.4598085680368967,0.9451956827078762,0.2978326063699324,0.3615061822817979,0.04812272953745157,0.7021673936300676,1.5
5,0.73,0.02305790673257182,Ebola,0.5141431350536986,0.4379490144375759,0.9462025300011413,0.3145220216668585,0.36611272141721923,0.05335591541958193,0.6854779783331415,1.5
5,0.74,0.0220230936685769,Ebola,0.5141431350536986,0.4161497672617561,0.9472536865347747,0.33213203449068884,0.3694241087509439,0.0592947414833102,0.6678679655093112,1.5
5,0.75,0.021005614598180844,Ebola,0.5141431350536986,0.39449766137127357,0.9483495425659708,0.35070138695708086,0.37131254341932385,0.06604624339403477,0.6492986130429191,1.5
5,0.76,0.020004953780663595,Ebola,0.5141431350536986,0.3730801382660106,0.9494902129606517,0.37026746027491725,0.37166847796620656,0.07373411778992567,0.6297325397250828,1.5
5,0.77,0.01902061735112701,Ebola,0.5141431350536986,0.3519838884685471,0.9506754969709093,0.39086547900709667,0.37040713014688004,0.082501073762792,0.6091345209929033,1.5
5,0.78,0.018052132122717193,Ebola,0.5141431350536986,0.33129345897058327,0.9519048376416668,0.4125275388994469,0.3674746361664286,0.09251137901359172,0.5874724611005531,1.5
5,0.79,0.017099044468831887,Ebola,0.5141431350536986,0.3110898742700867,0.9531772820327783,0.4352814252365313,0.362853298186705,0.10395355113114033,0.5647185747634687,1.5
5,0.8,0.01616091927903214,Ebola,0.5141431350536986,0.2914493222873084,0.9544914436927707,0.4591491828295847,0.3565653735044779,0.11704310544163693,0.5408508171704153,1.5
5,0.81,0.015237338982946436,Ebola,0.5141431350536986,0.27244195644362856,0.9558454690551209,0.48414539187089634,0.34867492314883575,0.132025214711262,0.5158546081291037,1.5
5,0.8200000000000001,0.014327902636958562,Ebola,0.5141431350536986,0.25413086231821524,0.9572370096251823,0.5102750958254423,0.3392873871275059,0.14917705632130707,0.4897249041745577,1.5
5,0.8300000000000001,0.013432225068931956,Ebola,0.5141431350536986,0.23657123176803282,0.9586632019596328,0.5375313180676825,0.32854676956212964,0.16880951091772106,0.4624686819323175,1.5
5,0.8400000000000001,0.012549936076630491,Ebola,0.5141431350536986,0.21980977973607413,0.9601206574825032,0.5658920928678199,0.31663057102161485,0.1912677217191947,0.43410790713218006,1.5
5,0.8500000000000001,0.011680679675871625,Ebola,0.5141431350536986,0.20388443003265622,0.9616054641047262,0.5953169233033344,0.30374285801657663,0.21692981075422393,0.4046830766966656,1.5
5,0.86,0.01082411339478034,Ebola,0.5141431350536986,0.18882428730905873,0.9631132013939054,0.625742563385792,0.2901060691813704,0.24620275763060118,0.37425743661420796,1.5
5,0.87,0.009979907610817918,Ebola,0.5141431350536986,0.17464990469892216,0.9646389706617685,0.6570780037593416,0.27595229057312703,0.2795140521680793,0.34292199624065844,1.5
5,0.88,0.009147744927534203,Ebola,0.5141431350536986,0.16137385196364995,0.9661774407948677,0.689198519287775,0.26151477189760836,0.31729720045818754,0.310801480712225,1.5
5,0.89,0.008327319588242186,Ebola,0.5141431350536986,0.14900158972869743,0.9677229099618625,0.7219386121648268,0.24702040545428758,0.35996845037232017,0.2780613878351732,1.5
5,0.9,0.00751833692403969,Ebola,0.5141431350536986,0.13753266474679365,0.9692693825188803,0.7550836552269763,0.23268377439741833,0.40789114952775124,0.2449163447730237,1.5
5,0.91,0.006720512833809,Ebola,0.5141431350536986,0.1269622641274063,0.9708106595524274,0.7883600061805079,0.2187032361804163,0.4613228812954405,0.21163999381949206,1.5
5,0.9199999999999999,0.005933573294013734,Ebola,0.5141431350536986,0.11728321199003922,0.9723404406128152,0.8214233236075849,0.20525939075282346,0.5203388455020704,0.17857667639241515,1.5
5,0.9299999999999999,0.005157253896281261,Ebola,0.5141431350536986,0.10848857688306987,0.9738524333765646,0.8538447688729306,0.1925162507619577,0.5847227346006943,0.1461552311270694,1.5
5,0.94,0.004391299410917114,Ebola,0.5141431350536986,0.10057521668265043,0.9753404673129676,0.8850947232198598,0.1806255623080328,0.653813441607999,0.11490527678014018,1.5
5,0.95,0.0036354633746366444,Ebola,0.5141431350536986,0.09354889263140508,0.976798606990013,0.914523585023081,0.16973515408985265,0.7262921152451296,0.08547641497691905,1.5
5,0.96,0.002889507700932848,Ebola,0.5141431350536986,0.08743220178498128,0.9782212604931073,0.9413391367141645,0.16000320045728267,0.7998890840348979,0.05866086328583553,1.5
5,0.97,0.0021532023116147343,Ebola,0.5141431350536986,0.08227791177213516,0.9796032785756006,0.9645798823895531,0.15162253918924612,0.8709836637750688,0.035420117610446944,1.5
5,0.98,0.0014263247881617072,Ebola,0.5141431350536986,0.0781934034194959,0.9809400406110074,0.9830836532931049,0.1448644464908593,0.9340614068537614,0.016916346706895125,1.5
5,0.99,7.086600416374957e-4,Ebola,0.5141431350536986,0.07538997422712025,0.9822275241387503,0.995450656588647,0.1401646466989531,0.9809823934401042,0.004549343411353046,1.5
6,0.5,0.05329777887400593,Ebola,0.5141431350536986,0.8920240851128701,0.9019934008054259,0.06918896895149321,0.12841737108727574,0.008100683553768313,0.9308110310485068,1.5
6,0.51,0.0516434669872848,Ebola,0.5141431350536986,0.8832235107965098,0.9023582231034291,0.0731693442688188,0.13514296930495212,0.008652068135346573,0.9268306557311812,1.5
6,0.52,0.05002921321825859,Ebola,0.5141431350536986,0.8738315499666115,0.9027446151876204,0.07739380612768061,0.1421937485856142,0.00924996039551475,0.9226061938723193,1.5
6,0.53,0.04845330473990096,Ebola,0.5141431350536986,0.8638228846019669,0.9031539568486403,0.08187925807682603,0.14958024035061507,0.009899438969287633,0.9181207419231739,1.5
6,0.54,0.04691413254277776,Ebola,0.5141431350536986,0.8531731822733531,0.9035877090471769,0.08664380719864873,0.15731184590199881,0.010606246600994462,0.9133561928013513,1.5
6,0.55,0.04541018335678125,Ebola,0.5141431350536986,0.8418594878400345,0.9040474164559397,0.09170684273101587,0.16539644399072265,0.011376888980678112,0.9082931572689841,1.5
6,0.56,0.04394003233540781,Ebola,0.5141431350536986,0.8298606596402313,0.9045347095746668,0.09708911769650441,0.17383992364073925,0.012218749647640994,0.9029108823034956,1.5
6,0.5700000000000001,0.04250233641840163,Ebola,0.5141431350536986,0.8171578492281613,0.905051306287687,0.10281283313890287,0.18264563254270827,0.013140223714092368,0.8971871668610971,1.5
6,0.58,0.04109582829917789,Ebola,0.5141431350536986,0.8037350221298817,0.9055990127109763,0.10890172441255118,0.19181373139380709,0.014150873639364143,0.8910982755874488,1.5
6,0.59,0.03971931093254119,Ebola,0.5141431350536986,0.7895795151856997,0.906179723150629,0.11538114878077492,0.2013404452666207,0.01526161084138285,0.8846188512192251,1.5
6,0.6,0.03837165252605615,Ebola,0.5141431350536986,0.7746826238198001,0.9067954189672888,0.12227817334828543,0.21121720473050024,0.016484907577507316,0.8777218266517146,1.5
6,0.61,0.03705178196520426,Ebola,0.5141431350536986,0.7590402100512749,0.9074481661116256,0.12962166207071998,0.22142967239140876,0.01783504427221577,0.87037833792928,1.5
6,0.62,0.035758684628324586,Ebola,0.5141431350536986,0.7426533192870353,0.9081401110648675,0.13744236024260667,0.23195665521132341,0.019328398324830458,0.8625576397573933,1.5
6,0.63,0.03449139855243544,Ebola,0.5141431350536986,0.72552879100265,0.9088734748864498,0.14577297445126847,0.2427689099410704,0.020983781405556665,0.8542270255487315,1.5
6,0.64,0.03324901091546335,Ebola,0.5141431350536986,0.7076798454490216,0.9096505450391267,0.15464824548462622,0.2538278588258205,0.02282283334883723,0.8453517545153738,1.5
6,0.65,0.032030654804276575,Ebola,0.5141431350536986,0.6891266256911994,0.9104736646319346,0.16410501107904835,0.2650842459897519,0.024870481980679295,0.8358949889209517,1.5
6,0.66,0.030835506241300412,Ebola,0.5141431350536986,0.6698966718044284,0.9113452186952657,0.17418225466973553,0.2764767820422981,0.027155479564374363,0.8258177453302644,1.5
6,0.67,0.029662781445454454,Ebola,0.5141431350536986,0.6500253021738914,0.9122676170826747,0.18492113543746333,0.28793084568384647,0.029711027997506738,0.8150788645625366,1.5
6,0.6799999999999999,0.02851173430575306,Ebola,0.5141431350536986,0.629555875848282,0.9132432735842717,0.19636499390428652,0.29935733615834376,0.03257550640400501,0.8036350060957135,1.5
6,0.69,0.027381654048199137,Ebola,0.5141431350536986,0.6085399100722847,0.9142745808407691,0.20855932608443156,0.3106517982738982,0.03579331627217294,0.7914406739155684,1.5
6,0.7,0.02627186307861787,Ebola,0.5141431350536986,0.5870370287414011,0.9153638806703164,0.22155171770648155,0.32169397025697916,0.03941586068715707,0.7784482822935185,1.5
6,0.71,0.0251817149858596,Ebola,0.5141431350536986,0.5651147208077769,0.9165134294677603,0.23539172824317053,0.3323479303491114,0.04350267533143692,0.7646082717568294,1.5
6,0.72,0.02411059269137589,Ebola,0.5141431350536986,0.5428478927547327,0.9177253584140218,0.25013071236158657,0.3424630355539288,0.04812272953745157,0.7498692876384134,1.5
6,0.73,0.02305790673257182,Ebola,0.5141431350536986,0.520318206164425,0.9190016283482458,0.2658215638749116,0.35187584840872593,0.05335591541958193,0.7341784361250884,1.5
6,0.74,0.0220230936685769,Ebola,0.5141431350536986,0.4976131999845416,0.9203439793134085,0.28251836426098054,0.36041322704399686,0.0592947414833102,0.7174816357390195,1.5
6,0.75,0.021005614598180844,Ebola,0.5141431350536986,0.4748252070351913,0.9217538749924217,0.3002759142229028,0.36789670206423347,0.06604624339403477,0.6997240857770972,1.5
6,0.76,0.020004953780663595,Ebola,0.5141431350536986,0.45205008508368627,0.923232442509932,0.3191491224958599,0.3741481748443219,0.07373411778992567,0.6808508775041401,1.5
6,0.77,0.01902061735112701,Ebola,0.5141431350536986,0.42938579378721503,0.9247804083855895,0.3391922210259251,0.3789968442099531,0.082501073762792,0.6608077789740749,1.5
6,0.78,0.018052132122717193,Ebola,0.5141431350536986,0.4069308591800266,0.9263980317839959,0.3604577696117255,0.3822871082079085,0.09251137901359172,0.6395422303882745,1.5
6,0.79,0.017099044468831887,Ebola,0.5141431350536986,0.38478277633585867,0.9280850366057574,0.3829954059309843,0.38388701065429476,0.10395355113114033,0.6170045940690156,1.5
6,0.8,0.01616091927903214,Ebola,0.5141431350536986,0.36303640758734823,0.9298405443872287,0.40685028836235554,0.3836966345567179,0.11704310544163693,0.5931497116376445,1.5
6,0.81,0.015237338982946436,Ebola,0.5141431350536986,0.3417824376010641,0.9316630104000009,0.4320611689102539,0.3816557202524406,0.132025214711262,0.5679388310897461,1.5
6,0.8200000000000001,0.014327902636958562,Ebola,0.5141431350536986,0.3211059473062597,0.9335501657333124,0.4586580215539895,0.3777497406451826,0.14917705632130707,0.5413419784460105,1.5
6,0.8300000000000001,0.013432225068931956,Ebola,0.5141431350536986,0.30108516610960606,0.9354989684641273,0.4866591371250639,0.372013727140613,0.16880951091772106,0.5133408628749361,1.5
6,0.8400000000000001,0.012549936076630491,Ebola,0.5141431350536986,0.28179045634255584,0.9375055672258511,0.5160675789581566,0.36453331831998675,0.1912677217191947,0.4839324210418434,1.5
6,0.8500000000000001,0.011680679675871625,Ebola,0.5141431350536986,0.2632835762569009,0.9395652805304292,0.5468668735764192,0.3554427853277196,0.21692981075422393,0.45313312642358083,1.5
6,0.86,0.01082411339478034,Ebola,0.5141431350536986,0.24561725932429304,0.941672595035444,0.5790157869864687,0.3449201346983641,0.24620275763060118,0.4209842130135313,1.5
6,0.87,0.009979907610817918,Ebola,0.5141431350536986,0.22883513979098416,0.9438211855421605,0.6124420090941266,0.3331797445126256,0.2795140521680793,0.3875579909058734,1.5
6,0.88,0.009147744927534203,Ebola,0.5141431350536986,0.21297204962443866,0.9460039588423825,0.6470345355054589,0.32046329315857625,0.31729720045818754,0.35296546449454114,1.5
6,0.89,0.008327319588242186,Ebola,0.5141431350536986,0.19805471318489165,0.9482131226041302,0.6826344966005948,0.30702994412132006,0.35996845037232017,0.31736550339940517,1.5
6,0.9,0.00751833692403969,Ebola,0.5141431350536986,0.18410287753198748,0.9504402793289388,0.7190241371376374,0.29314683430307453,0.40789114952775124,0.28097586286236265,1.5
6,0.91,0.006720512833809,Ebola,0.5141431350536986,0.17113094517331362,0.9526765440876781,0.7559135944350517,0.27908089063266833,0.4613228812954405,0.24408640556494832,1.5
6,0.9199999999999999,0.005933573294013734,Ebola,0.5141431350536986,0.15915023438288006,0.9549126833365895,0.7929250578253562,0.26509291824656067,0.5203388455020704,0.20707494217464384,1.5
6,0.9299999999999999,0.005157253896281261,Ebola,0.5141431350536986,0.1481721028075455,0.9571392707426948,0.8295738147192255,0.25143484489703166,0.5847227346006943,0.17042618528077447,1.5
6,0.94,0.004391299410917114,Ebola,0.5141431350536986,0.1382123789220197,0.9593468547314702,0.8652455970781949,0.23835109229119342,0.653813441607999,0.13475440292180507,1.5
6,0.95,0.0036354633746366444,Ebola,0.5141431350536986,0.1292979511355826,0.9615261315308313,0.8991695337815352,0.22608547211555013,0.7262921152451296,0.10083046621846481,1.5
6,0.96,0.002889507700932848,Ebola,0.5141431350536986,0.12147718867903085,0.9636681169266127,0.930385886234443,0.21489614863741813,0.7998890840348979,0.06961411376555704,1.5
6,0.97,0.0021532023116147343,Ebola,0.5141431350536986,0.11483765359897583,0.9657643098352434,0.9577075929951797,0.20508392193752448,0.8709836637750688,0.04229240700482029,1.5
6,0.98,0.0014263247881617072,Ebola,0.5141431350536986,0.1095387425610796,0.9678068411642472,0.9796744699405141,0.19704555237631052,0.9340614068537614,0.020325530059485897,1.5
6,0.99,7.086600416374957e-4,Ebola,0.5141431350536986,0.1058776750761257,0.9697886022462412,0.9944987005160543,0.1913803542359808,0.9809823934401042,0.005501299483945732,1.5
7,0.5,0.05329777887400593,Ebola,0.5141431350536986,0.9287869306958942,0.8655289530593573,0.05339611599054178,0.1009865011399858,0.008100683553768313,0.9466038840094582,1.5
7,0.51,0.0516434669872848,Ebola,0.5141431350536986,0.9220400912551827,0.8659118654602053,0.056616320469823324,0.10668201151518539,0.008652068135346573,0.9433836795301767,1.5
7,0.52,0.05002921321825859,Ebola,0.5141431350536986,0.9147496421008251,0.8663193083007046,0.06005014030970206,0.11270179855922599,0.00924996039551475,0.939949859690298,1.5
7,0.53,0.04845330473990096,Ebola,0.5141431350536986,0.9068838978605054,0.8667530229250281,0.06371389835999758,0.11906292950097694,0.009899438969287633,0.9362861016400024,1.5
7,0.54,0.04691413254277776,Ebola,0.5141431350536986,0.8984111566912729,0.8672148698853351,0.06762523104702009,0.12578255398579663,0.010606246600994462,0.9323747689529799,1.5
7,0.55,0.04541018335678125,Ebola,0.5141431350536986,0.8893000514286019,0.8677068347449293,0.07180319057162626,0.13287767281939888,0.011376888980678112,0.9281968094283737,1.5
7,0.56,0.04394003233540781,Ebola,0.5141431350536986,0.8795199569777598,0.8682310335959195,0.07626835333665122,0.14036484464504473,0.012218749647640994,0.9237316466633487,1.5
7,0.5700000000000001,0.04250233641840163,Ebola,0.5141431350536986,0.86904145596651,0.8687897181342393,0.08104293454155435,0.14825981888225362,0.013140223714092368,0.9189570654584457,1.5
7,0.58,0.04109582829917789,Ebola,0.5141431350536986,0.8578368633005532,0.8693852801023664,0.08615090874772711,0.15657708186258712,0.014150873639364143,0.9138490912522729,1.5
7,0.59,0.03971931093254119,Ebola,0.5141431350536986,0.8458808084821163,0.8700202548731848,0.0916181360456208,0.16532930184563288,0.01526161084138285,0.9083818639543793,1.5
7,0.6,0.03837165252605615,Ebola,0.5141431350536986,0.8331508723388207,0.8706973239070323,0.09747249323613903,0.17452665766361053,0.016484907577507316,0.902527506763861,1.5
7,0.61,0.03705178196520426,Ebola,0.5141431350536986,0.8196282721545475,0.871419315768133,0.10374400916338851,0.18417603538110874,0.01783504427221577,0.8962559908366114,1.5
7,0.62,0.035758684628324586,Ebola,0.5141431350536986,0.8052985861141734,0.8721892053366962,0.11046500299153814,0.19428007792066684,0.019328398324830458,0.8895349970084618,1.5
7,0.63,0.03449139855243544,Ebola,0.5141431350536986,0.7901525045232123,0.8730101107995951,0.11767022379036517,0.20483607456817918,0.020983781405556665,0.8823297762096348,1.5
7,0.64,0.03324901091546335,Ebola,0.5141431350536986,0.7741865915401557,0.8738852879469254,0.12539698926418294,0.215834681244478,0.02282283334883723,0.874603010735817,1.5
7,0.65,0.032030654804276575,Ebola,0.5141431350536986,0.7574040373142465,0.8748181212455722,0.133685320805809,0.22725846916539694,0.024870481980679295,0.866314679194191,1.5
7,0.66,0.030835506241300412,Ebola,0.5141431350536986,0.7398153766625915,0.8758121111067105,0.1425780712552294,0.23908030989671863,0.027155479564374363,0.8574219287447706,1.5
7,0.67,0.029662781445454454,Ebola,0.5141431350536986,0.7214391470131132,0.876870856715287,0.1521210407607362,0.251261619806291,0.029711027997506738,0.8478789592392638,1.5
7,0.6799999999999999,0.02851173430575306,Ebola,0.5141431350536986,0.7023024556007192,0.8779980337504297,0.16236307494142152,0.26375050745633166,0.03257550640400501,0.8376369250585785,1.5
7,0.69,0.027381654048199137,Ebola,0.5141431350536986,0.6824414241872659,0.879197366302028,0.1733561380894935,0.27647989427466746,0.03579331627217294,0.8266438619105065,1.5
7,0.7,0.02627186307861787,Ebola,0.5141431350536986,0.6619014792489717,0.8804725922873249,0.185155352375686,0.28936571208161094,0.03941586068715707,0.814844647624314,1.5
7,0.71,0.0251817149858596,Ebola,0.5141431350536986,0.6407374569861553,0.8818274217004387,0.1978189918670781,0.30230531997175236,0.04350267533143692,0.8021810081329219,1.5
7,0.72,0.02411059269137589,Ebola,0.5141431350536986,0.6190134959463318,0.8832654870966477,0.21140841755763753,0.3151763254239065,0.04812272953745157,0.7885915824423625,1.5
7,0.73,0.02305790673257182,Ebola,0.5141431350536986,0.5968026956923318,0.884790285832212,0.22598793645610402,0.3278360360491293,0.05335591541958193,0.774012063543896,1.5
7,0.74,0.0220230936685769,Ebola,0.5141431350536986,0.5741865278172271,0.8864051137600204,0.24162456396404933,0.3401218022543516,0.0592947414833102,0.7583754360359507,1.5
7,0.75,0.021005614598180844,Ebola,0.5141431350536986,0.5512539955392258,0.8881129903314416,0.25838766417827413,0.3518525277615297,0.06604624339403477,0.7416123358217259,1.5
7,0.76,0.020004953780663595,Ebola,0.5141431350536986,0.5281005497172805,0.8899165753837279,0.2763484372094558,0.36283161263304853,0.07373411778992567,0.7236515627905442,1.5
7,0.77,0.01902061735112701,Ebola,0.5141431350536986,0.5048267818090793,0.8918180783052485,0.29557921593635134,0.37285153977133856,0.082501073762792,0.7044207840636487,1.5
7,0.78,0.018052132122717193,Ebola,0.5141431350536986,0.48153692725695063,0.8938191607676246,0.31615252658833287,0.38170021043651625,0.09251137901359172,0.6838474734116671,1.5
7,0.79,0.017099044468831887,Ebola,0.5141431350536986,0.45833722511701924,0.8959208347871954,0.33813985790164014,0.3891689729093438,0.10395355113114033,0.6618601420983599,1.5
7,0.8,0.01616091927903214,Ebola,0.5141431350536986,0.4353341904904035,0.898123358511459,0.36161007200808265,0.3950620774338386,0.11704310544163693,0.6383899279919174,1.5
7,0.81,0.015237338982946436,Ebola,0.5141431350536986,0.41263286459986437,0.9004261327911675,0.386627376308093,0.399207050853691,0.132025214711262,0.613372623691907,1.5
7,0.8200000000000001,0.014327902636958562,Ebola,0.5141431350536986,0.39033511251011976,0.9028276022551736,0.4132487588995448,0.4014652522001357,0.14917705632130707,0.5867512411004552,1.5
7,0.8300000000000001,0.013432225068931956,Ebola,0.5141431350536986,0.3685380401681088,0.9053251651998484,0.44152077013724067,0.40174169393591797,0.16880951091772106,0.5584792298627593,1.5
7,0.8400000000000001,0.012549936076630491,Ebola,0.5141431350536986,0.34733260071826233,0.907915097074148,0.4714755089396885,0.3999931431148063,0.1912677217191947,0.5285244910603115,1.5
7,0.8500000000000001,0.011680679675871625,Ebola,0.5141431350536986,0.32680245551153403,0.9105924926142618,0.5031256437685112,0.39623359169789757,0.21692981075422393,0.4968743562314888,1.5
7,0.86,0.01082411339478034,Ebola,0.5141431350536986,0.30702314902895833,0.9133512316866405,0.5364582638628764,0.3905364195972138,0.24620275763060118,0.46354173613712357,1.5
7,0.87,0.009979907610817918,Ebola,0.5141431350536986,0.2880616508793679,0.9161839735710641,0.5714273152212492,0.3830329469545004,0.2795140521680793,0.42857268477875077,1.5
7,0.88,0.009147744927534203,Ebola,0.5141431350536986,0.2699763146949392,0.9190821837100586,0.6079443266797055,0.37390752904428376,0.31729720045818754,0.39205567332029445,1.5
7,0.89,0.008327319588242186,Ebola,0.5141431350536986,0.25281730684253345,0.9220361958495744,0.6458670726852538,0.36338981207252163,0.35996845037232017,0.3541329273147462,1.5
7,0.9,0.00751833692403969,Ebola,0.5141431350536986,0.23662757294283765,0.9250353110181379,0.6849857491509193,0.351745165648819,0.40789114952775124,0.31501425084908075,1.5
7,0.91,0.006720512833809,Ebola,0.5141431350536986,0.2214444461901383,0.9280679330012163,0.7250061549011134,0.33926458765287304,0.4613228812954405,0.2749938450988866,1.5
7,0.9199999999999999,0.005933573294013734,Ebola,0.5141431350536986,0.20730207403332424,0.9311217379723548,0.765529271044267,0.32625553529638396,0.5203388455020704,0.23447072895573295,1.5
7,0.9299999999999999,0.005157253896281261,Ebola,0.5141431350536986,0.19423497833381737,0.9341838738898002,0.8060265110197137,0.3130352284292785,0.5847227346006943,0.19397348898028632,1.5
7,0.94,0.004391299410917114,Ebola,0.5141431350536986,0.18228332765967228,0.9372411833299851,0.8458097713376553,0.29992812875966035,0.653813441607999,0.15419022866234466,1.5
7,0.95,0.0036354633746366444,Ebola,0.5141431350536986,0.17150101451667968,0.940280441788113,0.8839952427416564,0.2872697651281325,0.7262921152451296,0.11600475725834358,1.5
7,0.96,0.002889507700932848,Ebola,0.5141431350536986,0.16196867966132358,0.9432886022968526,0.9194597384114134,0.27542031879954904,0.7998890840348979,0.08054026158858663,1.5
7,0.97,0.0021532023116147343,Ebola,0.5141431350536986,0.15381610221958808,0.9462530366249955,0.9507880536367279,0.2647944273466476,0.8709836637750688,0.049211946363272085,1.5
7,0.98,0.0014263247881617072,Ebola,0.5141431350536986,0.14726370851777856,0.949161763390631,0.9762095826999385,0.25592107006507697,0.9340614068537614,0.023790417300061484,1.5
7,0.99,7.086600416374957e-4,Ebola,0.5141431350536986,0.1427067130575979,0.9520036541618132,0.9935220746747515,0.24956640978964073,0.9809823934401042,0.00647792532524849,1.5
8,0.5,0.05329777887400593,Ebola,0.5141431350536986,0.9536788387983164,0.8226631519201476,0.042071716697206406,0.08058826722135623,0.008100683553768313,0.9579282833027936,1.5
8,0.51,0.0516434669872848,Ebola,0.5141431350536986,0.9486734843252723,0.823051266247524,0.044699546086612606,0.08537633464069837,0.008652068135346573,0.9553004539133874,1.5
8,0.52,0.05002921321825859,Ebola,0.5141431350536986,0.9431979764795486,0.8234658612595952,0.047512639055044444,0.09046804245604921,0.00924996039551475,0.9524873609449556,1.5
8,0.53,0.04845330473990096,Ebola,0.5141431350536986,0.9372179789479852,0.8239089810118365,0.050526313658612196,0.0958834587560141,0.009899438969287633,0.9494736863413878,1.5
8,0.54,0.04691413254277776,Ebola,0.5141431350536986,0.9306982148084255,0.8243828268554577,0.0537572472149344,0.1016435500558327,0.010606246600994462,0.9462427527850656,1.5
8,0.55,0.04541018335678125,Ebola,0.5141431350536986,0.9236027357646835,0.8248897672333129,0.057223596643473235,0.1077700886770505,0.011376888980678112,0.9427764033565268,1.5
8,0.56,0.04394003233540781,Ebola,0.5141431350536986,0.915895252493689,0.8254323474747355,0.06094512813249547,0.11428551609095082,0.012218749647640994,0.9390548718675046,1.5
8,0.5700000000000001,0.04250233641840163,Ebola,0.5141431350536986,0.9075395310247458,0.8260132994220108,0.06494335647387817,0.12121275147386013,0.013140223714092368,0.9350566435261218,1.5
8,0.58,0.04109582829917789,Ebola,0.5141431350536986,0.8984998591062593,0.8266355506791365,0.06924169431038614,0.1285749327648753,0.014150873639364143,0.9307583056896138,1.5
8,0.59,0.03971931093254119,Ebola,0.5141431350536986,0.888741585115074,0.8273022332247144,0.07386561140576814,0.1363950753817891,0.01526161084138285,0.9261343885942319,1.5
8,0.6,0.03837165252605615,Ebola,0.5141431350536986,0.8782317301684248,0.8280166910747896,0.07884280386638103,0.14469563150738574,0.016484907577507316,0.921157196133619,1.5
8,0.61,0.03705178196520426,Ebola,0.5141431350536986,0.8669396716622367,0.828782486617923,0.08420337300224441,0.15349793062760467,0.01783504427221577,0.9157966269977555,1.5
8,0.62,0.035758684628324586,Ebola,0.5141431350536986,0.8548378934582747,0.829603405173759,0.08998001320099815,0.16282147998244462,0.019328398324830458,0.9100199867990019,1.5
8,0.63,0.03449139855243544,Ebola,0.5141431350536986,0.8419027943847336,0.8304834572482019,0.09620820778250712,0.17268310208006704,0.020983781405556665,0.9037917922174928,1.5
8,0.64,0.03324901091546335,Ebola,0.5141431350536986,0.828115542652827,0.8314268778740075,0.10292643128330141,0.183095885860324,0.02282283334883723,0.8970735687166986,1.5
8,0.65,0.032030654804276575,Ebola,0.5141431350536986,0.8134629593332445,0.8324381223368111,0.11017635596242646,0.19406792908346104,0.024870481980679295,0.8898236440375735,1.5
8,0.66,0.030835506241300412,Ebola,0.5141431350536986,0.797938409353825,0.8335218574959893,0.11800305949167324,0.20560085287622973,0.027155479564374363,0.8819969405083268,1.5
8,0.67,0.029662781445454454,Ebola,0.5141431350536986,0.7815426738173885,0.8346829478211174,0.12645522975481105,0.21768807613311572,0.029711027997506738,0.873544770245189,1.5
8,0.6799999999999999,0.02851173430575306,Ebola,0.5141431350536986,0.7642847731125801,0.8359264351834372,0.1355853613852519,0.23031284891245402,0.03257550640400501,0.8644146386147481,1.5
8,0.69,0.027381654048199137,Ebola,0.5141431350536986,0.7461827066815622,0.8372575113746255,0.1454499370624267,0.24344606152635853,0.03579331627217294,0.8545500629375733,1.5
8,0.7,0.02627186307861787,Ebola,0.5141431350536986,0.7272640728437988,0.8386814822811558,0.1561095845949003,0.2570438711781922,0.03941586068715707,0.8438904154050997,1.5
8,0.71,0.0251817149858596,Ebola,0.5141431350536986,0.7075665311999146,0.8402037226325263,0.1676291983589908,0.2710452220110165,0.04350267533143692,0.8323708016410092,1.5
8,0.72,0.02411059269137589,Ebola,0.5141431350536986,0.6871380712743634,0.8418296202784825,0.18007801063413081,0.285369377915013,0.04812272953745157,0.8199219893658691,1.5
8,0.73,0.02305790673257182,Ebola,0.5141431350536986,0.6660370545469153,0.8435645090487307,0.19352959465765543,0.29991363976888424,0.05335591541958193,0.8064704053423446,1.5
8,0.74,0.0220230936685769,Ebola,0.5141431350536986,0.6443320030863944,0.84541358942435,0.2080617766639932,0.31455147728291194,0.0592947414833102,0.7919382233360068,1.5
8,0.75,0.021005614598180844,Ebola,0.5141431350536986,0.6221011166666314,0.8473818365193032,0.22375642859746206,0.3291313646634383,0.06604624339403477,0.776243571402538,1.5
8,0.76,0.020004953780663595,Ebola,0.5141431350536986,0.5994315113170774,0.8494738952480417,0.24069910637779604,0.3434766596284536,0.07373411778992567,0.759300893622204,1.5
8,0.77,0.01902061735112701,Ebola,0.5141431350536986,0.5764181852898669,0.8516939630530185,0.25897849029269066,0.3573868935964414,0.082501073762792,0.7410215097073094,1.5
8,0.78,0.018052132122717193,Ebola,0.5141431350536986,0.5531627327174801,0.8540456611901384,0.2786855739776009,0.3706408306169622,0.09251137901359172,0.7213144260223991,1.5
8,0.79,0.017099044468831887,Ebola,0.5141431350536986,0.5297718398935304,0.8565318963182798,0.29991253614083285,0.3830015863089685,0.10395355113114033,0.7000874638591672,1.5
8,0.8,0.01616091927903214,Ebola,0.5141431350536986,0.506355613112671,0.8591547149967534,0.3227512142454427,0.3942239614474231,0.11704310544163693,0.6772487857545573,1.5
8,0.81,0.015237338982946436,Ebola,0.5141431350536986,0.48302579932347806,0.8619151546325925,0.3472910812185052,0.4040639327818687,0.132025214711262,0.6527089187814947,1.5
8,0.8200000000000001,0.014327902636958562,Ebola,0.5141431350536986,0.4598939705740164,0.8648130953912637,0.3736166042618363,0.4122899667834328,0.14917705632130707,0.6263833957381637,1.5
8,0.8300000000000001,0.013432225068931956,Ebola,0.5141431350536986,0.43706974973022134,0.8678471185244729,0.401803838189636,0.4186955115219678,0.16880951091772106,0.598196161810364,1.5
8,0.8400000000000001,0.012549936076630491,Ebola,0.5141431350536986,0.41465915800125824,0.8710143773944372,0.43191607346084376,0.4231117299266288,0.1912677217191947,0.5680839265391562,1.5
8,0.8500000000000001,0.011680679675871625,Ebola,0.5141431350536986,0.3927631647365487,0.8743104880886429,0.46399832005580394,0.4254193304726535,0.21692981075422393,0.536001679944196,1.5
8,0.86,0.01082411339478034,Ebola,0.5141431350536986,0.3714765177524081,0.8777294468194103,0.49807036118520753,0.42555829444139526,0.24620275763060118,0.5019296388147925,1.5
8,0.87,0.009979907610817918,Ebola,0.5141431350536986,0.35088692989216713,0.881263581189031,0.5341180538526695,0.423534437791093,0.2795140521680793,0.4658819461473305,1.5
8,0.88,0.009147744927534203,Ebola,0.5141431350536986,0.33107469743879603,0.8849035417914947,0.5720824845251696,0.4194220878858317,0.31729720045818754,0.42791751547483037,1.5
8,0.89,0.008327319588242186,Ebola,0.5141431350536986,0.3121128326638517,0.8886383394657569,0.6118465052038528,0.4133626623339469,0.35996845037232017,0.38815349479614725,1.5
8,0.9,0.00751833692403969,Ebola,0.5141431350536986,0.2940678128690054,0.892455431809325,0.6532180751575389,0.4055595319555661,0.40789114952775124,0.34678192484246106,1.5
8,0.91,0.006720512833809,Ebola,0.5141431350536986,0.27700109270072776,0.8963408603584939,0.6959097130373745,0.3962701406860389,0.4613228812954405,0.3040902869626255,1.5
8,0.9199999999999999,0.005933573294013734,Ebola,0.5141431350536986,0.26097161455174495,0.9002794372590674,0.7395132189017987,0.38579687020937076,0.5203388455020704,0.26048678109820134,1.5
8,0.9299999999999999,0.005157253896281261,Ebola,0.5141431350536986,0.24603971973169336,0.904254977464202,0.7834686508966933,0.37447856235988,0.5847227346006943,0.21653134910330674,1.5
8,0.94,0.004391299410917114,Ebola,0.5141431350536986,0.23227318331267477,0.9082505697252005,0.8270263310257221,0.36268503098620436,0.653813441607999,0.1729736689742779,1.5
8,0.95,0.0036354633746366444,Ebola,0.5141431350536986,0.21975672226195234,0.9122488771315236,0.8692004015112668,0.35081754286712996,0.7262921152451296,0.13079959848873324,1.5
8,0.96,0.002889507700932848,Ebola,0.5141431350536986,0.20860760852737376,0.9162324559474955,0.9087121491888467,0.33931963875680676,0.7998890840348979,0.09128785081115331,1.5
8,0.97,0.0021532023116147343,Ebola,0.5141431350536986,0.19900280400023615,0.9201840801883057,0.9439209500326005,0.32870594411612425,0.8709836637750688,0.05607904996739954,1.5
8,0.98,0.0014263247881617072,Ebola,0.5141431350536986,0.19122956481105133,0.9240870589152448,0.9727402471202566,0.31962460232942713,0.9340614068537614,0.02725975287974336,1.5
8,0.99,7.086600416374957e-4,Ebola,0.5141431350536986,0.185788314093201,0.9279255336628142,0.9925354485838507,0.3129895085051803,0.9809823934401042,0.007464551416149323,1.5
9,0.5,0.05329777887400593,Ebola,0.5141431350536986,0.9702455241007795,0.773830779022761,0.033849104433157993,0.06541602979998687,0.008100683553768313,0.966150895566842,1.5
9,0.51,0.0516434669872848,Ebola,0.5141431350536986,0.9666326722135118,0.7742131004542039,0.03601847065703392,0.069449141484194,0.008652068135346573,0.9639815293429661,1.5
9,0.52,0.05002921321825859,Ebola,0.5141431350536986,0.962632311210402,0.7746228332388443,0.03834812866376026,0.07375798018756524,0.00924996039551475,0.9616518713362397,1.5
9,0.53,0.04845330473990096,Ebola,0.5141431350536986,0.9582106117969902,0.7750622422174507,0.04085219783336247,0.07836346043877133,0.009899438969287633,0.9591478021666375,1.5
9,0.54,0.04691413254277776,Ebola,0.5141431350536986,0.9533320941592844,0.775533783589756,0.04354615379278943,0.0832878961360546,0.010606246600994462,0.9564538462072105,1.5
9,0.55,0.04541018335678125,Ebola,0.5141431350536986,0.9479597949166434,0.7760401189938798,0.046446961269370694,0.08855501354051075,0.011376888980678112,0.9535530387306294,1.5
9,0.56,0.04394003233540781,Ebola,0.5141431350536986,0.9420554930581869,0.7765841299922274,0.04957321900683129,0.0941899376364566,0.012218749647640994,0.9504267809931687,1.5
9,0.5700000000000001,0.04250233641840163,Ebola,0.5141431350536986,0.9355800020728597,0.7771689328076097,0.05294531751266403,0.10021914317584835,0.013140223714092368,0.9470546824873359,1.5
9,0.58,0.04109582829917789,Ebola,0.5141431350536986,0.9284935350521533,0.7777978931036988,0.05658561036077914,0.10667035972006031,0.014150873639364143,0.9434143896392209,1.5
9,0.59,0.03971931093254119,Ebola,0.5141431350536986,0.9207561486972299,0.7784746405450276,0.06051859969411673,0.11357241765418623,0.01526161084138285,0.9394814003058832,1.5
9,0.6,0.03837165252605615,Ebola,0.5141431350536986,0.9123282708148768,0.7792030828026325,0.06477113644797629,0.12095501946896575,0.016484907577507316,0.9352288635520237,1.5
9,0.61,0.03705178196520426,Ebola,0.5141431350536986,0.9031713139605728,0.779987418591313,0.06937263563334947,0.12884841760424612,0.01783504427221577,0.9306273643666505,1.5
9,0.62,0.035758684628324586,Ebola,0.5141431350536986,0.8932483753173635,0.7808321492328159,0.07435530676451431,0.13728297689137228,0.019328398324830458,0.9256446932354857,1.5
9,0.63,0.03449139855243544,Ebola,0.5141431350536986,0.8825250196459314,0.7817420881358945,0.07975439916670365,0.14628859625470028,0.020983781405556665,0.9202456008332963,1.5
9,0.64,0.03324901091546335,Ebola,0.5141431350536986,0.8709701382020224,0.7827223674696272,0.08560846143320097,0.15589396106952588,0.02282283334883723,0.914391538566799,1.5
9,0.65,0.032030654804276575,Ebola,0.5141431350536986,0.8585568719413419,0.7837784411818844,0.09195961368636775,0.1661255948009419,0.024870481980679295,0.9080403863136323,1.5
9,0.66,0.030835506241300412,Ebola,0.5141431350536986,0.8452635822343758,0.7849160833828521,0.0988538304963803,0.17700667683117752,0.027155479564374363,0.9011461695036197,1.5
9,0.67,0.029662781445454454,Ebola,0.5141431350536986,0.8310748468869757,0.7861413809779083,0.10634123127874374,0.1885555935325674,0.029711027997506738,0.8936587687212563,1.5
9,0.6799999999999999,0.02851173430575306,Ebola,0.5141431350536986,0.8159824537854494,0.7874607193006176,0.1144763736702251,0.20078419276932533,0.03257550640400501,0.8855236263297749,1.5
9,0.69,0.027381654048199137,Ebola,0.5141431350536986,0.7999863593219184,0.7888807593730308,0.12331854370309837,0.21369571956285724,0.03579331627217294,0.8766814562969016,1.5
9,0.7,0.02627186307861787,Ebola,0.5141431350536986,0.783095574348075,0.7904084053173207,0.13293203447419477,0.22728242442313798,0.03941586068715707,0.8670679655258052,1.5
9,0.71,0.0251817149858596,Ebola,0.5141431350536986,0.7653289372494201,0.7920507603733157,0.14338640233362243,0.2415228578937853,0.04350267533143692,0.8566135976663776,1.5
9,0.72,0.02411059269137589,Ebola,0.5141431350536986,0.7467157323424729,0.7938150699570194,0.15475668627039868,0.25637889731803504,0.04812272953745157,0.8452433137296014,1.5
9,0.73,0.02305790673257182,Ebola,0.5141431350536986,0.7272961126593249,0.7957086502448532,0.1671235719922833,0.2717925965394503,0.05335591541958193,0.8328764280077167,1.5
9,0.74,0.0220230936685769,Ebola,0.5141431350536986,0.7071212896921855,0.7977388009087205,0.18057347699408088,0.2876830071059427,0.0592947414833102,0.8194265230059191,1.5
9,0.75,0.021005614598180844,Ebola,0.5141431350536986,0.6862534590664251,0.7999127008811393,0.19519852644995914,0.3039431896054503,0.06604624339403477,0.8048014735500408,1.5
9,0.76,0.020004953780663595,Ebola,0.5141431350536986,0.6647654404217718,0.8022372864205042,0.21109638176710704,0.3204377120723306,0.07373411778992567,0.788903618232893,1.5
9,0.77,0.01902061735112701,Ebola,0.5141431350536986,0.6427400217763772,0.804719111294625,0.22836987375506912,0.33700101074125133,0.082501073762792,0.7716301262449309,1.5
9,0.78,0.018052132122717193,Ebola,0.5141431350536986,0.6202690128187154,0.8073641896209953,0.24712638017683985,0.3534370533013344,0.09251137901359172,0.7528736198231601,1.5
9,0.79,0.017099044468831887,Ebola,0.5141431350536986,0.5974520271476388,0.8101778228004579,0.26747687244293333,0.36952077733045335,0.10395355113114033,0.7325231275570667,1.5
9,0.8,0.01616091927903214,Ebola,0.5141431350536986,0.5743950294876716,0.8131644130490239,0.2895345377670448,0.38500175398990116,0.11704310544163693,0.7104654622329551,1.5
9,0.81,0.015237338982946436,Ebola,0.5141431350536986,0.5512086992681248,0.8163272672442001,0.3134128604664668,0.3996104265654756,0.132025214711262,0.6865871395335332,1.5
9,0.8200000000000001,0.014327902636958562,Ebola,0.5141431350536986,0.528006675624491,0.8196683961087659,0.3392230183466205,0.4130670789011781,0.14917705632130707,0.6607769816533795,1.5
9,0.8300000000000001,0.013432225068931956,Ebola,0.5141431350536986,0.5049037600049953,0.8231883150828605,0.3670704161451617,0.4250933992485005,0.16880951091772106,0.6329295838548383,1.5
9,0.8400000000000001,0.012549936076630491,Ebola,0.5141431350536986,0.4820141606517483,0.8268858544856553,0.39705013648052145,0.4354261432222034,0.1912677217191947,0.6029498635194785,1.5
9,0.8500000000000001,0.011680679675871625,Ebola,0.5141431350536986,0.45944986831925694,0.8307579876194782,0.42924103801979874,0.44383201625825075,0.21692981075422393,0.5707589619802013,1.5
9,0.86,0.01082411339478034,Ebola,0.5141431350536986,0.43731925545142736,0.8347996861859397,0.4636981686754699,0.4501225668878678,0.24620275763060118,0.53630183132453,1.5
9,0.87,0.009979907610817918,Ebola,0.5141431350536986,0.41572599334459903,0.8390038126261805,0.5004430861674004,0.4541676940684275,0.2795140521680793,0.4995569138325996,1.5
9,0.88,0.009147744927534203,Ebola,0.5141431350536986,0.39476838649726753,0.8433610586400232,0.5394515863524829,0.45590640004869804,0.31729720045818754,0.4605484136475171,1.5
9,0.89,0.008327319588242186,Ebola,0.5141431350536986,0.3745392351013048,0.847859938088529,0.5806382278318067,0.45535370370841965,0.35996845037232017,0.41936177216819326,1.5
9,0.9,0.00751833692403969,Ebola,0.5141431350536986,0.3551263630852539,0.8524868407006854,0.6238369052679724,0.4526031537400634,0.40789114952775124,0.3761630947320276,1.5
9,0.91,0.006720512833809,Ebola,0.5141431350536986,0.33661400307474865,0.8572261505169918,0.6687765584803801,0.4478250803636382,0.4613228812954405,0.3312234415196199,1.5
9,0.9199999999999999,0.005933573294013734,Ebola,0.5141431350536986,0.31908533381367643,0.8620604299201488,0.7150509035744466,0.4412615050355137,0.5203388455020704,0.28494909642555344,1.5
9,0.9299999999999999,0.005157253896281261,Ebola,0.5141431350536986,0.3026266628476679,0.8669706666166506,0.7620808286733163,0.4332194144180034,0.5847227346006943,0.23791917132668372,1.5
9,0.94,0.004391299410917114,Ebola,0.5141431350536986,0.28733412336590947,0.8719365773028741,0.8090678013005919,0.4240649021133412,0.653813441607999,0.19093219869940814,1.5
9,0.95,0.0036354633746366444,Ebola,0.5141431350536986,0.2733244911260782,0.8769369582808727,0.8549362763194105,0.4142216576391183,0.7262921152451296,0.1450637236805895,1.5
9,0.96,0.002889507700932848,Ebola,0.5141431350536986,0.26075323722949995,0.881950070299107,0.898262659570918,0.40417891939549566,0.7998890840348979,0.101737340429082,1.5
9,0.97,0.0021532023116147343,Ebola,0.5141431350536986,0.2498462157898122,0.8869540426700219,0.9371878573345933,0.3945174699541593,0.8709836637750688,0.06281214266540669,1.5
9,0.98,0.0014263247881617072,Ebola,0.5141431350536986,0.240959087822945,0.8919272804805347,0.9693098066412925,0.3859704366433631,0.9340614068537614,0.030690193358707485,1.5
9,0.99,7.086600416374957e-4,Ebola,0.5141431350536986,0.23469846285181079,0.8968488585858787,0.9915516136919115,0.37955657499757406,0.9809823934401042,0.008448386308088529,1.5
10,0.5,0.05329777887400593,Ebola,0.5141431350536986,0.9811061945006666,0.7197905422702037,0.027799883321885613,0.05406774393184863,0.008100683553768313,0.9722001166781143,1.5
10,0.51,0.0516434669872848,Ebola,0.5141431350536986,0.9785591136661569,0.720158148965385,0.029615037378762928,0.05749019591211705,0.008652068135346573,0.9703849626212371,1.5
10,0.52,0.05002921321825859,Ebola,0.5141431350536986,0.9757049868755822,0.7205531598843378,0.03156920797340021,0.0611595805965764,0.00924996039551475,0.9684307920265998,1.5
10,0.53,0.04845330473990096,Ebola,0.5141431350536986,0.9725127326434247,0.7209779684732267,0.03367527622869324,0.0650964523904418,0.009899438969287633,0.9663247237713067,1.5
10,0.54,0.04691413254277776,Ebola,0.5141431350536986,0.9689491778186461,0.721435186418322,0.03594744329042877,0.06932304256830146,0.010606246600994462,0.9640525567095712,1.5
10,0.55,0.04541018335678125,Ebola,0.5141431350536986,0.9649791218954232,0.7219276618201609,0.038401370621641284,0.07386334731123327,0.011376888980678112,0.9615986293783587,1.5
10,0.56,0.04394003233540781,Ebola,0.5141431350536986,0.9605654526005101,0.7224584982606693,0.04105433460871584,0.07874320377497966,0.012218749647640994,0.9589456653912841,1.5
10,0.5700000000000001,0.04250233641840163,Ebola,0.5141431350536986,0.9556693213304644,0.7230310746396442,0.04392539666513233,0.08399034781679064,0.013140223714092368,0.9560746033348677,1.5
10,0.58,0.04109582829917789,Ebola,0.5141431350536986,0.9502503871309537,0.7236490656030292,0.04703559003451449,0.08963444520951969,0.014150873639364143,0.9529644099654855,1.5
10,0.59,0.03971931093254119,Ebola,0.5141431350536986,0.9442671376770668,0.7243164623198375,0.050408124482170046,0.09570708598326022,0.01526161084138285,0.94959187551783,1.5
10,0.6,0.03837165252605615,Ebola,0.5141431350536986,0.9376772950291804,0.7250375932858656,0.05406861001314676,0.10224172890525077,0.016484907577507316,0.9459313899868532,1.5
10,0.61,0.03705178196520426,Ebola,0.5141431350536986,0.9304383127012402,0.7258171447390853,0.05804530065171179,0.10927357999475659,0.01783504427221577,0.9419546993482882,1.5
10,0.62,0.035758684628324586,Ebola,0.5141431350536986,0.9225079686896752,0.7266601801625628,0.06236935914523604,0.11683938534768053,0.019328398324830458,0.937630640854764,1.5
10,0.63,0.03449139855243544,Ebola,0.5141431350536986,0.9138450564877841,0.7275721582250491,0.06707514319345477,0.12497711442881447,0.020983781405556665,0.9329248568065452,1.5
10,0.64,0.03324901091546335,Ebola,0.5141431350536986,0.9044101726964171,0.7285589483667383,0.07220051342518959,0.13372550545185152,0.02282283334883723,0.9277994865748104,1.5
10,0.65,0.032030654804276575,Ebola,0.5141431350536986,0.8941665956234127,0.7296268430786598,0.07778716281526071,0.14312343967774147,0.024870481980679295,0.9222128371847393,1.5
10,0.66,0.030835506241300412,Ebola,0.5141431350536986,0.883081244287611,0.7307825657505542,0.08388096651241904,0.15320910673137575,0.027155479564374363,0.916119033487581,1.5
10,0.67,0.029662781445454454,Ebola,0.5141431350536986,0.8711257016300353,0.7320332727773182,0.09053235008221262,0.16401891887696032,0.029711027997506738,0.9094676499177874,1.5
10,0.6799999999999999,0.02851173430575306,Ebola,0.5141431350536986,0.8582772796969464,0.7333865484237168,0.0977966728913807,0.17558612938965476,0.03257550640400501,0.9022033271086193,1.5
10,0.69,0.027381654048199137,Ebola,0.5141431350536986,0.8445200984076279,0.7348503907592682,0.10573462169136096,0.1879391098558911,0.03579331627217294,0.8942653783086391,1.5
10,0.7,0.02627186307861787,Ebola,0.5141431350536986,0.8298461436633099,0.7364331868013663,0.11441260729701498,0.201099245001081,0.03941586068715707,0.885587392702985,1.5
10,0.71,0.0251817149858596,Ebola,0.5141431350536986,0.8142562654888964,0.7381436748598507,0.12390315447773743,0.21507841354068477,0.04350267533143692,0.8760968455222625,1.5
10,0.72,0.02411059269137589,Ebola,0.5141431350536986,0.797761073182222,0.7399908919794628,0.13428527162732926,0.22987604211435253,0.04812272953745157,0.8657147283726707,1.5
10,0.73,0.02305790673257182,Ebola,0.5141431350536986,0.7803816826505224,0.7419841043510956,0.14564478226548735,0.2454757494731401,0.05335591541958193,0.8543552177345126,1.5
10,0.74,0.0220230936685769,Ebola,0.5141431350536986,0.7621502717751556,0.7441327186355542,0.15807459471214483,0.2618416426421821,0.0592947414833102,0.8419254052878552,1.5
10,0.75,0.021005614598180844,Ebola,0.5141431350536986,0.7431104031914797,0.7464461723447713,0.17167487907627532,0.278914388067033,0.06604624339403477,0.8283251209237247,1.5
10,0.76,0.020004953780663595,Ebola,0.5141431350536986,0.7233170805529155,0.7489338017865699,0.18655311165613495,0.29660725946756733,0.07373411778992567,0.813446888343865,1.5
10,0.77,0.01902061735112701,Ebola,0.5141431350536986,0.7028365141792229,0.7516046866306184,0.20282393551970784,0.3148024579855984,0.082501073762792,0.7971760644802921,1.5
10,0.78,0.018052132122717193,Ebola,0.5141431350536986,0.6817455847004174,0.7544674709210262,0.22060877188347858,0.33334810228460354,0.09251137901359172,0.7793912281165214,1.5
10,0.79,0.017099044468831887,Ebola,0.5141431350536986,0.6601310083388845,0.7575301613617174,0.24003509927347016,0.35205638332776823,0.10395355113114033,0.7599649007265299,1.5
10,0.8,0.01616091927903214,Ebola,0.5141431350536986,0.6380882240005209,0.7607999049363268,0.261235295524682,0.3707034502013246,0.11704310544163693,0.7387647044753181,1.5
10,0.81,0.015237338982946436,Ebola,0.5141431350536986,0.6157200393645257,0.7642827493761154,0.2843449104608004,0.3890316126541832,0.132025214711262,0.7156550895391995,1.5
10,0.8200000000000001,0.014327902636958562,Ebola,0.5141431350536986,0.5931350895999407,0.7679833916122027,0.3095002033813917,0.4067543830631453,0.14917705632130707,0.6904997966186083,1.5
10,0.8300000000000001,0.013432225068931956,Ebola,0.5141431350536986,0.5704461772220248,0.7719049210658797,0.33683473778326056,0.42356470933354695,0.16880951091772106,0.6631652622167394,1.5
10,0.8400000000000001,0.012549936076630491,Ebola,0.5141431350536986,0.5477685742427345,0.7760485663333696,0.36647477424254116,0.43914645901522326,0.1912677217191947,0.6335252257574588,1.5
10,0.8500000000000001,0.011680679675871625,Ebola,0.5141431350536986,0.5252183779679118,0.7804134553677189,0.39853313886912506,0.4531888174430547,0.21692981075422393,0.6014668611308749,1.5
10,0.86,0.01082411339478034,Ebola,0.5141431350536986,0.5029110200689785,0.7849964004842792,0.43310116651364694,0.46540280685804003,0.24620275763060118,0.5668988334863531,1.5
10,0.87,0.009979907610817918,Ebola,0.5141431350536986,0.4809600364259294,0.7897917202387144,0.4702382216659157,0.475538701416472,0.2795140521680793,0.5297617783340842,1.5
10,0.88,0.009147744927534203,Ebola,0.5141431350536986,0.459476215616176,0.79479111027502,0.5099581817200852,0.4834028091082395,0.31729720045818754,0.4900418182799148,1.5
10,0.89,0.008327319588242186,Ebola,0.5141431350536986,0.43856726180762695,0.7999835744725504,0.5522121221132209,0.4888720178528096,0.35996845037232017,0.4477878778867791,1.5
10,0.9,0.00751833692403969,Ebola,0.5141431350536986,0.41833814158960303,0.8053554260470198,0.5968662648295785,0.491904728599523,0.40789114952775124,0.4031337351704215,1.5
10,0.91,0.006720512833809,Ebola,0.5141431350536986,0.39889234833093795,0.8108903656711955,0.6436740336831874,0.49254733566127057,0.4613228812954405,0.35632596631681257,1.5
10,0.9199999999999999,0.005933573294013734,Ebola,0.5141431350536986,0.38033443781371923,0.8165696402626739,0.6922407928756079,0.49093621641972796,0.5203388455020704,0.3077592071243921,1.5
10,0.9299999999999999,0.005157253896281261,Ebola,0.5141431350536986,0.36277441403824406,0.8223722820277395,0.7419795189295504,0.4872961791318513,0.5847227346006943,0.2580204810704496,1.5
10,0.94,0.004391299410917114,Ebola,0.5141431350536986,0.34633497212293235,0.8282754229353264,0.792055257309428,0.48193743826643026,0.653813441607999,0.20794474269057195,1.5
10,0.95,0.0036354633746366444,Ebola,0.5141431350536986,0.3311634439358699,0.8342546753783497,0.8413157282067688,0.47525452154722453,0.7262921152451296,0.1586842717932312,1.5
10,0.96,0.002889507700932848,Ebola,0.5141431350536986,0.31745201131594086,0.8402845657491473,0.8882048521333585,0.46773244580325757,0.7998890840348979,0.11179514786664146,1.5
10,0.97,0.0021532023116147343,Ebola,0.5141431350536986,0.30547349254554074,0.8463390043862218,0.9306552421824114,0.4599690941540067,0.8709836637750688,0.06934475781758864,1.5
10,0.98,0.0014263247881617072,Ebola,0.5141431350536986,0.2956487866395589,0.852391773153151,0.9659548283325248,0.45273074610118896,0.9340614068537614,0.03404517166747523,1.5
10,0.99,7.086600416374957e-4,Ebola,0.5141431350536986,0.2886847233054542,0.8584170109951994,0.9905817064327587,0.4470777926870248,0.9809823934401042,0.009418293567241331,1.5
11,0.5,0.05329777887400593,Ebola,0.5141431350536986,0.9881305773621486,0.6615898459795271,0.02329110912942101,0.04550951876717827,0.008100683553768313,0.976708890870579,1.5
11,0.51,0.0516434669872848,Ebola,0.5141431350536986,0.9863714976873358,0.6619358659141427,0.024832166395175215,0.04844472390288232,0.008652068135346573,0.9751678336048248,1.5
11,0.52,0.05002921321825859,Ebola,0.5141431350536986,0.9843770675802148,0.6623084821550183,0.02649448764274903,0.051600158136919864,0.00924996039551475,0.9735055123572509,1.5
11,0.53,0.04845330473990096,Ebola,0.5141431350536986,0.9821202455927678,0.6627101253341499,0.02828976962163056,0.05499540794370128,0.009899438969287633,0.9717102303783695,1.5
11,0.54,0.04691413254277776,Ebola,0.5141431350536986,0.9795717166305582,0.6631434621115568,0.030230972773090767,0.058651865766443434,0.010606246600994462,0.9697690272269093,1.5
11,0.55,0.04541018335678125,Ebola,0.5141431350536986,0.97669986793476,0.6636114168314766,0.03233246481349623,0.06259286860974302,0.011376888980678112,0.9676675351865037,1.5
11,0.56,0.04394003233540781,Ebola,0.5141431350536986,0.9734708052450349,0.6641171945798157,0.034610180356660594,0.06684383620501376,0.012218749647640994,0.9653898196433394,1.5
11,0.5700000000000001,0.04250233641840163,Ebola,0.5141431350536986,0.969848418087991,0.6646643055699186,0.03708179814276741,0.07143240452798044,0.013140223714092368,0.9629182018572326,1.5
11,0.58,0.04109582829917789,Ebola,0.5141431350536986,0.9657945037327645,0.6652565907293313,0.039766937521776964,0.0763885489501271,0.014150873639364143,0.960233062478223,1.5
11,0.59,0.03971931093254119,Ebola,0.5141431350536986,0.9612689596928004,0.6658982482923619,0.04268737589968793,0.08174468942196006,0.01526161084138285,0.957312624100312,1.5
11,0.6,0.03837165252605615,Ebola,0.5141431350536986,0.956230054628427,0.6665938611197862,0.04586728888654895,0.08753576774048612,0.016484907577507316,0.954132711113451,1.5
11,0.61,0.03705178196520426,Ebola,0.5141431350536986,0.9506347870046576,0.6673484243658956,0.04933351487267148,0.09379928406755914,0.01783504427221577,0.9506664851273285,1.5
11,0.62,0.035758684628324586,Ebola,0.5141431350536986,0.9444393397642021,0.6681673729922372,0.05311584568713738,0.100575276362441,0.019328398324830458,0.9468841543128627,1.5
11,0.63,0.03449139855243544,Ebola,0.5141431350536986,0.9375996374710951,0.6690566084850756,0.057247344838606225,0.10790622220563886,0.020983781405556665,0.9427526551613937,1.5
11,0.64,0.03324901091546335,Ebola,0.5141431350536986,0.9300720097652979,0.670022523968572,0.0617646945746164,0.11583683758463925,0.02282283334883723,0.9382353054253836,1.5
11,0.65,0.032030654804276575,Ebola,0.5141431350536986,0.9218139614723065,0.6710720267174872,0.06670857258633879,0.12441374160182314,0.024870481980679295,0.9332914274136612,1.5
11,0.66,0.030835506241300412,Ebola,0.5141431350536986,0.9127850453114223,0.672212556862662,0.0721240585856764,0.13368494985715657,0.027155479564374363,0.9278759414143236,1.5
11,0.67,0.029662781445454454,Ebola,0.5141431350536986,0.9029478278856301,0.6734521008521034,0.07806107013321621,0.1436991527019999,0.029711027997506738,0.9219389298667838,1.5
11,0.6799999999999999,0.02851173430575306,Ebola,0.5141431350536986,0.8922689336445065,0.6747991979850205,0.08457482592622437,0.15450472811644728,0.03257550640400501,0.9154251740737757,1.5
11,0.69,0.027381654048199137,Ebola,0.5141431350536986,0.8807201450199614,0.6762629380833837,0.09172633317417649,0.1661484333931274,0.03579331627217294,0.9082736668258236,1.5
11,0.7,0.02627186307861787,Ebola,0.5141431350536986,0.8682795302836971,0.677852948116989,0.09958289358043106,0.1786737162852113,0.03941586068715707,0.900417106419569,1.5
11,0.71,0.0251817149858596,Ebola,0.5141431350536986,0.854932564314875,0.6795793653694528,0.1082186196685591,0.19211858648651925,0.04350267533143692,0.8917813803314409,1.5
11,0.72,0.02411059269137589,Ebola,0.5141431350536986,0.8406732019395866,0.6814527945449116,0.11771494956058992,0.2065129945697995,0.04812272953745157,0.8822850504394101,1.5
11,0.73,0.02305790673257182,Ebola,0.5141431350536986,0.8255048594151856,0.6834842460946893,0.12816114360716419,0.22187568079522282,0.05335591541958193,0.8718388563928359,1.5
11,0.74,0.0220230936685769,Ebola,0.5141431350536986,0.8094412575995453,0.6856850530214742,0.13965474020619745,0.23821048408925927,0.0592947414833102,0.8603452597938026,1.5
11,0.75,0.021005614598180844,Ebola,0.5141431350536986,0.7925070809339583,0.6880667635320229,0.15230194037863912,0.2555021458672511,0.06604624339403477,0.8476980596213609,1.5
11,0.76,0.020004953780663595,Ebola,0.5141431350536986,0.7747384100207498,0.6906410071978164,0.1662178807640396,0.27371170780472187,0.07373411778992567,0.8337821192359605,1.5
11,0.77,0.01902061735112701,Ebola,0.5141431350536986,0.7561828925376084,0.6934193327870399,0.18152674211772402,0.29277168934701947,0.082501073762792,0.818473257882276,1.5
11,0.78,0.018052132122717193,Ebola,0.5141431350536986,0.7368996274874249,0.6964130166883415,0.1983616244694728,0.31258133890078327,0.09251137901359172,0.8016383755305272,1.5
11,0.79,0.017099044468831887,Ebola,0.5141431350536986,0.7169587510291424,0.6996328418865839,0.21686410001664083,0.33300237645044917,0.10395355113114033,0.7831358999833592,1.5
11,0.8,0.01616091927903214,Ebola,0.5141431350536986,0.6964407277742682,0.7030888487882785,0.23718332955418092,0.3538557717188859,0.11704310544163693,0.762816670445819,1.5
11,0.81,0.015237338982946436,Ebola,0.5141431350536986,0.6754353686260025,0.7067900608226827,0.2594745965318965,0.374920208980776,0.132025214711262,0.7405254034681035,1.5
11,0.8200000000000001,0.014327902636958562,Ebola,0.5141431350536986,0.6540406139993483,0.7107441896274002,0.28389707312449647,0.3959329464377231,0.14917705632130707,0.7161029268755035,1.5
11,0.8300000000000001,0.013432225068931956,Ebola,0.5141431350536986,0.6323611386112555,0.7149573266921826,0.3106105830905219,0.41659374818441747,0.16880951091772106,0.6893894169094781,1.5
11,0.8400000000000001,0.012549936076630491,Ebola,0.5141431350536986,0.6105068501813008,0.7194336304684248,0.339771064329331,0.4365724154986183,0.1912677217191947,0.660228935670669,1.5
11,0.8500000000000001,0.011680679675871625,Ebola,0.5141431350536986,0.5885913689655926,0.7241750200002601,0.3715243570268718,0.455520150303682,0.21692981075422393,0.6284756429731282,1.5
11,0.86,0.01082411339478034,Ebola,0.5141431350536986,0.5667305883734223,0.7291808879062012,0.4059978475559723,0.4730845537663306,0.24620275763060118,0.5940021524440278,1.5
11,0.87,0.009979907610817918,Ebola,0.5141431350536986,0.5450414303216129,0.7344478468241573,0.44328937950132175,0.4889275433861396,0.2795140521680793,0.5567106204986783,1.5
11,0.88,0.009147744927534203,Ebola,0.5141431350536986,0.5236409253016712,0.7399695240096102,0.4834526959610459,0.5027449518252677,0.31729720045818754,0.5165473040389541,1.5
11,0.89,0.008327319588242186,Ebola,0.5141431350536986,0.5026457715077457,0.7457364184512323,0.5264784950789314,0.5142861711324692,0.35996845037232017,0.4735215049210686,1.5
11,0.9,0.00751833692403969,Ebola,0.5141431350536986,0.4821725687222717,0.7517358334970575,0.572269955555751,0.5233720532313093,0.40789114952775124,0.427730044444249,1.5
11,0.91,0.006720512833809,Ebola,0.5141431350536986,0.46233899661191974,0.7579518955071092,0.6206113108563707,0.5299094681788882,0.4613228812954405,0.37938868914362933,1.5
11,0.9199999999999999,0.005933573294013734,Ebola,0.5141431350536986,0.4432663420045509,0.7643656655121147,0.6711277079712074,0.533901494066245,0.5203388455020704,0.32887229202879265,1.5
11,0.9299999999999999,0.005157253896281261,Ebola,0.5141431350536986,0.42508402952670826,0.7709553464310495,0.7232341642546477,0.5354531426875287,0.5847227346006943,0.2767658357453523,1.5
11,0.94,0.004391299410917114,Ebola,0.5141431350536986,0.40793728282868874,0.7776965833699399,0.7760709161724054,0.5347737643925716,0.653813441607999,0.22392908382759458,1.5
11,0.95,0.0036354633746366444,Ebola,0.5141431350536986,0.39199996911725105,0.784562849276335,0.8284218149545278,0.5321788419652339,0.7262921152451296,0.17157818504547218,1.5
11,0.96,0.002889507700932848,Ebola,0.5141431350536986,0.37749657687566246,0.7915259032032183,0.878611639629293,0.5280960382315321,0.7998890840348979,0.121388360370707,1.5
11,0.97,0.0021532023116147343,Ebola,0.5141431350536986,0.3647414058150255,0.7985563040959922,0.9243772354075508,0.5230839762369766,0.8709836637750688,0.07562276459244921,1.5
11,0.98,0.0014263247881617072,Ebola,0.5141431350536986,0.35421274073194153,0.8056239597597268,0.9627062056235154,0.5178797139448421,0.9340614068537614,0.03729379437648461,1.5
11,0.99,7.086600416374957e-4,Ebola,0.5141431350536986,0.346704806526614,0.8126986887913766,0.9896354407025604,0.5135089880172112,0.9809823934401042,0.010364559297439624,1.5
12,0.5,0.05329777887400593,Ebola,0.5141431350536986,0.9926181892598429,0.600501947764269,0.01988827981817602,0.03899524379056538,0.008100683553768313,0.980111720181824,1.5
12,0.51,0.0516434669872848,Ebola,0.5141431350536986,0.9914254109381961,0.6008214292390259,0.021216478528615672,0.041543918265063214,0.008652068135346573,0.9787835214713844,1.5
12,0.52,0.05002921321825859,Ebola,0.5141431350536986,0.9900573135475491,0.6011660620338998,0.022651321009004338,0.044289354827705164,0.00924996039551475,0.9773486789909956,1.5
12,0.53,0.04845330473990096,Ebola,0.5141431350536986,0.9884913924037334,0.6015382314765434,0.024203423489141607,0.047249922504293024,0.009899438969287633,0.9757965765108584,1.5
12,0.54,0.04691413254277776,Ebola,0.5141431350536986,0.9867028981621617,0.6019405669761901,0.025884599492464088,0.050445831883443766,0.010606246600994462,0.9741154005075359,1.5
12,0.55,0.04541018335678125,Ebola,0.5141431350536986,0.9846647467562012,0.6023759662438081,0.027708003568404024,0.0538993059780688,0.011376888980678112,0.972291996431596,1.5
12,0.56,0.04394003233540781,Ebola,0.5141431350536986,0.982347457275278,0.6028476213860634,0.02968829229629738,0.05763475936588016,0.012218749647640994,0.9703117077037027,1.5
12,0.5700000000000001,0.04250233641840163,Ebola,0.5141431350536986,0.9797191262427758,0.6033590468622734,0.03184180445955337,0.061678983235241146,0.013140223714092368,0.9681581955404466,1.5
12,0.58,0.04109582829917789,Ebola,0.5141431350536986,0.9767454476992067,0.6039141092426421,0.03418676243347753,0.06606133278529285,0.014150873639364143,0.9658132375665225,1.5
12,0.59,0.03971931093254119,Ebola,0.5141431350536986,0.9733897892863137,0.6045170586404981,0.03674349696471834,0.07081391189645682,0.01526161084138285,0.9632565030352817,1.5
12,0.6,0.03837165252605615,Ebola,0.5141431350536986,0.9696133350661745,0.605172561608404,0.039534697635704656,0.07597174801551193,0.016484907577507316,0.9604653023642954,1.5
12,0.61,0.03705178196520426,Ebola,0.5141431350536986,0.9653753059828477,0.605885735185091,0.04258569139144432,0.08157294769261916,0.01783504427221577,0.9574143086085557,1.5
12,0.62,0.035758684628324586,Ebola,0.5141431350536986,0.9606332685566467,0.6066621816544122,0.04592475154236281,0.0876588200597763,0.019328398324830458,0.9540752484576371,1.5
12,0.63,0.03449139855243544,Ebola,0.5141431350536986,0.9553435414592919,0.6075080234262016,0.04958343962396316,0.094273951639806855,0.020983781405556665,0.9504165603760368,1.5
12,0.64,0.03324901091546335,Ebola,0.5141431350536986,0.9494617079216903,0.6084299372697825,0.05359698236382033,0.10146621111495827,0.02282283334883723,0.9464030176361796,1.5
12,0.65,0.032030654804276575,Ebola,0.5141431350536986,0.9429432393601266,0.6094351869222404,0.05800468574216193,0.10928665697806594,0.024870481980679295,0.9419953142578381,1.5
12,0.66,0.030835506241300412,Ebola,0.5141431350536986,0.9357442320896637,0.610531652854994,0.06285038768665935,0.11778931429765575,0.027155479564374363,0.9371496123133407,1.5
12,0.67,0.029662781445454454,Ebola,0.5141431350536986,0.9278222544962857,0.6117278577148313,0.06818295025412822,0.1270307791992832,0.029711027997506738,0.9318170497458718,1.5
12,0.6799999999999999,0.02851173430575306,Ebola,0.5141431350536986,0.9191372966066802,0.6130329856629648,0.07405679114352516,0.13706960129256202,0.03257550640400501,0.9259432088564749,1.5
12,0.69,0.027381654048199137,Ebola,0.5141431350536986,0.9096528077657613,0.6144568935244639,0.08053245295624593,0.1479653855774366,0.03579331627217294,0.9194675470437541,1.5
12,0.7,0.02627186307861787,Ebola,0.5141431350536986,0.899336801356906,0.6160101113413394,0.08767720664452583,0.159777547099376,0.03941586068715707,0.9123227933554742,1.5
12,0.71,0.0251817149858596,Ebola,0.5141431350536986,0.888162998547437,0.6177038296111977,0.09556568290579859,0.17256364501329738,0.04350267533143692,0.9044343170942014,1.5
12,0.72,0.02411059269137589,Ebola,0.5141431350536986,0.8761119763962706,0.6195498702111937,0.10428052168682814,0.18637721959993472,0.04812272953745157,0.8957194783131719,1.5
12,0.73,0.02305790673257182,Ebola,0.5141431350536986,0.8631722799020485,0.6215606377819008,0.11391302519941897,0.20126505875904263,0.05335591541958193,0.8860869748005811,1.5
12,0.74,0.0220230936685769,Ebola,0.5141431350536986,0.8493414533370356,0.6237490482124555,0.12456379359626202,0.21726383304611094,0.0592947414833102,0.875436206403738,1.5
12,0.75,0.021005614598180844,Ebola,0.5141431350536986,0.8346269441467064,0.626128430868214,0.13634331430472624,0.23439606472494146,0.06604624339403477,0.8636566856952738,1.5
12,0.76,0.020004953780663595,Ebola,0.5141431350536986,0.8190468333739382,0.6287124013818814,0.1493724654584359,0.2526654414559876,0.07373411778992567,0.8506275345415641,1.5
12,0.77,0.01902061735112701,Ebola,0.5141431350536986,0.8026303504252015,0.6315147022384218,0.16378288026334106,0.2720515539418986,0.082501073762792,0.8362171197366589,1.5
12,0.78,0.018052132122717193,Ebola,0.5141431350536986,0.7854181372561753,0.6345490090721004,0.17971710168900146,0.29250423266261477,0.09251137901359172,0.8202828983109985,1.5
12,0.79,0.017099044468831887,Ebola,0.5141431350536986,0.7674622376702582,0.637828701603669,0.19732843459137447,0.31393778219778895,0.10395355113114033,0.8026715654086255,1.5
12,0.8,0.01616091927903214,Ebola,0.5141431350536986,0.7488258010584685,0.6413665995067491,0.21678037401001804,0.33622555740241133,0.11704310544163693,0.783219625989982,1.5
12,0.81,0.015237338982946436,Ebola,0.5141431350536986,0.7295825059553864,0.6451746652129542,0.23824545239570605,0.35919548033614157,0.132025214711262,0.761754547604294,1.5
12,0.8200000000000001,0.014327902636958562,Ebola,0.5141431350536986,0.7098157264336815,0.6492636777224965,0.26190330299510317,0.38262723614691585,0.14917705632130707,0.7380966970048968,1.5
12,0.8300000000000001,0.013432225068931956,Ebola,0.5141431350536986,0.6896174827250972,0.6536428838185375,0.28793767916418506,0.40625197477991865,0.16880951091772106,0.712062320835815,1.5
12,0.8400000000000001,0.012549936076630491,Ebola,0.5141431350536986,0.6690872357557036,0.6583196355805668,0.3165320970477574,0.42975534020672856,0.1912677217191947,0.6834679029522426,1.5
12,0.8500000000000001,0.011680679675871625,Ebola,0.5141431350536986,0.6483306030674554,0.6632990255963083,0.3478636781897441,0.4527845070168437,0.21692981075422393,0.6521363218102558,1.5
12,0.86,0.01082411339478034,Ebola,0.5141431350536986,0.6274580910364171,0.6685835335785062,0.3820946547024929,0.47495959700326296,0.24620275763060118,0.6179053452975072,1.5
12,0.87,0.009979907610817918,Ebola,0.5141431350536986,0.606583956558685,0.6741726999621764,0.4193608570310781,0.49588937828671253,0.2795140521680793,0.5806391429689219,1.5
12,0.88,0.009147744927534203,Ebola,0.5141431350536986,0.5858253331719142,0.6800628432331184,0.45975632619785156,0.5151905650967462,0.31729720045818754,0.5402436738021484,1.5
12,0.89,0.008327319588242186,Ebola,0.5141431350536986,0.5653017870684998,0.6862468379751019,0.503312970193443,0.5325094372346655,0.35996845037232017,0.496687029806557,1.5
12,0.9,0.00751833692403969,Ebola,0.5141431350536986,0.5451355168614047,0.6927139697219312,0.5499739074101757,0.547544023695629,0.40789114952775124,0.4500260925898243,1.5
12,0.91,0.006720512833809,Ebola,0.5141431350536986,0.5254524937491896,0.699449880543979,0.5995587957952049,0.5600648941530815,0.4613228812954405,0.4004412042047951,1.5
12,0.9199999999999999,0.005933573294013734,Ebola,0.5141431350536986,0.5063849860694009,0.7064366158823376,0.651719018879161,0.5699327951308581,0.5203388455020704,0.34828098112083905,1.5
12,0.9299999999999999,0.005157253896281261,Ebola,0.5141431350536986,0.48807618180185386,0.7136527785980641,0.7058800695446602,0.5771120152264206,0.5847227346006943,0.2941199304553398,1.5
12,0.94,0.004391299410917114,Ebola,0.5141431350536986,0.47068813025576933,0.7210737907991415,0.7611678154549039,0.5816794684716892,0.653813441607999,0.23883218454509614,1.5
12,0.95,0.0036354633746366444,Ebola,0.5141431350536986,0.45441521606410656,0.728672258138018,0.8163145171985897,0.5838310507721138,0.7262921152451296,0.18368548280141028,1.5
12,0.96,0.002889507700932848,Ebola,0.5141431350536986,0.4395074110536163,0.7364184254191151,0.869539465588618,0.5838890052739438,0.7998890840348979,0.13046053441138195,1.5
12,0.97,0.0021532023116147343,Ebola,0.5141431350536986,0.42631197339013693,0.7442807070331707,0.9183978643494252,0.5823174560338414,0.8709836637750688,0.08160213565057484,1.5
12,0.98,0.0014263247881617072,Ebola,0.5141431350536986,0.4153526490311441,0.7522262714275699,0.9595900550823856,0.5797598258748976,0.9340614068537614,0.040409944917614404,1.5
12,0.99,7.086600416374957e-4,Ebola,0.5141431350536986,0.4074922478109017,0.760221655919583,0.9887212975273201,0.5771269951264089,0.9809823934401042,0.011278702472679925,1.5
13,0.5,0.05329777887400593,Ebola,0.5141431350536986,0.9954527555542977,0.5379427528890166,0.017290364835620717,0.03399033965006061,0.008100683553768313,0.9827096351643793,1.5
13,0.51,0.0516434669872848,Ebola,0.5141431350536986,0.994657257389658,0.5382324830086693,0.01845250040536589,0.03623282335199108,0.008652068135346573,0.981547499594634,1.5
13,0.52,0.05002921321825859,Ebola,0.5141431350536986,0.9937343842346279,0.5385454520712765,0.019709337543102563,0.03865206520340562,0.00924996039551475,0.9802906624568974,1.5
13,0.53,0.04845330473990096,Ebola,0.5141431350536986,0.9926660925081543,0.5388839316897867,0.021070537138370187,0.041265171162823605,0.009899438969287633,0.9789294628616299,1.5
13,0.54,0.04691413254277776,Ebola,0.5141431350536986,0.9914322704543929,0.5392504363210595,0.022546888035462533,0.04409106875524257,0.010606246600994462,0.9774531119645374,1.5
13,0.55,0.04541018335678125,Ebola,0.5141431350536986,0.9900106063104968,0.5396477489718516,0.02415044871825706,0.04715069713962611,0.011376888980678112,0.9758495512817429,1.5
13,0.56,0.04394003233540781,Ebola,0.5141431350536986,0.9883764728452906,0.5400789491676301,0.025894707067610157,0.050467211814190324,0.012218749647640994,0.9741052929323899,1.5
13,0.5700000000000001,0.04250233641840163,Ebola,0.5141431350536986,0.986502835638114,0.5405474432391376,0.027794760364326015,0.054066203101251376,0.013140223714092368,0.972205239635674,1.5
13,0.58,0.04109582829917789,Ebola,0.5141431350536986,0.9843601936108379,0.5410569969375152,0.029867517916089825,0.05797592667685016,0.014150873639364143,0.9701324820839101,1.5
13,0.59,0.03971931093254119,Ebola,0.5141431350536986,0.9819165614134507,0.5416117703296169,0.03213192889265942,0.06222754322199605,0.01526161084138285,0.9678680711073406,1.5
13,0.6,0.03837165252605615,Ebola,0.5141431350536986,0.979137504211879,0.542216354847893,0.0346092381522845,0.06685536268767457,0.016484907577507316,0.9653907618477156,1.5
13,0.61,0.03705178196520426,Ebola,0.5141431350536986,0.9759862361330732,0.5428758122705672,0.03732327302288819,0.07189708658338292,0.01783504427221577,0.9626767269771118,1.5
13,0.62,0.035758684628324586,Ebola,0.5141431350536986,0.9724237939657403,0.5435957152842839,0.04030076414897149,0.07739403899993574,0.019328398324830458,0.9596992358510286,1.5
13,0.63,0.03449139855243544,Ebola,0.5141431350536986,0.968409297558844,0.5443821891294126,0.04357170360906741,0.08339137362618915,0.020983781405556665,0.9564282963909326,1.5
13,0.64,0.03324901091546335,Ebola,0.5141431350536986,0.9639003075600071,0.545241953644435,0.04716974352148956,0.08993823966847098,0.02282283334883723,0.9528302564785105,1.5
13,0.65,0.032030654804276575,Ebola,0.5141431350536986,0.9588532895502744,0.5461823648074193,0.05113263825169579,0.0970878841801761,0.024870481980679295,0.9488673617483042,1.5
13,0.66,0.030835506241300412,Ebola,0.5141431350536986,0.9532241911362586,0.5472114546176712,0.055502733064857604,0.10489766172049209,0.027155479564374363,0.9444972669351424,1.5
13,0.67,0.029662781445454454,Ebola,0.5141431350536986,0.946969135067108,0.5483379678688087,0.060327501569431896,0.11342891439153677,0.029711027997506738,0.9396724984305681,1.5
13,0.6799999999999999,0.02851173430575306,Ebola,0.5141431350536986,0.9400452269215697,0.5495713940376812,0.06566013349000104,0.12274667614588254,0.03257550640400501,0.934339866509999,1.5
13,0.69,0.027381654048199137,Ebola,0.5141431350536986,0.9324114704097125,0.550921992156679,0.0715601730846308,0.1329191449598747,0.03579331627217294,0.9284398269153692,1.5
13,0.7,0.02627186307861787,Ebola,0.5141431350536986,0.924029777006429,0.5524008061592762,0.07809420674723512,0.14401685543109383,0.03941586068715707,0.9219057932527649,1.5
13,0.71,0.0251817149858596,Ebola,0.5141431350536986,0.9148660497494363,0.5540196678044086,0.0853365958338577,0.15611147335859354,0.04350267533143692,0.9146634041661423,1.5
13,0.72,0.02411059269137589,Ebola,0.5141431350536986,0.9048913139873609,0.5557911839153242,0.09337024729950734,0.16927412422303287,0.04812272953745157,0.9066297527004926,1.5
13,0.73,0.02305790673257182,Ebola,0.5141431350536986,0.8940828611654225,0.5577287043408579,0.10228741004343214,0.1835731612543516,0.05335591541958193,0.8977125899565679,1.5
13,0.74,0.0220230936685769,Ebola,0.5141431350536986,0.882425365992314,0.5598462667978076,0.11219047857202954,0.19907127893812987,0.0592947414833102,0.8878095214279704,1.5
13,0.75,0.021005614598180844,Ebola,0.5141431350536986,0.8699119331978936,0.5621585146264949,0.12319277723876745,0.2158218884223662,0.06604624339403477,0.8768072227612326,1.5
13,0.76,0.020004953780663595,Ebola,0.5141431350536986,0.8565450282139232,0.5646805835392583,0.13541928732544894,0.23386469748121122,0.07373411778992567,0.864580712674551,1.5
13,0.77,0.01902061735112701,Ebola,0.5141431350536986,0.8423372470546895,0.5674279537207125,0.1490072648512997,0.25322048542877396,0.082501073762792,0.8509927351487003,1.5
13,0.78,0.018052132122717193,Ebola,0.5141431350536986,0.827311884850055,0.5704162642079997,0.16410667830547698,0.27388513871126063,0.09251137901359172,0.835893321694523,1.5
13,0.79,0.017099044468831887,Ebola,0.5141431350536986,0.8115032700769903,0.5736610873944121,0.18088037132411944,0.29582312061295746,0.10395355113114033,0.8191196286758806,1.5
13,0.8,0.01616091927903214,Ebola,0.5141431350536986,0.7949568424676715,0.5771776628052453,0.19950382420470836,0.3189606898796518,0.11704310544163693,0.8004961757952916,1.5
13,0.81,0.015237338982946436,Ebola,0.5141431350536986,0.7777289664922012,0.5809805910149837,0.2201643482237398,0.3431793528974985,0.132025214711262,0.7798356517762602,1.5
13,0.8200000000000001,0.014327902636958562,Ebola,0.5141431350536986,0.7598864886406526,0.5850834907039686,0.2430594956896576,0.3683102172919283,0.14917705632130707,0.7569405043103424,1.5
13,0.8300000000000001,0.013432225068931956,Ebola,0.5141431350536986,0.7415060647497945,0.5894986243434124,0.26839440363389305,0.39413008364666796,0.16880951091772106,0.731605596366107,1.5
13,0.8400000000000001,0.012549936076630491,Ebola,0.5141431350536986,0.7226733026465524,0.594236500752785,0.29637770641432504,0.42036022538780554,0.1912677217191947,0.703622293585675,1.5
13,0.8500000000000001,0.011680679675871625,Ebola,0.5141431350536986,0.7034817849713497,0.5993054656400354,0.32721554778278233,0.4466688140339264,0.21692981075422393,0.6727844522172177,1.5
13,0.86,0.01082411339478034,Ebola,0.5141431350536986,0.6840320572985098,0.6047112940043915,0.361103090555739,0.47267779757826867,0.24620275763060118,0.6388969094442609,1.5
13,0.87,0.009979907610817918,Ebola,0.5141431350536986,0.6644306886283667,0.6104568006980531,0.398212754966826,0.49797469997659743,0.2795140521680793,0.601787245033174,1.5
13,0.88,0.009147744927534203,Ebola,0.5141431350536986,0.6447895375602366,0.6165414872225693,0.43867820642940053,0.5221292824460356,0.31729720045818754,0.5613217935705994,1.5
13,0.89,0.008327319588242186,Ebola,0.5141431350536986,0.6252253930368796,0.6229612436928258,0.48257284907930753,0.5447143491727845,0.35996845037232017,0.5174271509206925,1.5
13,0.9,0.00751833692403969,Ebola,0.5141431350536986,0.6058602127781735,0.6297081245858813,0.5298812498230071,0.565329306600588,0.40789114952775124,0.4701187501769929,1.5
13,0.91,0.006720512833809,Ebola,0.5141431350536986,0.5868222722555693,0.6367702152280941,0.580461502254388,0.5836245566812606,0.4613228812954405,0.419538497745612,1.5
13,0.9199999999999999,0.005933573294013734,Ebola,0.5141431350536986,0.5682486934952158,0.6441316028995621,0.6339960204172086,0.5993245902672159,0.5203388455020704,0.3660039795827914,1.5
13,0.9299999999999999,0.005157253896281261,Ebola,0.5141431350536986,0.5502901060423355,0.6517724620295445,0.6899276039108837,0.612247884013808,0.5847227346006943,0.3100723960891163,1.5
13,0.94,0.004391299410917114,Ebola,0.5141431350536986,0.5331187226737248,0.6596692574542257,0.7473768073517582,0.6223224674332233,0.653813441607999,0.25262319264824185,1.5
13,0.95,0.0036354633746366444,Ebola,0.5141431350536986,0.5169421462458577,0.6677950634887395,0.8050356406356513,0.6295973442281498,0.7262921152451296,0.19496435936434875,1.5
13,0.96,0.002889507700932848,Ebola,0.5141431350536986,0.5020273409266833,0.676119990121544,0.8610313749538513,0.6342519021174926,0.7998890840348979,0.1389686250461487,1.5
13,0.97,0.0021532023116147343,Ebola,0.5141431350536986,0.4887438080425673,0.6846117015239881,0.9127526755228222,0.6366084020434891,0.8709836637750688,0.08724732447717776,1.5
13,0.98,0.0014263247881617072,Ebola,0.5141431350536986,0.4776458227719027,0.6932360068271768,0.9566283548205144,0.6371578666948903,0.9340614068537614,0.04337164517948555,1.5
13,0.99,7.086600416374957e-4,Ebola,0.5141431350536986,0.46964151792810016,0.7019574992215057,0.9878466531091943,0.6366210180851262,0.9809823934401042,0.012153346890805716,1.5
14,0.5,0.05329777887400593,Ebola,0.5141431350536986,0.9972242763708798,0.475376608961785,0.015286538112886829,0.03011149449423258,0.008100683553768313,0.9847134618871132,1.5
14,0.51,0.0516434669872848,Ebola,0.5141431350536986,0.9967017043973492,0.47563490728960867,0.01631848233445447,0.03211122417688773,0.008652068135346573,0.9836815176655456,1.5
14,0.52,0.05002921321825859,Ebola,0.5141431350536986,0.9960886249121554,0.4759142264239028,0.017435422980190716,0.03427097075242692,0.00924996039551475,0.9825645770198093,1.5
14,0.53,0.04845330473990096,Ebola,0.5141431350536986,0.9953710273817048,0.47621667239508125,0.018646194576001328,0.03660664030151497,0.009899438969287633,0.9813538054239986,1.5
14,0.54,0.04691413254277776,Ebola,0.5141431350536986,0.9945330950003557,0.4765445847824753,0.01996069203007121,0.039135910099802836,0.010606246600994462,0.9800393079699288,1.5
14,0.55,0.04541018335678125,Ebola,0.5141431350536986,0.9935570531037388,0.476900562808826,0.02139000887125871,0.041878428887977145,0.011376888980678112,0.9786099911287413,1.5
14,0.56,0.04394003233540781,Ebola,0.5141431350536986,0.9924230242361769,0.4772874939713153,0.022946594008710994,0.044856036290328215,0.012218749647640994,0.977053405991289,1.5
14,0.5700000000000001,0.04250233641840163,Ebola,0.5141431350536986,0.9911088958252297,0.477708585325877,0.024644429403151192,0.04809300173052986,0.013140223714092368,0.9753555705968489,1.5
14,0.58,0.04109582829917789,Ebola,0.5141431350536986,0.9895902076171899,0.4781673975064302,0.026499231300573,0.05161628258307753,0.014150873639364143,0.973500768699427,1.5
14,0.59,0.03971931093254119,Ebola,0.5141431350536986,0.9878400672541051,0.4786678815109382,0.028528677950677105,0.055455800423672784,0.01526161084138285,0.9714713220493228,1.5
14,0.6,0.03837165252605615,Ebola,0.5141431350536986,0.9858291035607701,0.4792144182185245,0.03075266700917144,0.05964473302085153,0.016484907577507316,0.9692473329908285,1.5
14,0.61,0.03705178196520426,Ebola,0.5141431350536986,0.9835254681733555,0.47981186051255775,0.03319360609587071,0.06421981804416972,0.01783504427221577,0.9668063939041293,1.5
14,0.62,0.035758684628324586,Ebola,0.5141431350536986,0.980894896972921,0.48046557776963117,0.03587674023611051,0.06922166222933125,0.019328398324830458,0.9641232597638895,1.5
14,0.63,0.03449139855243544,Ebola,0.5141431350536986,0.9779008432593065,0.4811815023294591,0.0388305201326646,0.07469504679239652,0.020983781405556665,0.9611694798673354,1.5
14,0.64,0.03324901091546335,Ebola,0.5141431350536986,0.9745046945705892,0.4819661773816384,0.042087015373320505,0.08068921605514238,0.02282283334883723,0.9579129846266795,1.5
14,0.65,0.032030654804276575,Ebola,0.5141431350536986,0.9706660843683722,0.4828268054880136,0.045682376740396935,0.08725813134378604,0.024870481980679295,0.9543176232596031,1.5
14,0.66,0.030835506241300412,Ebola,0.5141431350536986,0.9663433083214775,0.48377129670078267,0.04965735170548277,0.09446066605564223,0.027155479564374363,0.9503426482945172,1.5
14,0.67,0.029662781445454454,Ebola,0.5141431350536986,0.9614938525012442,0.4848083149345057,0.05405785690250854,0.10236071016348355,0.029711027997506738,0.9459421430974915,1.5
14,0.6799999999999999,0.02851173430575306,Ebola,0.5141431350536986,0.9560750373616641,0.4859473209049001,0.05893561079152987,0.11102714319690576,0.03257550640400501,0.9410643892084701,1.5
14,0.69,0.027381654048199137,Ebola,0.5141431350536986,0.9500447768907628,0.4871986095616825,0.06434882874470922,0.12053362384840997,0.03579331627217294,0.9356511712552907,1.5
14,0.7,0.02627186307861787,Ebola,0.5141431350536986,0.9433624468460082,0.4885733395238252,0.07036298126178064,0.13095813191623976,0.03941586068715707,0.9296370187382194,1.5
14,0.71,0.0251817149858596,Ebola,0.5141431350536986,0.9359898496937299,0.49008355158569405,0.07705161376853037,0.1423821847200291,0.04350267533143692,0.9229483862314696,1.5
14,0.72,0.02411059269137589,Ebola,0.5141431350536986,0.9278922570503509,0.4917421729205673,0.0844972232275802,0.15488963625659644,0.04812272953745157,0.9155027767724198,1.5
14,0.73,0.02305790673257182,Ebola,0.5141431350536986,0.9190395034875375,0.4935630031907061,0.09279218228510282,0.16856495469343977,0.05335591541958193,0.9072078177148972,1.5
14,0.74,0.0220230936685769,Ebola,0.5141431350536986,0.9094070990448249,0.49556067841608986,0.1020396954905373,0.18349086469960138,0.0592947414833102,0.8979603045094627,1.5
14,0.75,0.021005614598180844,Ebola,0.5141431350536986,0.8989773223083793,0.49775060820218675,0.1123547637470496,0.19974523908534902,0.06604624339403477,0.8876452362529504,1.5
14,0.76,0.020004953780663595,Ebola,0.5141431350536986,0.887740252118304,0.500148881834805,0.12386512192424778,0.217397134074677,0.07373411778992567,0.8761348780757522,1.5
14,0.77,0.01902061735112701,Ebola,0.5141431350536986,0.87569469448975,0.5027721388789999,0.13671209965810974,0.23650189041634603,0.082501073762792,0.8632879003418903,1.5
14,0.78,0.018052132122717193,Ebola,0.5141431350536986,0.8628489627093493,0.5056374003354516,0.1510513357164548,0.257095275622591,0.09251137901359172,0.8489486642835452,1.5
14,0.79,0.017099044468831887,Ebola,0.5141431350536986,0.8492214731659312,0.5087618571774175,0.16705325057726775,0.2791867282300577,0.10395355113114033,0.8329467494227323,1.5
14,0.8,0.01616091927903214,Ebola,0.5141431350536986,0.8348411274385533,0.5121626142721645,0.18490314835023391,0.30275188888163934,0.11704310544163693,0.8150968516497661,1.5
14,0.81,0.015237338982946436,Ebola,0.5141431350536986,0.8197474623928093,0.515856389323208,0.2048007757186106,0.327724766773065,0.132025214711262,0.7951992242813894,1.5
14,0.8200000000000001,0.014327902636958562,Ebola,0.5141431350536986,0.8039905641921121,0.5198591685657314,0.22695910947802883,0.3539900872720255,0.14917705632130707,0.7730408905219712,1.5
14,0.8300000000000001,0.013432225068931956,Ebola,0.5141431350536986,0.7876307587156373,0.524185823478743,0.2516020720871528,0.38137657906620975,0.16880951091772106,0.7483979279128472,1.5
14,0.8400000000000001,0.012549936076630491,Ebola,0.5141431350536986,0.7707381093580807,0.5288496956638787,0.27896078213281683,0.4096521536775637,0.1912677217191947,0.7210392178671832,1.5
14,0.8500000000000001,0.011680679675871625,Ebola,0.5141431350536986,0.7533917732075807,0.5338621601425176,0.30926782836609507,0.43852205779488423,0.21692981075422393,0.690732171633905,1.5
14,0.86,0.01082411339478034,Ebola,0.5141431350536986,0.7356792882519063,0.5392321804382757,0.3427489052422564,0.46763108045377355,0.24620275763060118,0.6572510947577437,1.5
14,0.87,0.009979907610817918,Ebola,0.5141431350536986,0.7176958885065308,0.5449658716825146,0.3796109562606827,0.4965707155469753,0.2795140521680793,0.6203890437393174,1.5
14,0.88,0.009147744927534203,Ebola,0.5141431350536986,0.6995439732221229,0.5510660903068731,0.42002572831258844,0.5248917801839855,0.31729720045818754,0.5799742716874116,1.5
14,0.89,0.008327319588242186,Ebola,0.5141431350536986,0.681332895516041,0.5575320703554844,0.46410733256110576,0.5521223805015292,0.35996845037232017,0.5358926674388942,1.5
14,0.9,0.00751833692403969,Ebola,0.5141431350536986,0.6631792940418981,0.5643591267685959,0.5118820187265667,0.5777903708054688,0.40789114952775124,0.4881179812734333,1.5
14,0.91,0.006720512833809,Ebola,0.5141431350536986,0.6452082854890009,0.5715384449313623,0.5632478796630761,0.6014487065767837,0.4613228812954405,0.4367521203369239,1.5
14,0.9199999999999999,0.005933573294013734,Ebola,0.5141431350536986,0.6275559971734753,0.5790569732257722,0.6179215864881643,0.6227015282660351,0.5203388455020704,0.3820784135118357,1.5
14,0.9299999999999999,0.005157253896281261,Ebola,0.5141431350536986,0.61037420827937094,0.5868974312915397,0.6753684798744632,0.641228614400483,0.5847227346006943,0.32463152012553675,1.5
14,0.94,0.004391299410917114,Ebola,0.5141431350536986,0.5938384075461338,0.5950384413769493,0.7347113715329576,0.6568061471954729,0.653813441607999,0.2652886284670424,1.5
14,0.95,0.0036354633746366444,Ebola,0.5141431350536986,0.5781616241339954,0.6034547838879698,0.7946121932763549,0.6693226085677962,0.7262921152451296,0.2053878067236451,1.5
14,0.96,0.002889507700932848,Ebola,0.5141431350536986,0.5636185344001092,0.612117771502944,0.8531191098525123,0.6787900982435676,0.7998890840348979,0.14688089014748773,1.5
14,0.97,0.0021532023116147343,Ebola,0.5141431350536986,0.5505890165554878,0.6209957295759413,0.907469812539271,0.6853535696498545,0.8709836637750688,0.09253018746072905,1.5
14,0.98,0.0014263247881617072,Ebola,0.5141431350536986,0.5396412869721584,0.6300545645880448,0.9538393427421346,0.6893040060124686,0.9340614068537614,0.046160657257865445,1.5
14,0.99,7.086600416374957e-4,Ebola,0.5141431350536986,0.5317030589765839,0.639258397651423,0.9870178470267879,0.6911084274327621,0.9809823934401042,0.012982152973212147,1.5
15,0.5,0.05329777887400593,Ebola,0.5141431350536986,0.9983203920539032,0.4142212185812084,0.013727370743153357,0.02708234659656519,0.008100683553768313,0.9862726292568467,1.5
15,0.51,0.0516434669872848,Ebola,0.5141431350536986,0.9979818679841259,0.4144477184233215,0.014656772110954052,0.028889264601900177,0.008652068135346573,0.9853432278890459,1.5
15,0.52,0.05002921321825859,Ebola,0.5141431350536986,0.99758030729542,0.4146928600104036,0.015663308231741273,0.030842351433823523,0.00924996039551475,0.9843366917682588,1.5
15,0.53,0.04845330473990096,Ebola,0.5141431350536986,0.9971051320507743,0.4149585488007409,0.016755110168017968,0.03295642859028596,0.009899438969287633,0.983244889831982,1.5
15,0.54,0.04691413254277776,Ebola,0.5141431350536986,0.9965442540387753,0.41524690815502896,0.01794130641813137,0.03524802425553555,0.010606246600994462,0.9820586935818686,1.5
15,0.55,0.04541018335678125,Ebola,0.5141431350536986,0.99588392086395,0.4155603048180162,0.01923215693844391,0.03773557778730549,0.011376888980678112,0.9807678430615561,1.5
15,0.56,0.04394003233540781,Ebola,0.5141431350536986,0.9951085613699469,0.4159013770813197,0.02063920586406842,0.04043966645605148,0.012218749647640994,0.9793607941359316,1.5
15,0.5700000000000001,0.04250233641840163,Ebola,0.5141431350536986,0.9942006348560105,0.4162730657960102,0.02217545548355037,0.04338325572495776,0.013140223714092368,0.9778245445164496,1.5
15,0.58,0.04109582829917789,Ebola,0.5141431350536986,0.9931404896924977,0.41667864837852764,0.02385556433103761,0.04659197397646795,0.014150873639364143,0.9761444356689624,1.5
15,0.59,0.03971931093254119,Ebola,0.5141431350536986,0.9919062381721154,0.4171217759149114,0.02569607258941001,0.05009441198867798,0.01526161084138285,0.97430392741059,1.5
15,0.6,0.03837165252605615,Ebola,0.5141431350536986,0.990473655704373,0.41760651341280164,0.027715658345217314,0.053922446567935205,0.016484907577507316,0.9722843416547827,1.5
15,0.61,0.03705178196520426,Ebola,0.5141431350536986,0.9888161137057542,0.41813738317427984,0.02993542859391004,0.0581115864571408,0.01783504427221577,0.9700645714060899,1.5
15,0.62,0.035758684628324586,Ebola,0.5141431350536986,0.9869045566699516,0.41871941116102673,0.032379249250616096,0.06270133684332352,0.019328398324830458,0.9676207507493839,1.5
15,0.63,0.03449139855243544,Ebola,0.5141431350536986,0.9847075348106833,0.41935817609174886,0.03507411876117756,0.06773557633637607,0.020983781405556665,0.9649258812388224,1.5
15,0.64,0.03324901091546335,Ebola,0.5141431350536986,0.9821913042232455,0.42005986084542934,0.03805059020675522,0.07326293700675185,0.02282283334883723,0.9619494097932448,1.5
15,0.65,0.032030654804276575,Ebola,0.5141431350536986,0.9793200065623766,0.42083130553782455,0.04134324702001027,0.0793371737462639,0.024870481980679295,0.9586567529799898,1.5
15,0.66,0.030835506241300412,Ebola,0.5141431350536986,0.9760559396283282,0.4216800613883148,0.04499123753614547,0.08601750361885577,0.027155479564374363,0.9550087624638546,1.5
15,0.67,0.029662781445454454,Ebola,0.5141431350536986,0.9723599288401721,0.4226144441962749,0.04903887352599174,0.09336888874682929,0.029711027997506738,0.9509611264740082,1.5
15,0.6799999999999999,0.02851173430575306,Ebola,0.5141431350536986,0.9681918072280536,0.42364358589881135,0.05353629751744904,0.10146222738705749,0.03257550640400501,0.946463702482551,1.5
15,0.69,0.027381654048199137,Ebola,0.5141431350536986,0.9635110082107847,0.4247774822858832,0.05854022299459509,0.11037440698913878,0.03579331627217294,0.941459777005405,1.5
15,0.7,0.02627186307861787,Ebola,0.5141431350536986,0.9582772710257855,0.42602703450913026,0.06411475032316892,0.12018816009757542,0.03941586068715707,0.9358852496768311,1.5
15,0.71,0.0251817149858596,Ebola,0.5141431350536986,0.952451453319848,0.4274040815468465,0.07033225929259887,0.13099164906996771,0.04350267533143692,0.9296677407074011,1.5
15,0.72,0.02411059269137589,Ebola,0.5141431350536986,0.9459964392774133,0.4289214202956879,0.07727437623387738,0.14287768918359148,0.04812272953745157,0.9227256237661227,1.5
15,0.73,0.02305790673257182,Ebola,0.5141431350536986,0.9388781250670424,0.4305928094740603,0.08503300943756831,0.15594250278014288,0.05335591541958193,0.9149669905624317,1.5
15,0.74,0.0220230936685769,Ebola,0.5141431350536986,0.931066456758653,0.4324329530761838,0.09371144062636995,0.1702838814232574,0.0592947414833102,0.9062885593736301,1.5
15,0.75,0.021005614598180844,Ebola,0.5141431350536986,0.9225364897433171,0.4344574587532961,0.10342545197483977,0.1859986214599682,0.06604624339403477,0.8965745480251602,1.5
15,0.76,0.020004953780663595,Ebola,0.5141431350536986,0.9132694336870457,0.43668276627341995,0.11430445689676359,0.2031790950988521,0.07373411778992567,0.8856955431032364,1.5
15,0.77,0.01902061735112701,Ebola,0.5141431350536986,0.903253643805961,0.4391260411871931,0.12649258761519747,0.22190882994577812,0.082501073762792,0.8735074123848026,1.5
15,0.78,0.018052132122717193,Ebola,0.5141431350536986,0.8924855183581141,0.4418050290749307,0.14014967220822663,0.24225700226210367,0.09251137901359172,0.8598503277917734,1.5
15,0.79,0.017099044468831887,Ebola,0.5141431350536986,0.880970264194169,0.4447378663422358,0.15545200687248412,0.26427181157159607,0.10395355113114033,0.8445479931275159,1.5
15,0.8,0.01616091927903214,Ebola,0.5141431350536986,0.8687224973131017,0.44794284453650723,0.1725927936378841,0.2879728051826041,0.11704310544163693,0.8274072063621158,1.5
15,0.81,0.015237338982946436,Ebola,0.5141431350536986,0.8557666537390756,0.45143812662912985,0.19178206724641636,0.3133423670838525,0.132025214711262,0.8082179327535837,1.5
15,0.8200000000000001,0.014327902636958562,Ebola,0.5141431350536986,0.8421371975663565,0.45524141567729137,0.21324587425967567,0.3403167773591748,0.14917705632130707,0.7867541257403243,1.5
15,0.8300000000000001,0.013432225068931956,Ebola,0.5141431350536986,0.8278786274352101,0.4593695787365367,0.2372243887353343,0.3687774766547442,0.16880951091772106,0.7627756112646658,1.5
15,0.8400000000000001,0.012549936076630491,Ebola,0.5141431350536986,0.8130452996607386,0.4638382317811456,0.2639685470189619,0.3985434116259199,0.1912677217191947,0.7360314529810381,1.5
15,0.8500000000000001,0.011680679675871625,Ebola,0.5141431350536986,0.7977011055054355,0.4686612945841706,0.2937346530304353,0.42936555012996286,0.21692981075422393,0.7062653469695648,1.5
15,0.86,0.01082411339478034,Ebola,0.5141431350536986,0.7819190618071629,0.47385052782656145,0.3267762369402003,0.46092478050162605,0.24620275763060118,0.6732237630597997,1.5
15,0.87,0.009979907610817918,Ebola,0.5141431350536986,0.7657808992600028,0.47941506789563504,0.3633322343363748,0.49283437923363077,0.2795140521680793,0.6366677656636253,1.5
15,0.88,0.009147744927534203,Ebola,0.5141431350536986,0.7493767633869448,0.48536097759667207,0.40361027732725635,0.5246479840846338,0.31729720045818754,0.5963897226727437,1.5
15,0.89,0.008327319588242186,Ebola,0.5141431350536986,0.7328051843100989,0.4916908330102576,0.44776353776641026,0.5558735136453861,0.35996845037232017,0.5522364622335898,1.5
15,0.9,0.00751833692403969,Ebola,0.5141431350536986,0.7161735316477076,0.498403367662386,0.4958591162224247,0.585992753724528,0.40789114952775124,0.5041408837775754,1.5
15,0.91,0.006720512833809,Ebola,0.5141431350536986,0.6995992666339805,0.5054931947654511,0.5478354038075893,0.6144854809979763,0.4613228812954405,0.4521645961924107,1.5
15,0.9199999999999999,0.005933573294013734,Ebola,0.5141431350536986,0.6832124656383667,0.5129506263625808,0.6034451267761928,0.6408561770789798,0.5203388455020704,0.3965548732238072,1.5
15,0.9299999999999999,0.005157253896281261,Ebola,0.5141431350536986,0.6671603772389958,0.5207616047280375,0.6621798775722282,0.6646607974478225,0.5847227346006943,0.3378201224277718,1.5
15,0.94,0.004391299410917114,Ebola,0.5141431350536986,0.6516153093119148,0.5289077564676667,0.7231707930345427,0.6855308752165326,0.653813441607999,0.2768292069654573,1.5
15,0.95,0.0036354633746366444,Ebola,0.5141431350536986,0.6367881796145068,0.537366573720015,0.7850586014507072,0.7031925582501669,0.7262921152451296,0.21494139854929284,1.5
15,0.96,0.002889507700932848,Ebola,0.5141431350536986,0.6229521829629007,0.5461117201251844,0.8458244514756702,0.7174789904682458,0.7998890840348979,0.1541755485243298,1.5
15,0.97,0.0021532023116147343,Ebola,0.5141431350536986,0.6104856384354389,0.5551134523563023,0.9025706663516243,0.7283356577511048,0.8709836637750688,0.0974293336483757,1.5
15,0.98,0.0014263247881617072,Ebola,0.5141431350536986,0.5999539026610845,0.5643391415922248,0.95123772342746,0.7358198367377901,0.9340614068537614,0.04876227657253995,1.5
15,0.99,7.086600416374957e-4,Ebola,0.5141431350536986,0.5922781827900377,0.5737538739140743,0.9862402020413613,0.7400972459651494,0.9809823934401042,0.013759797958638686,1.5
0,0.5,0.2010956579606304,Influenza A (H3N2),0.8226203378987185,0.5004039965769222,0.9545872145357036,0.08210309259474058,0.1410616846711913,0.00805214934841552,0.9178969074052594,1.5
0,0.51,0.1947986185334857,Influenza A (H3N2),0.8226203378987185,0.49024005366266404,0.9547511796197082,0.0859237719235689,0.14621978224977764,0.008601567810373448,0.9140762280764311,1.5
0,0.52,0.18865731155396073,Influenza A (H3N2),0.8226203378987185,0.4798853653383053,0.9549226496155871,0.08993491195888537,0.15148091354968987,0.00919737476413118,0.9100650880411146,1.5
0,0.53,0.18266499994017857,Influenza A (H3N2),0.8226203378987185,0.46934150149822196,0.9551020506568654,0.09414898744656068,0.15683681623608062,0.00984463843081389,0.9058510125534394,1.5
0,0.54,0.1768153582457923,Influenza A (H3N2),0.8226203378987185,0.45861097071512275,0.9552898342466595,0.09857944468028926,0.16227707285776638,0.010549090126689795,0.9014205553197108,1.5
0,0.55,0.17110244043428807,Influenza A (H3N2),0.8226203378987185,0.4476973304120342,0.9554864784256858,0.10324078622591669,0.1677888059916403,0.011317222998689749,0.8967592137740833,1.5
0,0.56,0.16552065071011157,Influenza A (H3N2),0.8226203378987185,0.4366053015932257,0.9556924888871126,0.10814866317393747,0.1733563507780729,0.01215640681958758,0.8918513368260625,1.5
0,0.5700000000000001,0.16006471706779526,Influenza A (H3N2),0.8226203378987185,0.4253408865818102,0.9559084000073051,0.11331997548513588,0.1789609093013568,0.013075021596222123,0.8866800245148642,1.5
0,0.58,0.15472966726304535,Influenza A (H3N2),0.8226203378987185,0.41391148774052816,0.9561347757546933,0.11877298099607253,0.18458019391502478,0.014082613222096228,0.8812270190039275,1.5
0,0.59,0.14951080694649097,Influenza A (H3N2),0.8226203378987185,0.4023260246320988,0.9563722104311387,0.12452741363743576,0.19018806995366103,0.015190074962509882,0.8754725863625642,1.5
0,0.6,0.14440369973244888,Influenza A (H3N2),0.8226203378987185,0.39059504651854077,0.9566213291912372,0.13060461138336,0.19575421236527787,0.016409859206616216,0.86939538861664,1.5
0,0.61,0.13940414900236886,Influenza A (H3N2),0.8226203378987185,0.3787308365237155,0.9568827882749198,0.13702765438618106,0.20124379564165937,0.017756224667240604,0.862972345613819,1.5
0,0.62,0.13450818126629016,Influenza A (H3N2),0.8226203378987185,0.3667475032164679,0.9571572748775508,0.14382151364900975,0.2066172419290566,0.01924552506642284,0.8561784863509903,1.5
0,0.63,0.1297120309261595,Influenza A (H3N2),0.8226203378987185,0.35466105484789107,0.9574455065695363,0.15101321043553692,0.21183005814628436,0.02089654632157934,0.848986789564463,1.5
0,0.64,0.12501212630272315,Influenza A (H3N2),0.8226203378987185,0.3424894510389583,0.9577482301644458,0.1586319863965957,0.21683279891683568,0.022730900350292647,0.8413680136034043,1.5
0,0.65,0.12040507680327484,Influenza A (H3N2),0.8226203378987185,0.33025262641527875,0.9580662199211156,0.16670948408577083,0.22157119749895163,0.02477348484245031,0.8332905159142292,1.5
0,0.66,0.1158876611211453,Influenza A (H3N2),0.8226203378987185,0.31797248058160793,0.9584002749516237,0.1752799371156234,0.2259865107647737,0.027053019700114797,0.8247200628843766,1.5
0,0.67,0.11145681636974225,Influenza A (H3N2),0.8226203378987185,0.3056728289804529,0.9587512156940521,0.18438036863856797,0.23001612544940692,0.029602672298880254,0.815619631361432,1.5
0,0.6799999999999999,0.10710962806440108,Influenza A (H3N2),0.8226203378987185,0.29337930964520365,0.9591198792975254,0.19405079607981765,0.23359446994074612,0.032460785241477684,0.8059492039201823,1.5
0,0.69,0.10284332087450637,Influenza A (H3N2),0.8226203378987185,0.2811192416896766,0.9595071137582895,0.20433443905014861,0.23665426727971997,0.03567172178916765,0.7956655609498514,1.5
0,0.7,0.09865525007644932,Influenza A (H3N2),0.8226203378987185,0.2689214326076928,0.9599137706410908,0.215277926055375,0.2391281493782787,0.03928684556330565,0.784722073944625,1.5
0,0.71,0.09454289364513643,Influenza A (H3N2),0.8226203378987185,0.2568159331000337,0.9603406962216657,0.22693149391072182,0.2409506287965057,0.043365652245903996,0.7730685060892781,1.5
0,0.72,0.09050384492809577,Influenza A (H3N2),0.8226203378987185,0.2448337401813207,0.9607887208958665,0.23934917155219793,0.2420603927165339,0.047977071632048306,0.7606508284478021,1.5
0,0.73,0.08653580585182973,Influenza A (H3N2),0.8226203378987185,0.23300645168744608,0.9612586467212881,0.2525889370750447,0.24240284535381465,0.053200958146042414,0.7474110629249553,1.5
0,0.74,0.08263658061504456,Influenza A (H3N2),0.8226203378987185,0.22136587790442716,0.9617512329907596,0.2667128331462359,0.2419327830574646,0.05912978632209313,0.7332871668537642,1.5
0,0.75,0.07880406982780357,Influenza A (H3N2),0.8226203378987185,0.20994361873003056,0.9622671797863414,0.28178702121286053,0.24061704575274998,0.06587056405556745,0.7182129787871394,1.5
0,0.76,0.07503626505959801,Influenza A (H3N2),0.8226203378987185,0.19877061738351312,0.9628071095298337,0.29788174888215885,0.2384369557233291,0.0735469696550355,0.7021182511178412,1.5
0,0.77,0.07133124376284046,Influenza A (H3N2),0.8226203378987185,0.18787670399743694,0.9633715466330185,0.31507119713071324,0.23539033728410955,0.0823017074876752,0.6849288028692868,1.5
0,0.78,0.06768716454142513,Influenza A (H3N2),0.8226203378987185,0.177290144256398,0.9639608954586296,0.3334331641673699,0.23149291524423876,0.09229905941452918,0.6665668358326301,1.5
0,0.79,0.06410226273680944,Influenza A (H3N2),0.8226203378987185,0.1670372094079982,0.9645754169306148,0.35304853027011895,0.2267789204080619,0.10372758267039671,0.646951469729881,1.5
0,0.8,0.06057484630658951,Influenza A (H3N2),0.8226203378987185,0.15714178432417802,0.9652152042767467,0.3740004320414754,0.22130078693858235,0.11680286584815845,0.6259995679585246,1.5
0,0.81,0.05710329197279877,Influenza A (H3N2),0.8226203378987185,0.14762502976838857,0.9658801585426867,0.3963730544006125,0.21512790452070454,0.1317701984695889,0.6036269455993875,1.5
0,0.8200000000000001,0.05368604161919024,Influenza A (H3N2),0.8226203378987185,0.13850511364865292,0.9665699646758654,0.42024992314961956,0.20834447846844242,0.14890692991856871,0.5797500768503805,1.5
0,0.8300000000000001,0.05032159891858897,Influenza A (H3N2),0.8226203378987185,0.12979702393446535,0.9672840691286209,0.44571154873135815,0.20104664050641083,0.1685241818031556,0.5542884512686419,1.5
0,0.8400000000000001,0.04700852617304747,Influenza A (H3N2),0.8226203378987185,0.12151247332288992,0.9680216600586715,0.4728322311021058,0.19333902848039183,0.19096742282853685,0.5271677688978942,1.5
0,0.8500000000000001,0.04374544135101994,Influenza A (H3N2),0.8226203378987185,0.11365990300267029,0.9687816512948161,0.5016757843004546,0.18533110352265,0.216615202071128,0.49832421569954544,1.5
0,0.86,0.040531015307114594,Influenza A (H3N2),0.8226203378987185,0.10624459044298412,0.9695626712694826,0.5322898745855603,0.1771334918304281,0.2458750454352468,0.4677101254144397,1.5
0,0.87,0.0373639691711951,Influenza A (H3N2),0.8226203378987185,0.09926886460887459,0.970363058081124,0.5646985845434106,0.1688546250435416,0.2791751251227179,0.4353014154565894,1.5
0,0.88,0.03424307189470122,Influenza A (H3N2),0.8226203378987185,0.09273243213243196,0.9711808617254737,0.5988927130727519,0.16059791421594705,0.31694977916335004,0.40110728692724806,1.5
0,0.89,0.031167137943053577,Influenza A (H3N2),0.8226203378987185,0.08663282078603374,0.9720138543181156,0.6348171923628362,0.15245963838249837,0.35961624301895434,0.3651828076371638,1.5
0,0.9,0.02813502512391347,Influenza A (H3N2),0.8226203378987185,0.0809659536825693,0.972859548822635,0.6723548412546346,0.14452767347226056,0.4075390001032659,0.3276451587453654,1.5
0,0.91,0.02514563254188755,Influenza A (H3N2),0.8226203378987185,0.07572688158663679,0.973715226409646,0.71130547150242,0.13688114599348755,0.4609768875500073,0.28869452849758004,1.5
0,0.9199999999999999,0.02219789867101719,Influenza A (H3N2),0.8226203378987185,0.0709107262939746,0.9745779721236492,0.7513591091760895,0.1295910851668594,0.5200064102708302,0.2486408908239105,1.5
0,0.9299999999999999,0.019290799537069667,Influenza A (H3N2),0.8226203378987185,0.06651393433738899,0.9754447180581445,0.7920617750237187,0.12272218820233462,0.5844124943618667,0.20793822497628134,1.5
0,0.94,0.01642334700227208,Influenza A (H3N2),0.8226203378987185,0.06253602581616753,0.9763122927732022,0.8327718692180556,0.1163359407445139,0.6535349879606177,0.16722813078194443,1.5
0,0.95,0.013594587145690928,Influenza A (H3N2),0.8226203378987185,0.05898218755853764,0.9771774752756417,0.8726047078935456,0.11049561730999545,0.7260553850966055,0.1273952921064544,1.5
0,0.96,0.010803598732981244,Influenza A (H3N2),0.8226203378987185,0.05586739312358215,0.9780370515602751,0.9103621368822857,0.1052742807099222,0.7997032383655676,0.08963786311771427,1.5
0,0.97,0.008049491769699922,Influenza A (H3N2),0.8226203378987185,0.05322345337221958,0.9788878715145924,0.9444433719068492,0.10076818531742877,0.8708551970855947,0.05555662809315076,1.5
0,0.98,0.005331406132809247,Influenza A (H3N2),0.8226203378987185,0.05111209003808239,0.9797269039403407,0.9727322468520584,0.09712097121143408,0.9339911220477914,0.02726775314794161,1.5
0,0.99,0.0026485102753974754,Influenza A (H3N2),0.8226203378987185,0.04965148133069608,0.980551287550325,0.9924548464706558,0.09457164200329059,0.9809607296413925,0.007545153529344151,1.5
1,0.5,0.2010956579606304,Influenza A (H3N2),0.8226203378987185,0.7911641289257545,0.8513798252789808,0.04142274920906984,0.0787237804398757,0.00805214934841552,0.9585772507909301,1.5
1,0.51,0.1947986185334857,Influenza A (H3N2),0.8226203378987185,0.7821882842109334,0.8516580375144798,0.04374711661917825,0.08285994777107059,0.008601567810373448,0.9562528833808217,1.5
1,0.52,0.18865731155396073,Influenza A (H3N2),0.8226203378987185,0.7728416322311527,0.8519524305425364,0.04621839945412933,0.08722072104957913,0.00919737476413118,0.9537816005458707,1.5
1,0.53,0.18266499994017857,Influenza A (H3N2),0.8226203378987185,0.7631130882221564,0.852264131624755,0.04884826940623573,0.09181903392491436,0.00984463843081389,0.9511517305937642,1.5
1,0.54,0.1768153582457923,Influenza A (H3N2),0.8226203378987185,0.752992174951781,0.8525943522517823,0.051649482626248605,0.09666826441707481,0.010549090126689795,0.9483505173737514,1.5
1,0.55,0.17110244043428807,Influenza A (H3N2),0.8226203378987185,0.7424692089531204,0.8529443939169365,0.054635991760427875,0.10178215258518158,0.011317222998689749,0.9453640082395721,1.5
1,0.56,0.16552065071011157,Influenza A (H3N2),0.8226203378987185,0.7315355085609478,0.8533156540585137,0.05782307010792151,0.10717468623521,0.01215640681958758,0.9421769298920785,1.5
1,0.5700000000000001,0.16006471706779526,Influenza A (H3N2),0.8226203378987185,0.7201836237737351,0.8537096321114275,0.06122744915550414,0.1128599471771911,0.013075021596222123,0.9387725508444958,1.5
1,0.58,0.15472966726304535,Influenza A (H3N2),0.8226203378987185,0.7084075872926323,0.8541279355892377,0.06486747084293681,0.11885190924020134,0.014082613222096228,0.9351325291570631,1.5
1,0.59,0.14951080694649097,Influenza A (H3N2),0.8226203378987185,0.6962031852557444,0.854572286094119,0.06876325600312366,0.12516417786680492,0.015190074962509882,0.9312367439968763,1.5
1,0.6,0.14440369973244888,Influenza A (H3N2),0.8226203378987185,0.6835682451840313,0.8550445251244505,0.07293689050115128,0.13180965970282532,0.016409859206616216,0.9270631094988487,1.5
1,0.61,0.13940414900236886,Influenza A (H3N2),0.8226203378987185,0.6705029374860961,0.855546619517053,0.07741263065739484,0.13880014928196063,0.017756224667240604,0.9225873693426052,1.5
1,0.62,0.13450818126629016,Influenza A (H3N2),0.8226203378987185,0.6570100855472575,0.8560806663232768,0.082217129571484,0.14614581884551928,0.01924552506642284,0.917782870428516,1.5
1,0.63,0.1297120309261595,Influenza A (H3N2),0.8226203378987185,0.6430954779833788,0.8566488968749791,0.08737968595173663,0.15385459678177638,0.02089654632157934,0.9126203140482634,1.5
1,0.64,0.12501212630272315,Influenza A (H3N2),0.8226203378987185,0.6287681751211729,0.857253679747896,0.09293251697954746,0.16193142046340886,0.022730900350292647,0.9070674830204526,1.5
1,0.65,0.12040507680327484,Influenza A (H3N2),0.8226203378987185,0.6140408002446636,0.8578975222763485,0.09891105657482374,0.17037735087245195,0.02477348484245031,0.9010889434251763,1.5
1,0.66,0.1158876611211453,Influenza A (H3N2),0.8226203378987185,0.5989298047164612,0.8585830702153903,0.10535428014347377,0.17918853993391912,0.027053019700114797,0.8946457198565262,1.5
1,0.67,0.11145681636974225,Influenza A (H3N2),0.8226203378987185,0.5834556948593086,0.8593131050857447,0.11230505643732247,0.18835504767332262,0.029602672298880254,0.8876949435626775,1.5
1,0.6799999999999999,0.10710962806440108,Influenza A (H3N2),0.8226203378987185,0.5676432076040856,0.860090538675311,0.11981052648342899,0.19785951602418692,0.032460785241477684,0.880189473516571,1.5
1,0.69,0.10284332087450637,Influenza A (H3N2),0.8226203378987185,0.5515214215243534,0.8609184041116635,0.1279225085689637,0.20767572023559408,0.03567172178916765,0.8720774914310363,1.5
1,0.7,0.09865525007644932,Influenza A (H3N2),0.8226203378987185,0.535123790135098,0.8617998428669816,0.13669792690288995,0.21776703816720705,0.03928684556330565,0.86330207309711,1.5
1,0.71,0.09454289364513643,Influenza A (H3N2),0.8226203378987185,0.5184880853731041,0.8627380870156506,0.14619925969135858,0.22808490278383814,0.043365652245903996,0.8538007403086414,1.5
1,0.72,0.09050384492809577,Influenza A (H3N2),0.8226203378987185,0.5016562411059022,0.8637364360421613,0.15649499979826667,0.23856733368097824,0.047977071632048306,0.8435050002017334,1.5
1,0.73,0.08653580585182973,Influenza A (H3N2),0.8226203378987185,0.4846740893933952,0.8647982275011077,0.16766011770753814,0.2491376781807101,0.053200958146042414,0.8323398822924619,1.5
1,0.74,0.08263658061504456,Influenza A (H3N2),0.8226203378987185,0.46759098603995075,0.8659268008714939,0.1797765118914718,0.25970372850278967,0.05912978632209313,0.8202234881085282,1.5
1,0.75,0.07880406982780357,Influenza A (H3N2),0.8226203378987185,0.4504593266298649,0.8671254540346371,0.19293342557633528,0.27015741371502394,0.06587056405556745,0.8070665744236647,1.5
1,0.76,0.07503626505959801,Influenza A (H3N2),0.8226203378987185,0.4333339595487409,0.8683973919494101,0.207227800841926,0.28037528625699737,0.0735469696550355,0.7927721991580741,1.5
1,0.77,0.07133124376284046,Influenza A (H3N2),0.8226203378987185,0.4162715081813144,0.8697456673105884,0.22276453043309197,0.29022002343951997,0.0823017074876752,0.777235469566908,1.5
1,0.78,0.06768716454142513,Influenza A (H3N2),0.8226203378987185,0.3993296201931218,0.8711731132639495,0.23965655387923673,0.2995431341728868,0.09229905941452918,0.7603434461207632,1.5
1,0.79,0.06410226273680944,Influenza A (H3N2),0.8226203378987185,0.3825661671560627,0.8726822686202832,0.2580247265959451,0.30818899128315097,0.10372758267039671,0.7419752734040549,1.5
1,0.8,0.06057484630658951,Influenza A (H3N2),0.8226203378987185,0.36603842237262696,0.8742752964589607,0.2779973674139679,0.3160001956589101,0.11680286584815845,0.722002632586032,1.5
1,0.81,0.05710329197279877,Influenza A (H3N2),0.8226203378987185,0.3498022482480616,0.8759538975319665,0.29970935996107384,0.3228241238811369,0.1317701984695889,0.7002906400389262,1.5
1,0.8200000000000001,0.05368604161919024,Influenza A (H3N2),0.8226203378987185,0.33391132672103685,0.8777192204535585,0.32330064462742214,0.32852033098487504,0.14890692991856871,0.6766993553725779,1.5
1,0.8300000000000001,0.05032159891858897,Influenza A (H3N2),0.8226203378987185,0.3184164670237274,0.87957177126026,0.3489138880859399,0.33296830179882736,0.1685241818031556,0.6510861119140601,1.5
1,0.8400000000000001,0.04700852617304747,Influenza A (H3N2),0.8226203378987185,0.30336502455254255,0.8815113255102385,0.37669105348973336,0.33607490435085013,0.19096742282853685,0.6233089465102666,1.5
1,0.8500000000000001,0.04374544135101994,Influenza A (H3N2),0.8226203378987185,0.2888004633089615,0.8835368466090978,0.4067685127015033,0.337780835486613,0.216615202071128,0.5932314872984967,1.5
1,0.86,0.040531015307114594,Influenza A (H3N2),0.8226203378987185,0.27476209295565485,0.8856464144412061,0.4392702373902784,0.3380653919130138,0.2458750454352468,0.5607297626097216,1.5
1,0.87,0.0373639691711951,Influenza A (H3N2),0.8226203378987185,0.2612850111680006,0.8878371685890497,0.47429847245844264,0.33694905998244135,0.2791751251227179,0.5257015275415573,1.5
1,0.88,0.03424307189470122,Influenza A (H3N2),0.8226203378987185,0.24840028434162847,0.8901052703781264,0.5119211253500452,0.3344936798478535,0.31694977916335004,0.4880788746499548,1.5
1,0.89,0.031167137943053577,Influenza A (H3N2),0.8226203378987185,0.23613540740215883,0.8924458876437097,0.5521548886652927,0.3308002654212961,0.35961624301895434,0.4478451113347073,1.5
1,0.9,0.02813502512391347,Influenza A (H3N2),0.8226203378987185,0.2245151005074736,0.894853205451236,0.5949428390052645,0.3260048987380451,0.4075390001032659,0.40505716099473554,1.5
1,0.91,0.02514563254188755,Influenza A (H3N2),0.8226203378987185,0.21356253367563557,0.8973204650157857,0.6401249068280928,0.3202734173772598,0.4609768875500073,0.35987509317190725,1.5
1,0.9199999999999999,0.02219789867101719,Influenza A (H3N2),0.8226203378987185,0.2033011321188173,0.8998400317945463,0.6873991711698301,0.3137958507488572,0.5200064102708302,0.31260082883016993,1.5
1,0.9299999999999999,0.019290799537069667,Influenza A (H3N2),0.8226203378987185,0.19375722880244284,0.9024034922420512,0.7362713753965364,0.3067817499361007,0.5844124943618667,0.2637286246034636,1.5
1,0.94,0.01642334700227208,Influenza A (H3N2),0.8226203378987185,0.1849640438517425,0.9050017771270356,0.7859893557229217,0.2994577694925881,0.6535349879606177,0.21401064427707828,1.5
1,0.95,0.013594587145690928,Influenza A (H3N2),0.8226203378987185,0.17696788391495097,0.9076253077414205,0.8354581855994171,0.29206926146394524,0.7260553850966055,0.1645418144005829,1.5
1,0.96,0.010803598732981244,Influenza A (H3N2),0.8226203378987185,0.1698382974055474,0.9102641599254053,0.883130719498577,0.28488856818819636,0.7997032383655676,0.11686928050142298,1.5
1,0.97,0.008049491769699922,Influenza A (H3N2),0.8226203378987185,0.16368575035598948,0.9129082397200048,0.9268668108886797,0.27823489634873055,0.8708551970855947,0.07313318911132027,1.5
1,0.98,0.005331406132809247,Influenza A (H3N2),0.8226203378987185,0.1586946748700804,0.9155474637469607,0.9637527087922209,0.2725159771461589,0.9339911220477914,0.03624729120777914,1.5
1,0.99,0.0026485102753974754,Influenza A (H3N2),0.8226203378987185,0.15519080773782293,0.918171937173996,0.9898699152077971,0.2683153978092808,0.9809607296413925,0.010130084792202898,1.5
2,0.5,0.2010956579606304,Influenza A (H3N2),0.8226203378987185,0.9203282727356856,0.7028169443055349,0.024522181309154976,0.047771489490959954,0.00805214934841552,0.975477818690845,1.5
2,0.51,0.1947986185334857,Influenza A (H3N2),0.8226203378987185,0.9150809522226409,0.7031167554549747,0.026046036612866252,0.0506504058816089,0.008601567810373448,0.9739539633871337,1.5
2,0.52,0.18865731155396073,Influenza A (H3N2),0.8226203378987185,0.9094979621353996,0.7034366755206074,0.027680257577580934,0.05372540105744867,0.00919737476413118,0.972319742422419,1.5
2,0.53,0.18266499994017857,Influenza A (H3N2),0.8226203378987185,0.9035604692843432,0.7037783167052452,0.02943482826805286,0.05701239290906991,0.00984463843081389,0.9705651717319471,1.5
2,0.54,0.1768153582457923,Influenza A (H3N2),0.8226203378987185,0.8972492441394191,0.7041434314889026,0.03132078351420738,0.060528659114678474,0.010549090126689795,0.9686792164857926,1.5
2,0.55,0.17110244043428807,Influenza A (H3N2),0.8226203378987185,0.8905447921918979,0.7045339244906386,0.03335033153482995,0.06429293391313703,0.011317222998689749,0.9666496684651701,1.5
2,0.56,0.16552065071011157,Influenza A (H3N2),0.8226203378987185,0.8834275144157507,0.7049518650532498,0.03553699168015581,0.06832550337158905,0.01215640681958758,0.9644630083198442,1.5
2,0.5700000000000001,0.16006471706779526,Influenza A (H3N2),0.8226203378987185,0.8758778995570078,0.7053995005114593,0.037895749149517,0.07264829580980496,0.013075021596222123,0.962104250850483,1.5
2,0.58,0.15472966726304535,Influenza A (H3N2),0.8226203378987185,0.8678767506608304,0.7058792700760548,0.04044322874125188,0.07728496288124238,0.014082613222096228,0.9595567712587482,1.5
2,0.59,0.14951080694649097,Influenza A (H3N2),0.8226203378987185,0.8594054477348518,0.7063938192311143,0.0431978899037794,0.08226094534744928,0.015190074962509882,0.9568021100962206,1.5
2,0.6,0.14440369973244888,Influenza A (H3N2),0.8226203378987185,0.8504462477093067,0.7069460144978448,0.04618024557511763,0.08760351576003414,0.016409859206616216,0.9538197544248823,1.5
2,0.61,0.13940414900236886,Influenza A (H3N2),0.8226203378987185,0.840982621858643,0.7075389583654571,0.049413107517024595,0.09334178802269981,0.017756224667240604,0.9505868924829755,1.5
2,0.62,0.13450818126629016,Influenza A (H3N2),0.8226203378987185,0.8309996295718015,0.7081760041256978,0.052921861060132566,0.0995066810872076,0.01924552506642284,0.9470781389398675,1.5
2,0.63,0.1297120309261595,Influenza A (H3N2),0.8226203378987185,0.8204843257871888,0.7088607702720714,0.05673477236466111,0.10613082079581129,0.02089654632157934,0.9432652276353389,1.5
2,0.64,0.12501212630272315,Influenza A (H3N2),0.8226203378987185,0.8094261975495151,0.7095971540365459,0.06088333144872105,0.11324836009875508,0.022730900350292647,0.939116668551279,1.5
2,0.65,0.12040507680327484,Influenza A (H3N2),0.8226203378987185,0.7978176230284473,0.7103893435351594,0.0654026343167629,0.12089469357652359,0.02477348484245031,0.9345973656832371,1.5
2,0.66,0.1158876611211453,Influenza A (H3N2),0.8226203378987185,0.785654344023041,0.7112418278795609,0.07033180749854881,0.1291060374890504,0.027053019700114797,0.9296681925014512,1.5
2,0.67,0.11145681636974225,Influenza A (H3N2),0.8226203378987185,0.7729359405554863,0.7121594044851174,0.0757144781354464,0.13791884168645457,0.029602672298880254,0.9242855218645536,1.5
2,0.6799999999999999,0.10710962806440108,Influenza A (H3N2),0.8226203378987185,0.7596662937650922,0.7131471826700043,0.08159929236035796,0.14736899505598844,0.032460785241477684,0.9184007076396421,1.5
2,0.69,0.10284332087450637,Influenza A (H3N2),0.8226203378987185,0.7458540211191781,0.7142105824974233,0.08804048402243074,0.1574907824060015,0.03567172178916765,0.9119595159775693,1.5
2,0.7,0.09865525007644932,Influenza A (H3N2),0.8226203378987185,0.7315128661647853,0.7153553276705295,0.09509849469130727,0.16831554879078348,0.03928684556330565,0.9049015053086927,1.5
2,0.71,0.09454289364513643,Influenza A (H3N2),0.8226203378987185,0.7166620238803741,0.7165874311549578,0.1028406441836633,0.17987002866491306,0.043365652245903996,0.8971593558163367,1.5
2,0.72,0.09050384492809577,Influenza A (H3N2),0.8226203378987185,0.701326382382307,0.717913172087977,0.11134184838383794,0.19217430380213016,0.047977071632048306,0.888658151616162,1.5
2,0.73,0.08653580585182973,Influenza A (H3N2),0.8226203378987185,0.6855366625135733,0.7193390624503209,0.12068537761360026,0.2052393679794894,0.053200958146042414,0.8793146223863997,1.5
2,0.74,0.08263658061504456,Influenza A (H3N2),0.8226203378987185,0.6693294388654325,0.7208718019438358,0.1309636438944194,0.21906430073675393,0.05912978632209313,0.8690363561055806,1.5
2,0.75,0.07880406982780357,Influenza A (H3N2),0.8226203378987185,0.6527470291585309,0.7225182195554082,0.14227899868384458,0.2336330898614133,0.06587056405556745,0.8577210013161554,1.5
2,0.76,0.07503626505959801,Influenza A (H3N2),0.8226203378987185,0.6358372436429782,0.7242852004175878,0.15474451346382267,0.24891119488966096,0.0735469696550355,0.8452554865361773,1.5
2,0.77,0.07133124376284046,Influenza A (H3N2),0.8226203378987185,0.6186529921543484,0.7261795968223459,0.16848470314535152,0.2648420126631651,0.0823017074876752,0.8315152968546484,1.5
2,0.78,0.06768716454142513,Influenza A (H3N2),0.8226203378987185,0.6012517534486336,0.7282081226289572,0.18363613563752743,0.28134348888258626,0.09229905941452918,0.8163638643624725,1.5
2,0.79,0.06410226273680944,Influenza A (H3N2),0.8226203378987185,0.5836949190845016,0.7303772308488491,0.20034784882753506,0.2983052103689884,0.10372758267039671,0.7996521511724649,1.5
2,0.8,0.06057484630658951,Influenza A (H3N2),0.8226203378987185,0.5660470319933186,0.732692974900913,0.21878146697958875,0.3155863993242057,0.11680286584815845,0.7812185330204112,1.5
2,0.81,0.05710329197279877,Influenza A (H3N2),0.8226203378987185,0.5483749475106473,0.7351608549104274,0.23911087006164808,0.3330152947351175,0.1317701984695889,0.7608891299383519,1.5
2,0.8200000000000001,0.05368604161919024,Influenza A (H3N2),0.8226203378987185,0.5307469516080741,0.7377856514577402,0.2615212190236203,0.3503904231491317,0.14890692991856871,0.7384787809763798,1.5
2,0.8300000000000001,0.05032159891858897,Influenza A (H3N2),0.8226203378987185,0.5132318770512587,0.7405712503338208,0.28620707408941237,0.36748420539346616,0.1685241818031556,0.7137929259105876,1.5
2,0.8400000000000001,0.04700852617304747,Influenza A (H3N2),0.8226203378987185,0.4958982631241474,0.7435204630704395,0.3133692572247765,0.38404919625902906,0.19096742282853685,0.6866307427752235,1.5
2,0.8500000000000001,0.04374544135101994,Influenza A (H3N2),0.8226203378987185,0.478813608626731,0.7466348492011867,0.3432099984074457,0.39982700362378115,0.216615202071128,0.6567900015925543,1.5
2,0.86,0.040531015307114594,Influenza A (H3N2),0.8226203378987185,0.46204377175053846,0.749914547272283,0.3759257608976239,0.4145595984007167,0.2458750454352468,0.6240742391023761,1.5
2,0.87,0.0373639691711951,Influenza A (H3N2),0.8226203378987185,0.4456525754634886,0.753358122440186,0.41169695415275787,0.42800235281116683,0.2791751251227179,0.5883030458472421,1.5
2,0.88,0.03424307189470122,Influenza A (H3N2),0.8226203378987185,0.4297016854061352,0.7569624389420435,0.4506735026246078,0.43993780442371516,0.31694977916335004,0.5493264973753922,1.5
2,0.89,0.031167137943053577,Influenza A (H3N2),0.8226203378987185,0.41425084265599343,0.7607225656896497,0.4929549295499198,0.45018892342569933,0.35961624301895434,0.5070450704500802,1.5
2,0.9,0.02813502512391347,Influenza A (H3N2),0.8226203378987185,0.39935856212737286,0.7646317226280384,0.5385632181739554,0.45863063837912416,0.4075390001032659,0.46143678182604464,1.5
2,0.91,0.02514563254188755,Influenza A (H3N2),0.8226203378987185,0.3850834593467326,0.7686812742695649,0.587406204832957,0.4651985964079405,0.4609768875500073,0.412593795167043,1.5
2,0.9199999999999999,0.02219789867101719,Influenza A (H3N2),0.8226203378987185,0.37148646294382304,0.7728607749746766,0.6392286089338947,0.4698945955247072,0.5200064102708302,0.36077139106610534,1.5
2,0.9299999999999999,0.019290799537069667,Influenza A (H3N2),0.8226203378987185,0.3586343438466968,0.7771580681802512,0.6935469762593144,0.4727887865041348,0.5844124943618667,0.3064530237406856,1.5
2,0.94,0.01642334700227208,Influenza A (H3N2),0.8226203378987185,0.346605318202754,0.7815594390220671,0.7495637565663392,0.4740195474181841,0.6535349879606177,0.2504362434336608,1.5
2,0.95,0.013594587145690928,Influenza A (H3N2),0.8226203378987185,0.33549811559890574,0.7860498168648008,0.8060543943049518,0.47379288821730053,0.7260553850966055,0.19394560569504815,1.5
2,0.96,0.010803598732981244,Influenza A (H3N2),0.8226203378987185,0.32544720068245075,0.7906130213846777,0.8612196073817714,0.4723845117947683,0.7997032383655676,0.1387803926182286,1.5
2,0.97,0.008049491769699922,Influenza A (H3N2),0.8226203378987185,0.3166496537652,0.7952320433011897,0.9124928692032555,0.47014979255394307,0.8708551970855947,0.08750713079674455,1.5
2,0.98,0.005331406132809247,Influenza A (H3N2),0.8226203378987185,0.30941582599423745,0.7998893488585991,0.9562903761172483,0.4675514366968326,0.9339911220477914,0.04370962388275168,1.5
2,0.99,0.0026485102753974754,Influenza A (H3N2),0.8226203378987185,0.30427295103107055,0.8045671958972422,0.9876873289132463,0.46522566201088117,0.9809607296413925,0.012312671086753713,1.5
3,0.5,0.2010956579606304,Influenza A (H3N2),0.8226203378987185,0.9714397699951407,0.5358986859901171,0.01670739857168961,0.03284982630520307,0.00805214934841552,0.9832926014283104,1.5
3,0.51,0.1947986185334857,Influenza A (H3N2),0.8226203378987185,0.9689086137181511,0.5361578847072836,0.017800883870589198,0.03495948859549558,0.008601567810373448,0.9821991161294108,1.5
3,0.52,0.18865731155396073,Influenza A (H3N2),0.8226203378987185,0.9661588982452621,0.5364360752985806,0.018979884868346602,0.037228429065123796,0.00919737476413118,0.9810201151316534,1.5
3,0.53,0.18266499994017857,Influenza A (H3N2),0.8226203378987185,0.9631732363255285,0.5367349361792477,0.020252810968727872,0.03967144360088725,0.00984463843081389,0.9797471890312721,1.5
3,0.54,0.1768153582457923,Influenza A (H3N2),0.8226203378987185,0.9599332491781091,0.5370563086094541,0.021629036323766962,0.04230486729479233,0.010549090126689795,0.978370963676233,1.5
3,0.55,0.17110244043428807,Influenza A (H3N2),0.8226203378987185,0.9564195975984886,0.5374022125190461,0.023119022763789576,0.04514673743121243,0.011317222998689749,0.9768809772362104,1.5
3,0.56,0.16552065071011157,Influenza A (H3N2),0.8226203378987185,0.9526120354457814,0.5377748636163242,0.024734459372180807,0.048216970773651356,0.01215640681958758,0.9752655406278192,1.5
3,0.5700000000000001,0.16006471706779526,Influenza A (H3N2),0.8226203378987185,0.948489489392529,0.5381766918015934,0.02648842098847553,0.05153755511928568,0.013075021596222123,0.9735115790115245,1.5
3,0.58,0.15472966726304535,Influenza A (H3N2),0.8226203378987185,0.9440301689764927,0.5386103608796002,0.028395548216804352,0.05513275452784317,0.014082613222096228,0.9716044517831957,1.5
3,0.59,0.14951080694649097,Influenza A (H3N2),0.8226203378987185,0.9392117110247862,0.539078789529607,0.030472251838119583,0.05902932683997531,0.015190074962509882,0.9695277481618804,1.5
3,0.6,0.14440369973244888,Influenza A (H3N2),0.8226203378987185,0.9340113623807281,0.5395851734459869,0.03273694487264695,0.06325675101010533,0.016409859206616216,0.967263055127353,1.5
3,0.61,0.13940414900236886,Influenza A (H3N2),0.8226203378987185,0.9284062045057793,0.540133008503942,0.035210305910373066,0.06784746030476259,0.017756224667240604,0.9647896940896269,1.5
3,0.62,0.13450818126629016,Influenza A (H3N2),0.8226203378987185,0.9223734229040315,0.5407261147321554,0.037915577715888334,0.07283707545668267,0.01924552506642284,0.9620844222841116,1.5
3,0.63,0.1297120309261595,Influenza A (H3N2),0.8226203378987185,0.9158906233784453,0.5413686607848192,0.04087890550935093,0.07826462929585788,0.02089654632157934,0.9591210944906491,1.5
3,0.64,0.12501212630272315,Influenza A (H3N2),0.8226203378987185,0.9089361958375735,0.5420651884974937,0.04412971971182634,0.08417277106195441,0.022730900350292647,0.9558702802881737,1.5
3,0.65,0.12040507680327484,Influenza A (H3N2),0.8226203378987185,0.9014897247035665,0.5428206369829129,0.047701168297191655,0.09060793438573257,0.02477348484245031,0.9522988317028084,1.5
3,0.66,0.1158876611211453,Influenza A (H3N2),0.8226203378987185,0.8935324429234806,0.5436403655729374,0.0516306041799895,0.09762044765491322,0.027053019700114797,0.9483693958200105,1.5
3,0.67,0.11145681636974225,Influenza A (H3N2),0.8226203378987185,0.8850477241824226,0.544530174741001,0.05596013324061321,0.1052645590126768,0.029602672298880254,0.9440398667593868,1.5
3,0.6799999999999999,0.10710962806440108,Influenza A (H3N2),0.8226203378987185,0.8760216052227087,0.5454963239465243,0.06073722857841919,0.11359834048245787,0.032460785241477684,0.9392627714215808,1.5
3,0.69,0.10284332087450637,Influenza A (H3N2),0.8226203378987185,0.8664433272964112,0.5465455451316035,0.06601541629648733,0.12268342667556885,0.03567172178916765,0.9339845837035127,1.5
3,0.7,0.09865525007644932,Influenza A (H3N2),0.8226203378987185,0.856305882875553,0.5476850503759569,0.07185503743155658,0.13258453339432988,0.03928684556330565,0.9281449625684435,1.5
3,0.71,0.09454289364513643,Influenza A (H3N2),0.8226203378987185,0.8456065510185029,0.5489225319868342,0.07832408937670195,0.14336869064363508,0.043365652245903996,0.921675910623298,1.5
3,0.72,0.09050384492809577,Influenza A (H3N2),0.8226203378987185,0.8343474024866044,0.5502661530783247,0.08549914807075715,0.15510411397298662,0.047977071632048306,0.9145008519292428,1.5
3,0.73,0.08653580585182973,Influenza A (H3N2),0.8226203378987185,0.8225357540921925,0.5517245264956069,0.09346636903731662,0.1678586291387859,0.053200958146042414,0.9065336309626834,1.5
3,0.74,0.08263658061504456,Influenza A (H3N2),0.8226203378987185,0.8101845511131298,0.5533066797853085,0.10232256063496649,0.18169756002881757,0.05912978632209313,0.8976774393650335,1.5
3,0.75,0.07880406982780357,Influenza A (H3N2),0.8226203378987185,0.797312657182451,0.5550220038295146,0.11217631608312063,0.19668099180583465,0.06587056405556745,0.8878236839168794,1.5
3,0.76,0.07503626505959801,Influenza A (H3N2),0.8226203378987185,0.7839450330528653,0.5568801827787695,0.1231491812341451,0.21286033453298736,0.0735469696550355,0.8768508187658549,1.5
3,0.77,0.07133124376284046,Influenza A (H3N2),0.8226203378987185,0.7701127891575237,0.5588911030729918,0.1353768217258026,0.23027414232800547,0.0823017074876752,0.8646231782741974,1.5
3,0.78,0.06768716454142513,Influenza A (H3N2),0.8226203378987185,0.7558531019422422,0.5610647396642954,0.14901013482856257,0.24894319506877935,0.09229905941452918,0.8509898651714374,1.5
3,0.79,0.06410226273680944,Influenza A (H3N2),0.8226203378987185,0.7412089904071724,0.5634110180864037,0.16421622638093583,0.2688649291126917,0.10372758267039671,0.8357837736190642,1.5
3,0.8,0.06057484630658951,Influenza A (H3N2),0.8226203378987185,0.7262289569236846,0.5659396517797609,0.18117913957440843,0.2900074135490807,0.11680286584815845,0.8188208604255915,1.5
3,0.81,0.05710329197279877,Influenza A (H3N2),0.8226203378987185,0.7109665048457994,0.5686599550962405,0.20010017726980106,0.31230320775682613,0.1317701984695889,0.799899822730199,1.5
3,0.8200000000000001,0.05368604161919024,Influenza A (H3N2),0.8226203378987185,0.6954795543318542,0.5715806336713644,0.22119759945175635,0.3356435954599963,0.14890692991856871,0.7788024005482437,1.5
3,0.8300000000000001,0.05032159891858897,Influenza A (H3N2),0.8226203378987185,0.6798297867804579,0.5747095553398713,0.2447053977733928,0.35987385049621773,0.1685241818031556,0.7552946022266072,1.5
3,0.8400000000000001,0.04700852617304747,Influenza A (H3N2),0.8226203378987185,0.6640819571496163,0.5780535064269366,0.2708707439974957,0.3847903184572457,0.19096742282853685,0.7291292560025042,1.5
3,0.8500000000000001,0.04374544135101994,Influenza A (H3N2),0.8226203378987185,0.6483032222198983,0.5816179399834324,0.2999495708978534,0.4101401540346569,0.216615202071128,0.7000504291021465,1.5
3,0.86,0.040531015307114594,Influenza A (H3N2),0.8226203378987185,0.6325625420698794,0.5854067242264193,0.3321995630781012,0.4356244901699471,0.2458750454352468,0.6678004369218988,1.5
3,0.87,0.0373639691711951,Influenza A (H3N2),0.8226203378987185,0.6169302228204085,0.5894219009434403,0.36786959868120106,0.46090559427031075,0.2791751251227179,0.6321304013187989,1.5
3,0.88,0.03424307189470122,Influenza A (H3N2),0.8226203378987185,0.6014776832922559,0.5936634647500072,0.4071843750957551,0.485618176214153,0.31694977916335004,0.5928156249042449,1.5
3,0.89,0.031167137943053577,Influenza A (H3N2),0.8226203378987185,0.5862775505310192,0.5981291746802259,0.45032255208689953,0.5093844812857363,0.35961624301895434,0.5496774479131005,1.5
3,0.9,0.02813502512391347,Influenza A (H3N2),0.8226203378987185,0.571404226020423,0.6028144094859532,0.4973862282626508,0.531832206499785,0.4075390001032659,0.5026137717373492,1.5
3,0.91,0.02514563254188755,Influenza A (H3N2),0.8226203378987185,0.5569351279593793,0.6077120771081809,0.5483588983329147,0.5526137406806961,0.4609768875500073,0.45164110166708527,1.5
3,0.9199999999999999,0.02219789867101719,Influenza A (H3N2),0.8226203378987185,0.5429529274962785,0.6128125870198504,0.6030481772129337,0.5714248823907349,0.5200064102708302,0.3969518227870663,1.5
3,0.9299999999999999,0.019290799537069667,Influenza A (H3N2),0.8226203378987185,0.5295493010401634,0.6181038915606832,0.661008469426932,0.5880211471457266,0.5844124943618667,0.33899153057306797,1.5
3,0.94,0.01642334700227208,Influenza A (H3N2),0.8226203378987185,0.5168311028612615,0.6235715991237268,0.721437341137194,0.6022300874618707,0.6535349879606177,0.27856265886280596,1.5
3,0.95,0.013594587145690928,Influenza A (H3N2),0.8226203378987185,0.5049306055377567,0.6291991583309129,0.7830375324211595,0.6139586900507918,0.7260553850966055,0.21696246757884052,1.5
3,0.96,0.010803598732981244,Influenza A (H3N2),0.8226203378987185,0.4940229754012858,0.6349681084424462,0.8438342219448246,0.6231957998171369,0.7997032383655676,0.1561657780551754,1.5
3,0.97,0.008049491769699922,Influenza A (H3N2),0.8226203378987185,0.4843574542315754,0.6408583875133101,0.9009341900277007,0.6300105721713717,0.8708551970855947,0.0990658099722993,1.5
3,0.98,0.005331406132809247,Influenza A (H3N2),0.8226203378987185,0.47631647301468905,0.6468486865704303,0.9502097497662745,0.6345492279146654,0.9339911220477914,0.04979025023372552,1.5
3,0.99,0.0026485102753974754,Influenza A (H3N2),0.8226203378987185,0.4705369490101263,0.6529168356246887,0.9858855167770193,0.6370343413877662,0.9809607296413925,0.0141144832229807,1.5
4,0.5,0.2010956579606304,Influenza A (H3N2),0.8226203378987185,0.9902369263596513,0.37813408603729015,0.012761085287918037,0.025197453486002528,0.00805214934841552,0.9872389147120819,1.5
4,0.51,0.1947986185334857,Influenza A (H3N2),0.8226203378987185,0.9891516608906058,0.37832881586968503,0.013616866338635007,0.026863918420341575,0.008601567810373448,0.986383133661365,1.5
4,0.52,0.18865731155396073,Influenza A (H3N2),0.8226203378987185,0.987948815878033,0.37853863001608035,0.014542363649956305,0.028662817671486467,0.00919737476413118,0.9854576363500437,1.5
4,0.53,0.18266499994017857,Influenza A (H3N2),0.8226203378987185,0.9866164290608644,0.37876495524771114,0.015544787363852206,0.030607336121326396,0.00984463843081389,0.9844552126361478,1.5
4,0.54,0.1768153582457923,Influenza A (H3N2),0.8226203378987185,0.9851415306574077,0.3790093682824749,0.01663222315459048,0.03271216422750045,0.010549090126689795,0.9833677768454095,1.5
4,0.55,0.17110244043428807,Influenza A (H3N2),0.8226203378987185,0.9835101086336709,0.37927361189536435,0.017813750856892522,0.03499368136368796,0.011317222998689749,0.9821862491431075,1.5
4,0.56,0.16552065071011157,Influenza A (H3N2),0.8226203378987185,0.9817070850890254,0.3795596125770405,0.019099580270828705,0.03747016066755953,0.01215640681958758,0.9809004197291713,1.5
4,0.5700000000000001,0.16006471706779526,Influenza A (H3N2),0.8226203378987185,0.9797163070496192,0.3798694998203629,0.020501206690990658,0.04016199723246822,0.013075021596222123,0.9794987933090094,1.5
4,0.58,0.15472966726304535,Influenza A (H3N2),0.8226203378987185,0.9775205553685743,0.38020562709692163,0.022031589071691237,0.04309196134449166,0.014082613222096228,0.9779684109283088,1.5
4,0.59,0.14951080694649097,Influenza A (H3N2),0.8226203378987185,0.9751015758009143,0.3805705945596993,0.02370535414769107,0.046285478186503415,0.015190074962509882,0.976294645852309,1.5
4,0.6,0.14440369973244888,Influenza A (H3N2),0.8226203378987185,0.9724401366160685,0.38096727347196246,0.02553903028284096,0.049770934947389454,0.016409859206616216,0.974460969717159,1.5
4,0.61,0.13940414900236886,Influenza A (H3N2),0.8226203378987185,0.9695161172901992,0.3813988323141104,0.027551315317071213,0.05358001551128008,0.017756224667240604,0.9724486846829288,1.5
4,0.62,0.13450818126629016,Influenza A (H3N2),0.8226203378987185,0.9663086328361177,0.3818687644570097,0.029763383222850145,0.05774806176052061,0.01924552506642284,0.9702366167771499,1.5
4,0.63,0.1297120309261595,Influenza A (H3N2),0.8226203378987185,0.96279619812668,0.382380917209617,0.03219923495939111,0.06231445888215991,0.02089654632157934,0.9678007650406089,1.5
4,0.64,0.12501212630272315,Influenza A (H3N2),0.8226203378987185,0.9589569360927972,0.382939521947679,0.03488609951493015,0.06732303976474277,0.022730900350292647,0.9651139004850698,1.5
4,0.65,0.12040507680327484,Influenza A (H3N2),0.8226203378987185,0.9547688328759099,0.3835492249062361,0.03785489173511126,0.07282250041875497,0.02477348484245031,0.9621451082648887,1.5
4,0.66,0.1158876611211453,Influenza A (H3N2),0.8226203378987185,0.9502100418419324,0.384215118069131,0.04114073411896419,0.07886681412176706,0.027053019700114797,0.9588592658810358,1.5
4,0.67,0.11145681636974225,Influenza A (H3N2),0.8226203378987185,0.9452592367896933,0.38494276941186034,0.044783550278333015,0.08551562641488393,0.029602672298880254,0.955216449721667,1.5
4,0.6799999999999999,0.10710962806440108,Influenza A (H3N2),0.8226203378987185,0.939896012706645,0.3857382515491159,0.04882873813676856,0.09283460587205218,0.032460785241477684,0.9511712618632314,1.5
4,0.69,0.10284332087450637,Influenza A (H3N2),0.8226203378987185,0.9341013300665437,0.3866081676059602,0.053327931096864185,0.10089571643559843,0.03567172178916765,0.9466720689031358,1.5
4,0.7,0.09865525007644932,Influenza A (H3N2),0.8226203378987185,0.9278579959980103,0.3875596728747863,0.05833985520042271,0.10977736580402786,0.03928684556330565,0.9416601447995773,1.5
4,0.71,0.09454289364513643,Influenza A (H3N2),0.8226203378987185,0.9211511727978569,0.3886004905449578,0.06393128956281884,0.11956437071906369,0.043365652245903996,0.9360687104371812,1.5
4,0.72,0.09050384492809577,Influenza A (H3N2),0.8226203378987185,0.9139689013875568,0.38973891950817063,0.0701781358332638,0.1303476640850022,0.047977071632048306,0.9298218641667362,1.5
4,0.73,0.08653580585182973,Influenza A (H3N2),0.8226203378987185,0.9063026246317947,0.3909838319646137,0.07716659977849014,0.1422236510859658,0.053200958146042414,0.9228334002215098,1.5
4,0.74,0.08263658061504456,Influenza A (H3N2),0.8226203378987185,0.898147693208489,0.39234465830291443,0.08499448385189134,0.15529310284555936,0.05912978632209313,0.9150055161481087,1.5
4,0.75,0.07880406982780357,Influenza A (H3N2),0.8226203378987185,0.8895038352143173,0.39383135652661017,0.09377258317974971,0.1696594585530116,0.06587056405556745,0.9062274168202503,1.5
4,0.76,0.07503626505959801,Influenza A (H3N2),0.8226203378987185,0.8803755701788208,0.3954543633835015,0.1036261679507626,0.1854263933893271,0.0735469696550355,0.8963738320492374,1.5
4,0.77,0.07133124376284046,Influenza A (H3N2),0.8226203378987185,0.8707725488814714,0.39722452435925426,0.11469652164390505,0.20269450454991264,0.0823017074876752,0.8853034783560949,1.5
4,0.78,0.06768716454142513,Influenza A (H3N2),0.8226203378987185,0.8607098024951807,0.3991529998644616,0.12714248542808154,0.22155697741331004,0.09229905941452918,0.8728575145719184,1.5
4,0.79,0.06410226273680944,Influenza A (H3N2),0.8226203378987185,0.8502078882048341,0.40125114531777784,0.14114193250903895,0.24209412634834993,0.10372758267039671,0.858858067490961,1.5
4,0.8,0.06057484630658951,Influenza A (H3N2),0.8226203378987185,0.8392929235564893,0.4035303634464569,0.15689305967882694,0.26436676877526494,0.11680286584815845,0.8431069403211731,1.5
4,0.81,0.05710329197279877,Influenza A (H3N2),0.8226203378987185,0.8279965082670444,0.406001928021106,0.174615333557227,0.2884084955793092,0.1317701984695889,0.825384666442773,1.5
4,0.8200000000000001,0.05368604161919024,Influenza A (H3N2),0.8226203378987185,0.8163555398739001,0.40867677942981406,0.19454986171328756,0.3142170516489134,0.14890692991856871,0.8054501382867124,1.5
4,0.8300000000000001,0.05032159891858897,Influenza A (H3N2),0.8226203378987185,0.8044119382112729,0.41156529397156605,0.21695886843058704,0.3417452363656002,0.1685241818031556,0.783041131569413,1.5
4,0.8400000000000001,0.04700852617304747,Influenza A (H3N2),0.8226203378987185,0.7922123031012198,0.4146770304732783,0.24212383407265162,0.37089196313006545,0.19096742282853685,0.7578761659273484,1.5
4,0.8500000000000001,0.04374544135101994,Influenza A (H3N2),0.8226203378987185,0.779807539853151,0.41802045973622204,0.27034169640859385,0.401494351310595,0.216615202071128,0.7296583035914062,1.5
4,0.86,0.040531015307114594,Influenza A (H3N2),0.8226203378987185,0.767252498526781,0.4216026842841667,0.30191829971470435,0.4333219167378419,0.2458750454352468,0.6980817002852957,1.5
4,0.87,0.0373639691711951,Influenza A (H3N2),0.8226203378987185,0.7546056863682999,0.42542915776806023,0.3371579972966292,0.46607401541425186,0.2791751251227179,0.6628420027033708,1.5
4,0.88,0.03424307189470122,Influenza A (H3N2),0.8226203378987185,0.7419291302900775,0.429503415001382,0.3763479451068089,0.4993816107702175,0.31694977916335004,0.6236520548931911,1.5
4,0.89,0.031167137943053577,Influenza A (H3N2),0.8226203378987185,0.7292884912752846,0.43382682476203205,0.41973514246770055,0.532814121130526,0.35961624301895434,0.5802648575322995,1.5
4,0.9,0.02813502512391347,Influenza A (H3N2),0.8226203378987185,0.7167535715340331,0.4383983780118408,0.46749364738195687,0.5658915403444317,0.4075390001032659,0.5325063526180431,1.5
4,0.91,0.02514563254188755,Influenza A (H3N2),0.8226203378987185,0.7043994196738661,0.4432145238953732,0.519678576114057,0.5981012463116027,0.4609768875500073,0.480321423885943,1.5
4,0.9199999999999999,0.02219789867101719,Influenza A (H3N2),0.8226203378987185,0.6923083505381051,0.448269064685337,0.5761624355724818,0.6289180165295932,0.5200064102708302,0.4238375644275182,1.5
4,0.9299999999999999,0.019290799537069667,Influenza A (H3N2),0.8226203378987185,0.6805733961095823,0.45355311872352067,0.636547963642535,0.6578248939556651,0.5844124943618667,0.36345203635746504,1.5
4,0.94,0.01642334700227208,Influenza A (H3N2),0.8226203378987185,0.6693040755867888,0.45905515744184555,0.7000498795146328,0.6843318131556149,0.6535349879606177,0.2999501204853672,1.5
4,0.95,0.013594587145690928,Influenza A (H3N2),0.8226203378987185,0.6586360944719176,0.4647611189162021,0.7653356622518647,0.7079883279502801,0.7260553850966055,0.23466433774813533,1.5
4,0.96,0.010803598732981244,Influenza A (H3N2),0.8226203378987185,0.6487480572143964,0.4706545963736286,0.8303125408775855,0.7283861776454186,0.7997032383655676,0.16968745912241445,1.5
4,0.97,0.008049491769699922,Influenza A (H3N2),0.8226203378987185,0.6398914845151824,0.4767170959710665,0.8918441156680227,0.7451461663000896,0.8708551970855947,0.10815588433197731,1.5
4,0.98,0.005331406132809247,Influenza A (H3N2),0.8226203378987185,0.6324479529575244,0.48292835434588866,0.9453752142898733,0.7578803904844204,0.9339911220477914,0.054624785710126744,1.5
4,0.99,0.0026485102753974754,Influenza A (H3N2),0.8226203378987185,0.6270466130452119,0.48926670323970733,0.9844374361738106,0.7661114119086165,0.9809607296413925,0.015562563826189368,1.5
5,0.5,0.2010956579606304,Influenza A (H3N2),0.8226203378987185,0.9967890434101989,0.24779719413132517,0.01064252130475696,0.02106018711820468,0.00805214934841552,0.989357478695243,1.5
5,0.51,0.1947986185334857,Influenza A (H3N2),0.8226203378987185,0.9963606881077076,0.24792902373990766,0.011363801854898726,0.022471311451578754,0.008601567810373448,0.9886361981451013,1.5
5,0.52,0.18865731155396073,Influenza A (H3N2),0.8226203378987185,0.9958766779375471,0.24807143140267696,0.012145038505928941,0.023997420697208408,0.00919737476413118,0.987854961494071,1.5
5,0.53,0.18266499994017857,Influenza A (H3N2),0.8226203378987185,0.9953301613876668,0.24822546631055264,0.0129926095106071,0.025650389923296008,0.00984463843081389,0.9870073904893929,1.5
5,0.54,0.1768153582457923,Influenza A (H3N2),0.8226203378987185,0.9947135474667631,0.24839229465696178,0.01391369524878002,0.027443520407050254,0.010549090126689795,0.9860863047512199,1.5
5,0.55,0.17110244043428807,Influenza A (H3N2),0.8226203378987185,0.9940184523048539,0.2485732131941495,0.014916391418383485,0.02939172614350154,0.011317222998689749,0.9850836085816165,1.5
5,0.56,0.16552065071011157,Influenza A (H3N2),0.8226203378987185,0.9932356485081116,0.24876966425249303,0.0160098393947311,0.031511744970550225,0.01215640681958758,0.9839901606052689,1.5
5,0.5700000000000001,0.16006471706779526,Influenza A (H3N2),0.8226203378987185,0.9923550193052024,0.24898325233172136,0.01720437644726705,0.03382237715441498,0.013075021596222123,0.982795623552733,1.5
5,0.58,0.15472966726304535,Influenza A (H3N2),0.8226203378987185,0.9913655199327559,0.2492157623651512,0.018511708915914818,0.036344754411765705,0.014082613222096228,0.9814882910840852,1.5
5,0.59,0.14951080694649097,Influenza A (H3N2),0.8226203378987185,0.9902551491349786,0.2494691797440841,0.0199451119181011,0.039102642393665475,0.015190074962509882,0.9800548880818989,1.5
5,0.6,0.14440369973244888,Influenza A (H3N2),0.8226203378987185,0.989010934077722,0.24974571216760344,0.02151965968675276,0.04212277957571768,0.016409859206616216,0.9784803403132473,1.5
5,0.61,0.13940414900236886,Influenza A (H3N2),0.8226203378987185,0.9876189323747578,0.25004781335111415,0.023252491232188376,0.045435255225330325,0.017756224667240604,0.9767475087678116,1.5
5,0.62,0.13450818126629016,Influenza A (H3N2),0.8226203378987185,0.9860642552600564,0.25037820858272675,0.02516311667796751,0.0490739285656968,0.01924552506642284,0.9748368833220324,1.5
5,0.63,0.1297120309261595,Influenza A (H3N2),0.8226203378987185,0.9843311161734598,0.250739922057325,0.02727377034034933,0.05307689031414773,0.02089654632157934,0.9727262296596507,1.5
5,0.64,0.12501212630272315,Influenza A (H3N2),0.8226203378987185,0.9824029091107646,0.25113630584102853,0.029609817396067935,0.05748696629249212,0.022730900350292647,0.9703901826039321,1.5
5,0.65,0.12040507680327484,Influenza A (H3N2),0.8226203378987185,0.9802623209702113,0.2515710702207159,0.03220022179946623,0.062352260599295925,0.02477348484245031,0.9677997782005338,1.5
5,0.66,0.1158876611211453,Influenza A (H3N2),0.8226203378987185,0.9778914817521194,0.25204831507138026,0.035078083943006474,0.06772673265955927,0.027053019700114797,0.9649219160569935,1.5
5,0.67,0.11145681636974225,Influenza A (H3N2),0.8226203378987185,0.9752721557864543,0.2525725617256145,0.03828125736532442,0.07367079803085856,0.029602672298880254,0.9617187426346756,1.5
5,0.6799999999999999,0.10710962806440108,Influenza A (H3N2),0.8226203378987185,0.9723859761340852,0.2531487846524537,0.04185305453812068,0.08025193679298787,0.032460785241477684,0.9581469454618793,1.5
5,0.69,0.10284332087450637,Influenza A (H3N2),0.8226203378987185,0.9692147229087352,0.2537824420461162,0.045843052318246584,0.08754528527203176,0.03567172178916765,0.9541569476817534,1.5
5,0.7,0.09865525007644932,Influenza A (H3N2),0.8226203378987185,0.9657406445015742,0.2544795041896333,0.05030800790589082,0.09563417630348174,0.03928684556330565,0.9496919920941091,1.5
5,0.71,0.09454289364513643,Influenza A (H3N2),0.8226203378987185,0.9619468185971881,0.25524647819699164,0.055312895921440695,0.10461057977550113,0.043365652245903996,0.9446871040785593,1.5
5,0.72,0.09050384492809577,Influenza A (H3N2),0.8226203378987185,0.9578175475276447,0.2560904274565572,0.06093207624719984,0.11457537843421875,0.047977071632048306,0.9390679237528001,1.5
5,0.73,0.08653580585182973,Influenza A (H3N2),0.8226203378987185,0.9533387800455277,0.2570189838085707,0.06725060022245086,0.12563839368300414,0.053200958146042414,0.9327493997775491,1.5
5,0.74,0.08263658061504456,Influenza A (H3N2),0.8226203378987185,0.9484985491767002,0.25804035020575866,0.07436565914681317,0.13791805253393344,0.05912978632209313,0.9256343408531869,1.5
5,0.75,0.07880406982780357,Influenza A (H3N2),0.8226203378987185,0.943287413647359,0.25916329134967564,0.08238817317800734,0.15154056075909172,0.06587056405556745,0.9176118268219926,1.5
5,0.76,0.07503626505959801,Influenza A (H3N2),0.8226203378987185,0.9376988887014444,0.2603971095934524,0.09144450971430305,0.16663842039690305,0.0735469696550355,0.9085554902856969,1.5
5,0.77,0.07133124376284046,Influenza A (H3N2),0.8226203378987185,0.9317298511746961,0.26175160328751246,0.10167830703053585,0.18334810524776557,0.0823017074876752,0.8983216929694642,1.5
5,0.78,0.06768716454142513,Influenza A (H3N2),0.8226203378987185,0.9253809036957948,0.26323700475700273,0.11325235968670802,0.2018066908646103,0.09229905941452918,0.886747640313292,1.5
5,0.79,0.06410226273680944,Influenza A (H3N2),0.8226203378987185,0.9186566840288612,0.26486389528005905,0.12635049491614078,0.22214723309795792,0.10372758267039671,0.8736495050838592,1.5
5,0.8,0.06057484630658951,Influenza A (H3N2),0.8226203378987185,0.9115661079814228,0.266643094826562,0.14117933099751445,0.24449271119074423,0.11680286584815845,0.8588206690024855,1.5
5,0.81,0.05710329197279877,Influenza A (H3N2),0.8226203378987185,0.9041225380333269,0.268585524955396,0.15796975578716832,0.26894840940996073,0.1317701984695889,0.8420302442128317,1.5
5,0.8200000000000001,0.05368604161919024,Influenza A (H3N2),0.8226203378987185,0.8963438748840296,0.27070204418155575,0.17697789122035565,0.2955927174774728,0.14890692991856871,0.8230221087796443,1.5
5,0.8300000000000001,0.05032159891858897,Influenza A (H3N2),0.8226203378987185,0.8882525754152777,0.2730032563227045,0.19848521123815502,0.3244664945479831,0.1685241818031556,0.801514788761845,1.5
5,0.8400000000000001,0.04700852617304747,Influenza A (H3N2),0.8226203378987185,0.8798756080803978,0.2754992938029789,0.22279734783478738,0.3555613672272051,0.19096742282853685,0.7772026521652127,1.5
5,0.8500000000000001,0.04374544135101994,Influenza A (H3N2),0.8226203378987185,0.871244365513607,0.2781995795836151,0.25024094176548095,0.38880760919275814,0.216615202071128,0.749759058234519,1.5
5,0.86,0.040531015307114594,Influenza A (H3N2),0.8226203378987185,0.8623945644868176,0.28111257322267846,0.2811576566314415,0.42406254889820466,0.2458750454352468,0.7188423433685585,1.5
5,0.87,0.0373639691711951,Influenza A (H3N2),0.8226203378987185,0.8533661759484183,0.284245508419965,0.31589415905834384,0.46110071888909376,0.2791751251227179,0.6841058409416562,1.5
5,0.88,0.03424307189470122,Influenza A (H3N2),0.8226203378987185,0.8442034442490582,0.28760413112490935,0.3547864495760242,0.499607118037426,0.31694977916335004,0.6452135504239758,1.5
5,0.89,0.031167137943053577,Influenza A (H3N2),0.8226203378987185,0.8349550776198995,0.29119244869901706,0.39813637772001614,0.5391749147606975,0.35961624301895434,0.6018636222799838,1.5
5,0.9,0.02813502512391347,Influenza A (H3N2),0.8226203378987185,0.825674726710429,0.2950125015475755,0.4461774510865757,0.5793085885631319,0.4075390001032659,0.5538225489134243,1.5
5,0.91,0.02514563254188755,Influenza A (H3N2),0.8226203378987185,0.8164219240482342,0.2990641689012272,0.49902610058264796,0.6194328343794426,0.4609768875500073,0.500973899417352,1.5
5,0.9199999999999999,0.02219789867101719,Influenza A (H3N2),0.8226203378987185,0.8072637525124626,0.3033450199098784,0.5566133275926488,0.6589065394313409,0.5200064102708302,0.4433866724073512,1.5
5,0.9299999999999999,0.019290799537069667,Influenza A (H3N2),0.8226203378987185,0.7982776799279316,0.30785021984682637,0.6185900497351827,0.6970398427332619,0.5844124943618667,0.3814099502648173,1.5
5,0.94,0.01642334700227208,Influenza A (H3N2),0.8226203378987185,0.7895563097431471,0.31257249903018614,0.6841973738058189,0.7331107764184613,0.6535349879606177,0.3158026261941811,1.5
5,0.95,0.013594587145690928,Influenza A (H3N2),0.8226203378987185,0.7812154037593285,0.31750218916338235,0.7520903218486232,0.7663762479116755,0.7260553850966055,0.24790967815137677,1.5
5,0.96,0.010803598732981244,Influenza A (H3N2),0.8226203378987185,0.7734077699873863,0.32262732837614694,0.8201000468987649,0.7960698299904737,0.7997032383655676,0.17989995310123508,1.5
5,0.97,0.008049491769699922,Influenza A (H3N2),0.8226203378987185,0.7663482979474546,0.32793383258162434,0.8849150805446665,0.8213749237540856,0.8708551970855947,0.1150849194553335,1.5
5,0.98,0.005331406132809247,Influenza A (H3N2),0.8226203378987185,0.7603617358006163,0.33340572716355377,0.9416563789589423,0.8413535351051095,0.9339911220477914,0.058343621041057725,1.5
5,0.99,0.0026485102753974754,Influenza A (H3N2),0.8226203378987185,0.7559811059006298,0.33902542978237693,0.9833135287999658,0.8547907112669418,0.9809607296413925,0.016686471200034192,1.5
6,0.5,0.2010956579606304,Influenza A (H3N2),0.8226203378987185,0.9989780661881793,0.15144719116649985,0.009466063588998656,0.018754415082254797,0.00805214934841552,0.9905339364110013,1.5
6,0.51,0.1947986185334857,Influenza A (H3N2),0.8226203378987185,0.9988193429700029,0.15152917752271355,0.010110350342016017,0.020018071730367785,0.008601567810373448,0.989889649657984,1.5
6,0.52,0.18865731155396073,Influenza A (H3N2),0.8226203378987185,0.998636636707147,0.1516178917366111,0.010808689002373632,0.02138590879096312,0.00919737476413118,0.9891913109976264,1.5
6,0.53,0.18266499994017857,Influenza A (H3N2),0.8226203378987185,0.998426497543101,0.15171402367369946,0.011566914139010032,0.02286888892069019,0.00984463843081389,0.98843308586099,1.5
6,0.54,0.1768153582457923,Influenza A (H3N2),0.8226203378987185,0.9981850279567742,0.15181834361451907,0.012391608888641235,0.02447932796774091,0.010549090126689795,0.9876083911113588,1.5
6,0.55,0.17110244043428807,Influenza A (H3N2),0.8226203378987185,0.9979078376742725,0.15193171212763756,0.013290213275535385,0.026231079024652354,0.011317222998689749,0.9867097867244646,1.5
6,0.56,0.16552065071011157,Influenza A (H3N2),0.8226203378987185,0.9975899974379089,0.1520550911033669,0.014271149467810558,0.02813974230469325,0.01215640681958758,0.9857288505321894,1.5
6,0.5700000000000001,0.16006471706779526,Influenza A (H3N2),0.8226203378987185,0.9972259926009067,0.1521895560539801,0.015343966723017374,0.030222904214959666,0.013075021596222123,0.9846560332769826,1.5
6,0.58,0.15472966726304535,Influenza A (H3N2),0.8226203378987185,0.996809677809914,0.1523363097854391,0.0165195092193568,0.03250040929108123,0.014082613222096228,0.9834804907806431,1.5
6,0.59,0.14951080694649097,Influenza A (H3N2),0.8226203378987185,0.996334234366929,0.15249669754092665,0.017810110477491523,0.03499466890840704,0.015190074962509882,0.9821898895225085,1.5
6,0.6,0.14440369973244888,Influenza A (H3N2),0.8226203378987185,0.9957921322204033,0.15267222370646705,0.019229818657987646,0.037731010855633074,0.016409859206616216,0.9807701813420123,1.5
6,0.61,0.13940414900236886,Influenza A (H3N2),0.8226203378987185,0.9951750989105219,0.1528645701520448,0.02079465767670541,0.04073807389649203,0.017756224667240604,0.9792053423232946,1.5
6,0.62,0.13450818126629016,Influenza A (H3N2),0.8226203378987185,0.9944740981683848,0.15307561625600408,0.022522929819134885,0.0440482512801775,0.01924552506642284,0.9774770701808652,1.5
6,0.63,0.1297120309261595,Influenza A (H3N2),0.8226203378987185,0.9936793212190201,0.1533074606239474,0.024435566356272333,0.0476981866915434,0.02089654632157934,0.9755644336437277,1.5
6,0.64,0.12501212630272315,Influenza A (H3N2),0.8226203378987185,0.9927801941332972,0.15356244446344758,0.02655653356632851,0.051729325223050564,0.022730900350292647,0.9734434664336715,1.5
6,0.65,0.12040507680327484,Influenza A (H3N2),0.8226203378987185,0.9917654047764595,0.15384317650993518,0.028913302538860364,0.056188520423437055,0.02477348484245031,0.9710866974611396,1.5
6,0.66,0.1158876611211453,Influenza A (H3N2),0.8226203378987185,0.9906229529689764,0.15415255931440253,0.03153739216138759,0.061128696100747164,0.027053019700114797,0.9684626078386124,1.5
6,0.67,0.11145681636974225,Influenza A (H3N2),0.8226203378987185,0.9893402273632931,0.15449381659729422,0.03446499572929714,0.06660955803272761,0.029602672298880254,0.9655350042707028,1.5
6,0.6799999999999999,0.10710962806440108,Influenza A (H3N2),0.8226203378987185,0.987904112203335,0.1548705212427296,0.037737702623361784,0.07269834569493466,0.032460785241477684,0.9622622973766383,1.5
6,0.69,0.10284332087450637,Influenza A (H3N2),0.8226203378987185,0.986301126533587,0.1552866233511485,0.04140332738188996,0.07947060710579647,0.03567172178916765,0.95859667261811,1.5
6,0.7,0.09865525007644932,Influenza A (H3N2),0.8226203378987185,0.9845175975344134,0.15574647758583504,0.04551685913242153,0.08701097038127234,0.03928684556330565,0.9544831408675785,1.5
6,0.71,0.09454289364513643,Influenza A (H3N2),0.8226203378987185,0.9825398684723524,0.15625486884037132,0.050141544561174534,0.09541387300351761,0.043365652245903996,0.9498584554388254,1.5
6,0.72,0.09050384492809577,Influenza A (H3N2),0.8226203378987185,0.980354540286541,0.15681703502301347,0.055350117131082864,0.10478419353668839,0.047977071632048306,0.9446498828689172,1.5
6,0.73,0.08653580585182973,Influenza A (H3N2),0.8226203378987185,0.9779487441357113,0.15743868550639606,0.061226183751524964,0.11523771003552055,0.053200958146042414,0.938773816248475,1.5
6,0.74,0.08263658061504456,Influenza A (H3N2),0.8226203378987185,0.9753104403905877,0.15812601353681088,0.06786577705502464,0.12690128436605477,0.05912978632209313,0.9321342229449754,1.5
6,0.75,0.07880406982780357,Influenza A (H3N2),0.8226203378987185,0.9724287376968916,0.15888570065113028,0.07537907616061369,0.13991264220442592,0.06587056405556745,0.9246209238393863,1.5
6,0.76,0.07503626505959801,Influenza A (H3N2),0.8226203378987185,0.9692942240097422,0.15972491093090468,0.0838922903611062,0.15441958547018628,0.0735469696550355,0.9161077096388938,1.5
6,0.77,0.07133124376284046,Influenza A (H3N2),0.8226203378987185,0.9658993000901066,0.16065127275739943,0.09354968728873576,0.17057843945727807,0.0823017074876752,0.9064503127112642,1.5
6,0.78,0.06768716454142513,Influenza A (H3N2),0.8226203378987185,0.9622385050474634,0.16167284564853013,0.10451572807353575,0.1885515047663635,0.09229905941452918,0.8954842719264643,1.5
6,0.79,0.06410226273680944,Influenza A (H3N2),0.8226203378987185,0.9583088232935659,0.1627980697931093,0.11697724450912426,0.2085032604704639,0.10372758267039671,0.8830227554908757,1.5
6,0.8,0.06057484630658951,Influenza A (H3N2),0.8226203378987185,0.9541099629015036,0.16403569608573476,0.13114555420838728,0.2305950587446612,0.11680286584815845,0.8688544457916128,1.5
6,0.81,0.05710329197279877,Influenza A (H3N2),0.8226203378987185,0.9496445969680034,0.1653946948421281,0.14725835508377108,0.2549780744087162,0.1317701984695889,0.852741644916229,1.5
6,0.8200000000000001,0.05368604161919024,Influenza A (H3N2),0.8226203378987185,0.9449185622408497,0.1668841419689866,0.16558116481907725,0.2817843397570946,0.14890692991856871,0.8344188351809227,1.5
6,0.8300000000000001,0.05032159891858897,Influenza A (H3N2),0.8226203378987185,0.9399410130512988,0.168513082192703,0.18640796718544317,0.3111158203921694,0.1685241818031556,0.8135920328145568,1.5
6,0.8400000000000001,0.04700852617304747,Influenza A (H3N2),0.8226203378987185,0.9347245335330682,0.17029037001829772,0.21006058572855735,0.3430316828986242,0.19096742282853685,0.7899394142714427,1.5
6,0.8500000000000001,0.04374544135101994,Influenza A (H3N2),0.8226203378987185,0.9292852173147391,0.17222449037104293,0.23688611425044798,0.37753417221226976,0.216615202071128,0.7631138857495521,1.5
6,0.86,0.040531015307114594,Influenza A (H3N2),0.8226203378987185,0.9236427315832638,0.17432336231746048,0.2672514766089547,0.4145538405959116,0.2458750454352468,0.7327485233910453,1.5
6,0.87,0.0373639691711951,Influenza A (H3N2),0.8226203378987185,0.9178203921669411,0.1765941307877965,0.30153384480497525,0.4539352114407456,0.2791751251227179,0.6984661551950248,1.5
6,0.88,0.03424307189470122,Influenza A (H3N2),0.8226203378987185,0.9118452891508264,0.17904295271708603,0.3401051870417583,0.49542424962835735,0.31694977916335004,0.6598948129582417,1.5
6,0.89,0.031167137943053577,Influenza A (H3N2),0.8226203378987185,0.9057485205561092,0.1816747853511833,0.3833086113552267,0.5386591471498767,0.35961624301895434,0.6166913886447734,1.5
6,0.9,0.02813502512391347,Influenza A (H3N2),0.8226203378987185,0.8995656185675712,0.18449318547988125,0.43142337023762484,0.5831658025371039,0.4075390001032659,0.5685766297623751,1.5
6,0.91,0.02514563254188755,Influenza A (H3N2),0.8226203378987185,0.8933372956806221,0.18750012891714152,0.48461433905521123,0.6283588657052251,0.4609768875500073,0.5153856609447888,1.5
6,0.9199999999999999,0.02219789867101719,Influenza A (H3N2),0.8226203378987185,0.8871107101603785,0.1906958595272643,0.5428604009937205,0.6735482585446311,0.5200064102708302,0.45713959900627954,1.5
6,0.9299999999999999,0.019290799537069667,Influenza A (H3N2),0.8226203378987185,0.8809415770345184,0.19407877641704063,0.6058543675822613,0.7179496338601252,0.5844124943618667,0.3941456324177387,1.5
6,0.94,0.01642334700227208,Influenza A (H3N2),0.8226203378987185,0.8748976845460688,0.19764536655924103,0.6728647135107825,0.7606952857911649,0.6535349879606177,0.3271352864892175,1.5
6,0.95,0.013594587145690928,Influenza A (H3N2),0.8226203378987185,0.8690648276343198,0.20139018813458687,0.742546350412345,0.8008394640371653,0.7260553850966055,0.25745364958765504,1.5
6,0.96,0.010803598732981244,Influenza A (H3N2),0.8226203378987185,0.8635570910599297,0.20530590740237098,0.8126837064801473,0.8373484031049763,0.7997032383655676,0.18731629351985268,1.5
6,0.97,0.008049491769699922,Influenza A (H3N2),0.8226203378987185,0.8585354161987839,0.20938338912165388,0.8798442629629867,0.8690592389543758,0.8708551970855947,0.12015573703701332,1.5
6,0.98,0.005331406132809247,Influenza A (H3N2),0.8226203378987185,0.8542430826240381,0.21361183767603498,0.9389141022197007,0.8945795536259498,0.9339911220477914,0.06108589778029927,1.5
6,0.99,0.0026485102753974754,Influenza A (H3N2),0.8226203378987185,0.8510788665460782,0.21797898335150812,0.9824785368759539,0.9120704026060695,0.9809607296413925,0.01752146312404612,1.5
7,0.5,0.2010956579606304,Influenza A (H3N2),0.8226203378987185,0.9996839955589341,0.08669290145344677,0.008806982248173507,0.017460144704149576,0.00805214934841552,0.9911930177518264,1.5
7,0.51,0.1947986185334857,Influenza A (H3N2),0.8226203378987185,0.9996281030072628,0.08674028532738354,0.009407378864956099,0.0186393451132129,0.008601567810373448,0.9905926211350439,1.5
7,0.52,0.18865731155396073,Influenza A (H3N2),0.8226203378987185,0.9995626045242453,0.08679161388764811,0.010058343040536136,0.01991627370855737,0.00919737476413118,0.9899416569594639,1.5
7,0.53,0.18266499994017857,Influenza A (H3N2),0.8226203378987185,0.9994859243332462,0.08684730116807682,0.010765371286238001,0.02130130813486017,0.00984463843081389,0.989234628713762,1.5
7,0.54,0.1768153582457923,Influenza A (H3N2),0.8226203378987185,0.9993962496897638,0.08690781109395718,0.011534672767969687,0.022806125422856517,0.010549090126689795,0.9884653272320303,1.5
7,0.55,0.17110244043428807,Influenza A (H3N2),0.8226203378987185,0.9992915012869984,0.08697366388977468,0.012373273922087534,0.02444388255167367,0.011317222998689749,0.9876267260779125,1.5
7,0.56,0.16552065071011157,Influenza A (H3N2),0.8226203378987185,0.9991693016227502,0.08704544329147446,0.013289139735511298,0.02622942320651651,0.01215640681958758,0.9867108602644887,1.5
7,0.5700000000000001,0.16006471706779526,Influenza A (H3N2),0.8226203378987185,0.9990269416652375,0.08712380464701364,0.014291314463515564,0.02817951437173758,0.013075021596222123,0.9857086855364844,1.5
7,0.58,0.15472966726304535,Influenza A (H3N2),0.8226203378987185,0.9988613463247351,0.08720948399149864,0.015390085019848251,0.030313116783278297,0.014082613222096228,0.9846099149801517,1.5
7,0.59,0.14951080694649097,Influenza A (H3N2),0.8226203378987185,0.9986690394394159,0.08730330818354615,0.016597170806074604,0.03265169363275981,0.015190074962509882,0.9834028291939254,1.5
7,0.6,0.14440369973244888,Influenza A (H3N2),0.8226203378987185,0.9984461092166361,0.08740620618678252,0.017925944358364258,0.035219562237445864,0.016409859206616216,0.9820740556416357,1.5
7,0.61,0.13940414900236886,Influenza A (H3N2),0.8226203378987185,0.9981881753319836,0.08751922157354919,0.01939168788801154,0.038044293620925915,0.017756224667240604,0.9806083121119885,1.5
7,0.62,0.13450818126629016,Influenza A (H3N2),0.8226203378987185,0.9978903591709156,0.08764352631560968,0.021011891583345953,0.041157165024306906,0.01924552506642284,0.9789881084166541,1.5
7,0.63,0.1297120309261595,Influenza A (H3N2),0.8226203378987185,0.997547258990731,0.08778043590740259,0.022806600429684454,0.04459367019683046,0.02089654632157934,0.9771933995703156,1.5
7,0.64,0.12501212630272315,Influenza A (H3N2),0.8226203378987185,0.9971529320682778,0.08793142583941882,0.024798817291081313,0.048394091774154414,0.022730900350292647,0.9752011827089186,1.5
7,0.65,0.12040507680327484,Influenza A (H3N2),0.8226203378987185,0.9967008861598177,0.0880981494005596,0.0270149710771965,0.052604138974453006,0.02477348484245031,0.9729850289228035,1.5
7,0.66,0.1158876611211453,Influenza A (H3N2),0.8226203378987185,0.996184082807761,0.0882824567367484,0.029485459975571594,0.05727565200429203,0.027053019700114797,0.9705145400244284,1.5
7,0.67,0.11145681636974225,Influenza A (H3N2),0.8226203378987185,0.995594955153621,0.08848641502632837,0.03224528093494705,0.062467371677359024,0.029602672298880254,0.967754719065053,1.5
7,0.6799999999999999,0.10710962806440108,Influenza A (H3N2),0.8226203378987185,0.9949254429238948,0.08871232954876085,0.03533475778972683,0.06824576843830649,0.032460785241477684,0.9646652422102732,1.5
7,0.69,0.10284332087450637,Influenza A (H3N2),0.8226203378987185,0.99416704711178,0.08896276531989877,0.03880038154106636,0.07468591878797001,0.03567172178916765,0.9611996184589336,1.5
7,0.7,0.09865525007644932,Influenza A (H3N2),0.8226203378987185,0.9933109065520476,0.08924056884333142,0.042695777237476355,0.08187240846472761,0.03928684556330565,0.9573042227625237,1.5
7,0.71,0.09454289364513643,Influenza A (H3N2),0.8226203378987185,0.9923478980565438,0.08954888938259276,0.047082812451684566,0.08990022999835115,0.043365652245903996,0.9529171875483154,1.5
7,0.72,0.09050384492809577,Influenza A (H3N2),0.8226203378987185,0.9912687610340121,0.08989119899438702,0.05203286227700139,0.09887562670263518,0.047977071632048306,0.9479671377229986,1.5
7,0.73,0.08653580585182973,Influenza A (H3N2),0.8226203378987185,0.9900642465693033,0.090271310381425,0.05762824470472032,0.10891681509582844,0.053200958146042414,0.9423717552952797,1.5
7,0.74,0.08263658061504456,Influenza A (H3N2),0.8226203378987185,0.9887252898152409,0.09069339143049293,0.06396383768766581,0.12015449253370913,0.05912978632209313,0.9360361623123342,1.5
7,0.75,0.07880406982780357,Influenza A (H3N2),0.8226203378987185,0.9872432033133183,0.09116197510579471,0.07114888444062478,0.13273200621972403,0.06587056405556745,0.9288511155593753,1.5
7,0.76,0.07503626505959801,Influenza A (H3N2),0.8226203378987185,0.985609887591147,0.09168196318183208,0.07930898560817706,0.14680502403982168,0.0735469696550355,0.920691014391823,1.5
7,0.77,0.07133124376284046,Influenza A (H3N2),0.8226203378987185,0.983818054193409,0.09225862214073799,0.08858826452255635,0.1625405082120482,0.0823017074876752,0.9114117354774437,1.5
7,0.78,0.06768716454142513,Influenza A (H3N2),0.8226203378987185,0.9818614553151287,0.09289756944671612,0.09915167308525165,0.1801147524942137,0.09229905941452918,0.9008483269147484,1.5
7,0.79,0.06410226273680944,Influenza A (H3N2),0.8226203378987185,0.9797351135567912,0.0936047483694391,0.11118737841724544,0.19971020786744298,0.10372758267039671,0.8888126215827545,1.5
7,0.8,0.06057484630658951,Influenza A (H3N2),0.8226203378987185,0.9774355451446182,0.09438638958571233,0.12490913108858827,0.2215107983399667,0.11680286584815845,0.8750908689114117,1.5
7,0.81,0.05710329197279877,Influenza A (H3N2),0.8226203378987185,0.9749609703794557,0.09524895797183563,0.1405584601245236,0.24569542928738566,0.1317701984695889,0.8594415398754764,1.5
7,0.8200000000000001,0.05368604161919024,Influenza A (H3N2),0.8226203378987185,0.9723115062003944,0.09619908333274063,0.15840646232996375,0.27242943026740774,0.14890692991856871,0.8415935376700363,1.5
7,0.8300000000000001,0.05032159891858897,Influenza A (H3N2),0.8226203378987185,0.9694893376642324,0.09724347431701363,0.17875484614546794,0.30185376915013895,0.1685241818031556,0.821245153854532,1.5
7,0.8400000000000001,0.04700852617304747,Influenza A (H3N2),0.8226203378987185,0.9664988679353754,0.09838881544736655,0.20193574317702692,0.3340720401811343,0.19096742282853685,0.7980642568229731,1.5
7,0.8500000000000001,0.04374544135101994,Influenza A (H3N2),0.8226203378987185,0.963346850165733,0.09964164804694686,0.22830960049028323,0.36913547419448256,0.216615202071128,0.7716903995097167,1.5
7,0.86,0.040531015307114594,Influenza A (H3N2),0.8226203378987185,0.9600425096166724,0.10100823683647353,0.2582601963778513,0.4070265392085594,0.2458750454352468,0.7417398036221488,1.5
7,0.87,0.0373639691711951,Influenza A (H3N2),0.8226203378987185,0.9565976709111336,0.10249442506687412,0.2921854589304717,0.4476420649956121,0.2791751251227179,0.7078145410695282,1.5
7,0.88,0.03424307189470122,Influenza A (H3N2),0.8226203378987185,0.9530269141241414,0.10410548216553683,0.33048228084523645,0.4907771748283546,0.31694977916335004,0.6695177191547635,1.5
7,0.89,0.031167137943053577,Influenza A (H3N2),0.8226203378987185,0.9493477958763109,0.10584594892038501,0.37352287713973514,0.5361115449230076,0.35961624301895434,0.6264771228602648,1.5
7,0.9,0.02813502512391347,Influenza A (H3N2),0.8226203378987185,0.9455811901945179,0.10771948610058413,0.42161937513719494,0.5831995109723646,0.4075390001032659,0.5783806248628051,1.5
7,0.91,0.02514563254188755,Influenza A (H3N2),0.8226203378987185,0.9417518333085023,0.10972873300863684,0.47497219407071417,0.6314651631399568,0.4609768875500073,0.5250278059292859,1.5
7,0.9199999999999999,0.02219789867101719,Influenza A (H3N2),0.8226203378987185,0.9378892055854731,0.11187518267938068,0.5335962822264525,0.6802026895758198,0.5200064102708302,0.4664037177735475,1.5
7,0.9299999999999999,0.019290799537069667,Influenza A (H3N2),0.8226203378987185,0.9340289696783193,0.11415908021509436,0.5972173263989904,0.728580745605051,0.5844124943618667,0.4027826736010096,1.5
7,0.94,0.01642334700227208,Influenza A (H3N2),0.8226203378987185,0.9302153416362059,0.11657935003907693,0.665127495236169,0.7756474482008068,0.6535349879606177,0.334872504763831,1.5
7,0.95,0.013594587145690928,Influenza A (H3N2),0.8226203378987185,0.9265050758277875,0.11913355667698589,0.7359869503798799,0.8203295228133561,0.7260553850966055,0.26401304962012007,1.5
7,0.96,0.010803598732981244,Influenza A (H3N2),0.8226203378987185,0.9229743640850917,0.12181790210200005,0.8075530345016311,0.8614145596225034,0.7997032383655676,0.19244696549836893,1.5
7,0.97,0.008049491769699922,Influenza A (H3N2),0.8226203378987185,0.9197312951958367,0.12462726082041842,0.8763134397820869,0.8974975726071815,0.8708551970855947,0.12368656021791313,1.5
7,0.98,0.005331406132809247,Influenza A (H3N2),0.8226203378987185,0.9169396786610692,0.12755525187912464,0.9369924136423021,0.9268575976864217,0.9339911220477914,0.06300758635769788,1.5
7,0.99,0.0026485102753974754,Influenza A (H3N2),0.8226203378987185,0.9148681917502081,0.13059434501486444,0.9818897134575255,0.9471948572694986,0.9809607296413925,0.018110286542474485,1.5
8,0.5,0.2010956579606304,Influenza A (H3N2),0.8226203378987185,0.999904783693613,0.04666745667442351,0.00844219242348398,0.01674302356042039,0.00805214934841552,0.991557807576516,1.5
8,0.51,0.1947986185334857,Influenza A (H3N2),0.8226203378987185,0.9998859251096999,0.04669310270578597,0.009018054421216651,0.017874893687782337,0.008601567810373448,0.9909819455787834,1.5
8,0.52,0.18865731155396073,Influenza A (H3N2),0.8226203378987185,0.9998634414221335,0.04672090371990256,0.009642493429032905,0.01910078253331828,0.00919737476413118,0.9903575065709671,1.5
8,0.53,0.18266499994017857,Influenza A (H3N2),0.8226203378987185,0.9998366665410969,0.04675108965453867,0.010320805861686747,0.020430715825368078,0.00984463843081389,0.9896791941383133,1.5
8,0.54,0.1768153582457923,Influenza A (H3N2),0.8226203378987185,0.9998048210786769,0.046783918855949014,0.011058978370355405,0.02187598348444692,0.010549090126689795,0.9889410216296446,1.5
8,0.55,0.17110244043428807,Influenza A (H3N2),0.8226203378987185,0.9997669957451627,0.04681968185870067,0.011863789940686337,0.023449317270648928,0.011317222998689749,0.9881362100593136,1.5
8,0.56,0.16552065071011157,Influenza A (H3N2),0.8226203378987185,0.9997221330794849,0.046858705665268396,0.012742930426379992,0.02516509467187216,0.01215640681958758,0.98725706957362,1.5
8,0.5700000000000001,0.16006471706779526,Influenza A (H3N2),0.8226203378987185,0.9996690075715663,0.046901358582700725,0.013705138292774744,0.02703957280079115,0.013075021596222123,0.9862948617072252,1.5
8,0.58,0.15472966726304535,Influenza A (H3N2),0.8226203378987185,0.9996062043167596,0.046948055676820255,0.014760360815412963,0.029091156503405175,0.014082613222096228,0.985239639184587,1.5
8,0.59,0.14951080694649097,Influenza A (H3N2),0.8226203378987185,0.9995320964465311,0.04699926490655071,0.015919940523786504,0.031340705316856926,0.015190074962509882,0.9840800594762135,1.5
8,0.6,0.14440369973244888,Influenza A (H3N2),0.8226203378987185,0.999444821706482,0.04705551400151842,0.017196832309510513,0.03381188432246676,0.016409859206616216,0.9828031676904895,1.5
8,0.61,0.13940414900236886,Influenza A (H3N2),0.8226203378987185,0.9993422587031272,0.04711739814443783,0.018605856340064775,0.036531564281539634,0.017756224667240604,0.9813941436599353,1.5
8,0.62,0.13450818126629016,Influenza A (H3N2),0.8226203378987185,0.9992220035131091,0.04718558851514154,0.020163992742145174,0.03953027665799905,0.01924552506642284,0.9798360072578548,1.5
8,0.63,0.1297120309261595,Influenza A (H3N2),0.8226203378987185,0.9990813475389672,0.04726084174449474,0.021890724948899053,0.042842729139999806,0.02089654632157934,0.9781092750511009,1.5
8,0.64,0.12501212630272315,Influenza A (H3N2),0.8226203378987185,0.9989172576978091,0.04734401031271507,0.023808439645734883,0.046508386956062665,0.022730900350292647,0.9761915603542651,1.5
8,0.65,0.12040507680327484,Influenza A (H3N2),0.8226203378987185,0.9987263602330249,0.0474360539064651,0.025942892397163988,0.05057212448061553,0.02477348484245031,0.974057107602836,1.5
8,0.66,0.1158876611211453,Influenza A (H3N2),0.8226203378987185,0.9985049296311379,0.047538051721062735,0.028323749280470108,0.05508495012461632,0.027053019700114797,0.9716762507195299,1.5
8,0.67,0.11145681636974225,Influenza A (H3N2),0.8226203378987185,0.9982488842885127,0.047651215656652424,0.030985216165625697,0.06010480502565218,0.029602672298880254,0.9690147838343743,1.5
8,0.6799999999999999,0.10710962806440108,Influenza A (H3N2),0.8226203378987185,0.997953790685402,0.04777690430863468,0.033966768619687185,0.0656974322212898,0.032460785241477684,0.9660332313803128,1.5
8,0.69,0.10284332087450637,Influenza A (H3N2),0.8226203378987185,0.9976148778650774,0.04791663759149567,0.03731399670413747,0.07193730734423806,0.03567172178916765,0.9626860032958625,1.5
8,0.7,0.09865525007644932,Influenza A (H3N2),0.8226203378987185,0.9972270639603947,0.048072111760168346,0.04107958006097674,0.0789086138450841,0.03928684556330565,0.9589204199390232,1.5
8,0.71,0.09454289364513643,Influenza A (H3N2),0.8226203378987185,0.9967849963383182,0.048245214503412015,0.04532440947639771,0.08670623464653798,0.043365652245903996,0.9546755905236023,1.5
8,0.72,0.09050384492809577,Influenza A (H3N2),0.8226203378987185,0.9962831066288168,0.04843803967938565,0.050118871319105675,0.09543671719055863,0.047977071632048306,0.9498811286808944,1.5
8,0.73,0.08653580585182973,Influenza A (H3N2),0.8226203378987185,0.9957156814614656,0.048652901145776806,0.055544310514248275,0.1052191492440619,0.053200958146042414,0.9444556894857518,1.5
8,0.74,0.08263658061504456,Influenza A (H3N2),0.8226203378987185,0.9950769491562974,0.04889234500816775,0.06169468552502124,0.11618585782709513,0.05912978632209313,0.9383053144749788,1.5
8,0.75,0.07880406982780357,Influenza A (H3N2),0.8226203378987185,0.9943611819258267,0.04915915947548499,0.06867842446159414,0.12848281270066977,0.06587056405556745,0.9313215755384059,1.5
8,0.76,0.07503626505959801,Influenza A (H3N2),0.8226203378987185,0.9935628123805395,0.04945638137738806,0.07662048393718703,0.14226957899366816,0.0735469696550355,0.923379516062813,1.5
8,0.77,0.07133124376284046,Influenza A (H3N2),0.8226203378987185,0.9926765623460612,0.04978729827513273,0.08566460029330726,0.15771862167585415,0.0823017074876752,0.9143353997066928,1.5
8,0.78,0.06768716454142513,Influenza A (H3N2),0.8226203378987185,0.9916975812677946,0.05015544499742064,0.09597570447929359,0.17501372009373709,0.09229905941452918,0.9040242955207064,1.5
8,0.79,0.06410226273680944,Influenza A (H3N2),0.8226203378987185,0.9906215908811657,0.050564593371429156,0.10774244470169156,0.19434720824444582,0.10372758267039671,0.8922575552983084,1.5
8,0.8,0.06057484630658951,Influenza A (H3N2),0.8226203378987185,0.9894450324525547,0.05101873391412859,0.12117972159753569,0.21591572334656892,0.11680286584815845,0.8788202784024643,1.5
8,0.81,0.05710329197279877,Influenza A (H3N2),0.8226203378987185,0.9881652128379825,0.05152204831883844,0.13653108463049923,0.23991413256462457,0.1317701984695889,0.8634689153695008,1.5
8,0.8200000000000001,0.05368604161919024,Influenza A (H3N2),0.8226203378987185,0.9867804459503122,0.052078871734694276,0.1540707596539645,0.2665273300714344,0.14890692991856871,0.8459292403460354,1.5
8,0.8300000000000001,0.05032159891858897,Influenza A (H3N2),0.8226203378987185,0.9852901870526058,0.052693644107494886,0.1741049681514987,0.2959196713334184,0.1685241818031556,0.8258950318485013,1.5
8,0.8400000000000001,0.04700852617304747,Influenza A (H3N2),0.8226203378987185,0.983695158686737,0.05337085023847732,0.19697204799426524,0.328221956046792,0.19096742282853685,0.8030279520057347,1.5
8,0.8500000000000001,0.04374544135101994,Influenza A (H3N2),0.8226203378987185,0.9819974690993705,0.0541149487234589,0.2230406797252514,0.3635160981584435,0.216615202071128,0.7769593202747486,1.5
8,0.86,0.040531015307114594,Influenza A (H3N2),0.8226203378987185,0.980200726885813,0.05493029054695919,0.2527052430996173,0.40181793097656604,0.2458750454352468,0.7472947569003827,1.5
8,0.87,0.0373639691711951,Influenza A (H3N2),0.8226203378987185,0.9783101594836427,0.05582102879883821,0.28637695192198176,0.4430589653054124,0.2791751251227179,0.7136230480780182,1.5
8,0.88,0.03424307189470122,Influenza A (H3N2),0.8226203378987185,0.9763327485633051,0.056791021713910816,0.3244689098454755,0.48706829442436067,0.31694977916335004,0.6755310901545245,1.5
8,0.89,0.031167137943053577,Influenza A (H3N2),0.8226203378987185,0.9742774031119923,0.05784373195310388,0.36737255501427607,0.5335561287145223,0.35961624301895434,0.6326274449857239,1.5
8,0.9,0.02813502512391347,Influenza A (H3N2),0.8226203378987185,0.9721552026219087,0.05898212568259387,0.4154220643824466,0.5821005154476364,0.4075390001032659,0.5845779356175533,1.5
8,0.91,0.02514563254188755,Influenza A (H3N2),0.8226203378987185,0.9699797611248251,0.060208575494644756,0.4688421007973943,0.6321385029960043,0.4609768875500073,0.5311578992026057,1.5
8,0.9199999999999999,0.02219789867101719,Influenza A (H3N2),0.8226203378987185,0.9677677932681711,0.06152477148377489,0.5276727191411479,0.6829621890452964,0.5200064102708302,0.4723272808588521,1.5
8,0.9299999999999999,0.019290799537069667,Influenza A (H3N2),0.8226203378987185,0.9655400167693267,0.06293164479000657,0.5916631881856502,0.7337186088813413,0.5844124943618667,0.4083368118143498,1.5
8,0.94,0.01642334700227208,Influenza A (H3N2),0.8226203378987185,0.9633226229006908,0.06442930761484245,0.6601237861498127,0.7834101249882278,0.6535349879606177,0.3398762138501873,1.5
8,0.95,0.013594587145690928,Influenza A (H3N2),0.8226203378987185,0.961149734046052,0.06601701310160024,0.7317211028865209,0.8308886042476915,0.7260553850966055,0.2682788971134791,1.5
8,0.96,0.010803598732981244,Influenza A (H3N2),0.8226203378987185,0.9590676488138177,0.0676931375791755,0.804197790611827,0.8748315108751679,0.7997032383655676,0.19580220938817305,1.5
8,0.97,0.008049491769699922,Influenza A (H3N2),0.8226203378987185,0.957142503386436,0.06945518655856442,0.8739917425002119,0.9136792086488125,0.8708551970855947,0.12600825749978806,1.5
8,0.98,0.005331406132809247,Influenza A (H3N2),0.8226203378987185,0.9554749208684795,0.07129982463240514,0.9357219552969119,0.9454952812792479,0.9339911220477914,0.06427804470308807,1.5
8,0.99,0.0026485102753974754,Influenza A (H3N2),0.8226203378987185,0.9542302382174376,0.07322292816354004,0.9814983542558895,0.96767223673122,0.9809607296413925,0.018501645744110506,1.5
9,0.5,0.2010956579606304,Influenza A (H3N2),0.8226203378987185,0.9999719819918658,0.023712161353692363,0.008245878794515939,0.01635687698487196,0.00805214934841552,0.991754121205484,1.5
9,0.51,0.1947986185334857,Influenza A (H3N2),0.8226203378987185,0.9999658495463439,0.02372523355205669,0.008808461886015277,0.017463095507535574,0.008601567810373448,0.9911915381139847,1.5
9,0.52,0.18865731155396073,Influenza A (H3N2),0.8226203378987185,0.9999584158677332,0.02373941088805287,0.009418529806339416,0.018661290383763733,0.00919737476413118,0.9905814701936606,1.5
9,0.53,0.18266499994017857,Influenza A (H3N2),0.8226203378987185,0.99994941683719,0.02375481266299495,0.010081266494855055,0.019961287748714043,0.00984463843081389,0.9899187335051449,1.5
9,0.54,0.1768153582457923,Influenza A (H3N2),0.8226203378987185,0.9999385384007827,0.023771573198458906,0.010802533036866433,0.02137415684621605,0.010549090126689795,0.9891974669631336,1.5
9,0.55,0.17110244043428807,Influenza A (H3N2),0.8226203378987185,0.9999254082535922,0.02378984389127814,0.011588968199169714,0.022912385681418623,0.011317222998689749,0.9884110318008303,1.5
9,0.56,0.16552065071011157,Influenza A (H3N2),0.8226203378987185,0.999909586477365,0.023809795551739454,0.012448105239528731,0.024590082861670397,0.01215640681958758,0.9875518947604712,1.5
9,0.5700000000000001,0.16006471706779526,Influenza A (H3N2),0.8226203378987185,0.9998905551020423,0.023831621059911545,0.013388507759075286,0.026423209451125612,0.013075021596222123,0.9866114922409247,1.5
9,0.58,0.15472966726304535,Influenza A (H3N2),0.8226203378987185,0.999867706595887,0.023855538377619556,0.014419927841603503,0.028429845126246266,0.014082613222096228,0.9855800721583965,1.5
9,0.59,0.14951080694649097,Influenza A (H3N2),0.8226203378987185,0.9998403313354821,0.023881793955728092,0.015553490275494129,0.03063049338984701,0.015190074962509882,0.9844465097245059,1.5
9,0.6,0.14440369973244888,Influenza A (H3N2),0.8226203378987185,0.9998076041670414,0.023910666577832362,0.01680190729235711,0.033048431056469034,0.016409859206616216,0.9831980927076429,1.5
9,0.61,0.13940414900236886,Influenza A (H3N2),0.8226203378987185,0.999768570245601,0.023942471681842492,0.018179728991261582,0.03571010762466415,0.017756224667240604,0.9818202710087384,1.5
9,0.62,0.13450818126629016,Influenza A (H3N2),0.8226203378987185,0.9997221304291746,0.023977566199824385,0.0197036354578408,0.03864560044737109,0.01924552506642284,0.9802963645421592,1.5
9,0.63,0.1297120309261595,Influenza A (H3N2),0.8226203378987185,0.9996670266101979,0.02401635395328061,0.021392777541207466,0.04188913172098813,0.02089654632157934,0.9786072224587925,1.5
9,0.64,0.12501212630272315,Influenza A (H3N2),0.8226203378987185,0.999601827484713,0.024059291635175062,0.02326917432290436,0.045479653125625116,0.022730900350292647,0.9767308256770957,1.5
9,0.65,0.12040507680327484,Influenza A (H3N2),0.8226203378987185,0.9995249153866123,0.02410689540062161,0.025358176500085,0.04946150330950782,0.02477348484245031,0.974641823499915,1.5
9,0.66,0.1158876611211453,Influenza A (H3N2),0.8226203378987185,0.9994344749440691,0.024159748074412346,0.027689006200201177,0.05388514211084252,0.027053019700114797,0.9723109937997988,1.5
9,0.67,0.11145681636974225,Influenza A (H3N2),0.8226203378987185,0.9993284844394715,0.02421850696443928,0.030295385123964957,0.058807963172568485,0.029602672298880254,0.9697046148760351,1.5
9,0.6799999999999999,0.10710962806440108,Influenza A (H3N2),0.8226203378987185,0.9992047108620074,0.024283912244565053,0.0332162643350896,0.06429518306623519,0.032460785241477684,0.9667837356649104,1.5
9,0.69,0.10284332087450637,Influenza A (H3N2),0.8226203378987185,0.999060709720769,0.024356795837557343,0.03649667040876499,0.07042079973678479,0.03567172178916765,0.963503329591235,1.5
9,0.7,0.09865525007644932,Influenza A (H3N2),0.8226203378987185,0.9988938307216935,0.02443809068737779,0.0401886839050967,0.0772686054332153,0.03928684556330565,0.9598113160949033,1.5
9,0.71,0.09454289364513643,Influenza A (H3N2),0.8226203378987185,0.9987012303897042,0.024528840259715134,0.044352567080839435,0.08493322860622086,0.043365652245903996,0.9556474329191605,1.5
9,0.72,0.09050384492809577,Influenza A (H3N2),0.8226203378987185,0.9984798926252065,0.02463020804979288,0.0490580581451984,0.0935211647333526,0.047977071632048306,0.9509419418548016,1.5
9,0.73,0.08653580585182973,Influenza A (H3N2),0.8226203378987185,0.9982266580125263,0.02474348680746119,0.05438584884580772,0.10315173681255073,0.053200958146042414,0.9456141511541922,1.5
9,0.74,0.08263658061504456,Influenza A (H3N2),0.8226203378987185,0.9979382624432912,0.024870107112472173,0.06042926023095747,0.11395790151088404,0.05912978632209313,0.9395707397690425,1.5
9,0.75,0.07880406982780357,Influenza A (H3N2),0.8226203378987185,0.9976113852845572,0.025011644849886494,0.06729612736007684,0.12608678602190637,0.06587056405556745,0.9327038726399232,1.5
9,0.76,0.07503626505959801,Influenza A (H3N2),0.8226203378987185,0.9972427069234273,0.025169827050346094,0.07511089653450888,0.13969980338198631,0.0735469696550355,0.9248891034654911,1.5
9,0.77,0.07133124376284046,Influenza A (H3N2),0.8226203378987185,0.9968289750816118,0.02534653547772947,0.08401692692827521,0.1549721509859657,0.0823017074876752,0.9159830730717248,1.5
9,0.78,0.06768716454142513,Influenza A (H3N2),0.8226203378987185,0.9963670788498347,0.025543807274499453,0.09417897044523746,0.17209145039269488,0.09229905941452918,0.9058210295547625,1.5
9,0.79,0.06410226273680944,Influenza A (H3N2),0.8226203378987185,0.9958541289876504,0.025763831921671865,0.10578577667635783,0.19125524039149414,0.10372758267039671,0.8942142233236422,1.5
9,0.8,0.06057484630658951,Influenza A (H3N2),0.8226203378987185,0.9952875427207469,0.026008943746109958,0.11905273055013618,0.21266699676147535,0.11680286584815845,0.8809472694498638,1.5
9,0.81,0.05710329197279877,Influenza A (H3N2),0.8226203378987185,0.9946651311008912,0.02628160922421474,0.13422437405437376,0.2365303318102267,0.1317701984695889,0.8657756259456262,1.5
9,0.8200000000000001,0.05368604161919024,Influenza A (H3N2),0.8226203378987185,0.9939851870306762,0.026584408399451864,0.1515765840983332,0.26304103906324466,0.14890692991856871,0.8484234159016668,1.5
9,0.8300000000000001,0.05032159891858897,Influenza A (H3N2),0.8226203378987185,0.9932465723537299,0.026920009861947647,0.17141806798021053,0.29237671096810247,0.1685241818031556,0.8285819320197895,1.5
9,0.8400000000000001,0.04700852617304747,Influenza A (H3N2),0.8226203378987185,0.9924488030306242,0.027291138939010473,0.19409068515083752,0.32468378857338726,0.19096742282853685,0.8059093148491625,1.5
9,0.8500000000000001,0.04374544135101994,Influenza A (H3N2),0.8226203378987185,0.9915921324305838,0.027700539018780446,0.21996789465496697,0.3600621163639347,0.216615202071128,0.780032105345033,1.5
9,0.86,0.040531015307114594,Influenza A (H3N2),0.8226203378987185,0.9906776342640865,0.028150926271436894,0.24945034287566833,0.3985473759190627,0.2458750454352468,0.7505496571243316,1.5
9,0.87,0.0373639691711951,Influenza A (H3N2),0.8226203378987185,0.9897072888130602,0.028644938431590217,0.28295722119528605,0.4400921406025966,0.2791751251227179,0.717042778804714,1.5
9,0.88,0.03424307189470122,Influenza A (H3N2),0.8226203378987185,0.9886840791470188,0.0291850787406005,0.3209115054713279,0.48454667990816064,0.31694977916335004,0.6790884945286721,1.5
9,0.89,0.031167137943053577,Influenza A (H3N2),0.8226203378987185,0.9876121084197811,0.02977365658861386,0.3637164965020402,0.5316409564174325,0.35961624301895434,0.6362835034979598,1.5
9,0.9,0.02813502512391347,Influenza A (H3N2),0.8226203378987185,0.9864967559917251,0.030412726805886692,0.41172015792457756,0.5809693705268814,0.4075390001032659,0.5882798420754225,1.5
9,0.91,0.02514563254188755,Influenza A (H3N2),0.8226203378987185,0.9853449006320797,0.031104029889775786,0.46516252394483487,0.6319795585574218,0.4609768875500073,0.5348374760551651,1.5
9,0.9199999999999999,0.02219789867101719,Influenza A (H3N2),0.8226203378987185,0.9841652564905241,0.03184893567638736,0.5240998317501417,0.6839657688326937,0.5200064102708302,0.47590016824985826,1.5
9,0.9299999999999999,0.019290799537069667,Influenza A (H3N2),0.8226203378987185,0.9829688978857078,0.032648393038441914,0.588296903515064,0.7360658627741365,0.5844124943618667,0.41170309648493597,1.5
9,0.94,0.01642334700227208,Influenza A (H3N2),0.8226203378987185,0.9817701044493844,0.033502888088942306,0.6570765076453595,0.7872586327254492,0.6535349879606177,0.3429234923546405,1.5
9,0.95,0.013594587145690928,Influenza A (H3N2),0.8226203378987185,0.9805877648825055,0.034412413084997096,0.7291107720787758,0.8363545816857372,0.7260553850966055,0.27088922792122416,1.5
9,0.96,0.010803598732981244,Influenza A (H3N2),0.8226203378987185,0.979447794657149,0.03537644776796234,0.8021349528664704,0.8819678027243186,0.7997032383655676,0.1978650471335296,1.5
9,0.97,0.008049491769699922,Influenza A (H3N2),0.8226203378987185,0.9783874941491856,0.036393954274528295,0.8725576580697157,0.9224471071507456,0.8708551970855947,0.12744234193028425,1.5
9,0.98,0.005331406132809247,Influenza A (H3N2),0.8226203378987185,0.9774638789174402,0.03746338605498245,0.9349335814127583,0.9557258090691038,0.9339911220477914,0.06506641858724171,1.5
9,0.99,0.0026485102753974754,Influenza A (H3N2),0.8226203378987185,0.9767708678345554,0.038582710497702566,0.9812543923670642,0.9790074968697321,0.9809607296413925,0.018745607632935757,1.5
10,0.5,0.2010956579606304,Influenza A (H3N2),0.8226203378987185,0.9999919346016135,0.011411220075746464,0.008144272686262678,0.016156957642397808,0.00805214934841552,0.9918557273137373,1.5
10,0.51,0.1947986185334857,Influenza A (H3N2),0.8226203378987185,0.9999900044262778,0.011417522790141965,0.00869996016333088,0.017249845854820773,0.008601567810373448,0.9913000398366691,1.5
10,0.52,0.18865731155396073,Influenza A (H3N2),0.8226203378987185,0.9999876269256526,0.011424360496364971,0.009302560367749103,0.01843363857806699,0.00919737476413118,0.9906974396322509,1.5
10,0.53,0.18266499994017857,Influenza A (H3N2),0.8226203378987185,0.999984702905094,0.011431791430118854,0.00995719733769489,0.019718055106157203,0.00984463843081389,0.9900428026623052,1.5
10,0.54,0.1768153582457923,Influenza A (H3N2),0.8226203378987185,0.9999811125992872,0.011439881264850515,0.010669665090651632,0.021114046125406367,0.010549090126689795,0.9893303349093484,1.5
10,0.55,0.17110244043428807,Influenza A (H3N2),0.8226203378987185,0.9999767118610398,0.011448704152114852,0.011446527264303594,0.022633968161310046,0.011317222998689749,0.9885534727356964,1.5
10,0.56,0.16552065071011157,Influenza A (H3N2),0.8226203378987185,0.9999713277865806,0.011458343910201507,0.012295232930232764,0.024291784152158123,0.01215640681958758,0.9877047670697673,1.5
10,0.5700000000000001,0.16006471706779526,Influenza A (H3N2),0.8226203378987185,0.9999647537384215,0.011468895380393418,0.013224251343513108,0.02610329399897444,0.013075021596222123,0.9867757486564869,1.5
10,0.58,0.15472966726304535,Influenza A (H3N2),0.8226203378987185,0.9999567437390531,0.01148046597194119,0.014243228868193533,0.028086399416388862,0.014082613222096228,0.9857567711318065,1.5
10,0.59,0.14951080694649097,Influenza A (H3N2),0.8226203378987185,0.9999470062269765,0.011493177418399392,0.015363171873460367,0.03026140789755287,0.015190074962509882,0.9846368281265396,1.5
10,0.6,0.14440369973244888,Influenza A (H3N2),0.8226203378987185,0.9999351971918019,0.011507167769242765,0.016596660038135185,0.03265138108545106,0.016409859206616216,0.9834033399618648,1.5
10,0.61,0.13940414900236886,Influenza A (H3N2),0.8226203378987185,0.9999209127385308,0.011522593641506096,0.017958095242419855,0.0352825332776329,0.017756224667240604,0.9820419047575801,1.5
10,0.62,0.13450818126629016,Influenza A (H3N2),0.8226203378987185,0.9999036811734268,0.011539632756318863,0.019463992075261415,0.03818468612872375,0.01924552506642284,0.9805360079247386,1.5
10,0.63,0.1297120309261595,Influenza A (H3N2),0.8226203378987185,0.9998829547553263,0.011558486784360666,0.02113331695172455,0.04139178577857967,0.02089654632157934,0.9788666830482754,1.5
10,0.64,0.12501212630272315,Influenza A (H3N2),0.8226203378987185,0.9998581013167726,0.011579384522102498,0.022987883922675176,0.044942488515190615,0.022730900350292647,0.9770121160773249,1.5
10,0.65,0.12040507680327484,Influenza A (H3N2),0.8226203378987185,0.9998283960275205,0.011602585416785938,0.02505281646906925,0.048880820529871305,0.02477348484245031,0.9749471835309308,1.5
10,0.66,0.1158876611211453,Influenza A (H3N2),0.8226203378987185,0.9997930136467434,0.011628383451955049,0.027357085897009775,0.05325691613273149,0.027053019700114797,0.9726429141029902,1.5
10,0.67,0.11145681636974225,Influenza A (H3N2),0.8226203378987185,0.9997510216859393,0.01165711139642056,0.029934138366390077,0.05812783669440446,0.029602672298880254,0.97006586163361,1.5
10,0.6799999999999999,0.10710962806440108,Influenza A (H3N2),0.8226203378987185,0.9997013749771565,0.01168914540722743,0.03282262405509326,0.06355846920553783,0.032460785241477684,0.9671773759449067,1.5
10,0.69,0.10284332087450637,Influenza A (H3N2),0.8226203378987185,0.9996429122044214,0.011724909960870167,0.0360672434139455,0.06962249823644162,0.03567172178916765,0.9639327565860545,1.5
10,0.7,0.09865525007644932,Influenza A (H3N2),0.8226203378987185,0.9995743550026451,0.011764883066051501,0.039719726796329825,0.07640343765760452,0.03928684556330565,0.9602802732036702,1.5
10,0.71,0.09454289364513643,Influenza A (H3N2),0.8226203378987185,0.9994943102497807,0.011809601685233484,0.043839964784945604,0.08399569804729257,0.043365652245903996,0.9561600352150544,1.5
10,0.72,0.09050384492809577,Influenza A (H3N2),0.8226203378987185,0.999401276166463,0.01185966726069021,0.04849730704142839,0.09250565145238823,0.047977071632048306,0.9515026929585716,1.5
10,0.73,0.08653580585182973,Influenza A (H3N2),0.8226203378987185,0.9992936527860052,0.011915751203741776,0.0537720471168162,0.10205263619563928,0.053200958146042414,0.9462279528831838,1.5
10,0.74,0.08263658061504456,Influenza A (H3N2),0.8226203378987185,0.9991697572616898,0.011978600163643494,0.059757108874811796,0.11276981985913542,0.05912978632209313,0.9402428911251882,1.5
10,0.75,0.07880406982780357,Influenza A (H3N2),0.8226203378987185,0.9990278443367997,0.012049040846225934,0.06655994628101376,0.1248048077085067,0.06587056405556745,0.9334400537189862,1.5
10,0.76,0.07503626505959801,Influenza A (H3N2),0.8226203378987185,0.9988661321193171,0.01212798410346183,0.07430466130431419,0.13831984636610942,0.0735469696550355,0.9256953386956858,1.5
10,0.77,0.07133124376284046,Influenza A (H3N2),0.8226203378987185,0.9986828330870491,0.012216427966284638,0.0831343331870061,0.15349142901836588,0.0823017074876752,0.9168656668129939,1.5
10,0.78,0.06768716454142513,Influenza A (H3N2),0.8226203378987185,0.9984761900154042,0.012315459247763005,0.09321353448442964,0.1705090607361432,0.09229905941452918,0.9067864655155704,1.5
10,0.79,0.06410226273680944,Influenza A (H3N2),0.8226203378987185,0.9982445162903678,0.012426253306787038,0.10473098248990988,0.18957289454184287,0.10372758267039671,0.8952690175100901,1.5
10,0.8,0.06057484630658951,Influenza A (H3N2),0.8226203378987185,0.9979862398698686,0.012550071539300878,0.11790223547829108,0.21088990747129968,0.11680286584815845,0.882097764521709,1.5
10,0.81,0.05710329197279877,Influenza A (H3N2),0.8226203378987185,0.9976999500179159,0.01268825616120739,0.13297228695468494,0.23466826142945613,0.1317701984695889,0.867027713045315,1.5
10,0.8200000000000001,0.05368604161919024,Influenza A (H3N2),0.8226203378987185,0.9973844458905826,0.012842221870900894,0.15021783153408996,0.26110950041635406,0.14890692991856871,0.84978216846591,1.5
10,0.8300000000000001,0.05032159891858897,Influenza A (H3N2),0.8226203378987185,0.9970387861358654,0.01301344403630278,0.16994886486966612,0.29039829134235967,0.1685241818031556,0.8300511351303339,1.5
10,0.8400000000000001,0.04700852617304747,Influenza A (H3N2),0.8226203378987185,0.9966623389178119,0.013203443146191929,0.1925091261286626,0.32268953897732233,0.19096742282853685,0.8074908738713373,1.5
10,0.8500000000000001,0.04374544135101994,Influenza A (H3N2),0.8226203378987185,0.9962548322320973,0.013413765401356192,0.21827468025130775,0.3580929120604676,0.216615202071128,0.7817253197486922,1.5
10,0.86,0.040531015307114594,Influenza A (H3N2),0.8226203378987185,0.9958164051021132,0.013645959496964566,0.24764964933271078,0.3966551119650612,0.2458750454352468,0.7523503506672893,1.5
10,0.87,0.0373639691711951,Influenza A (H3N2),0.8226203378987185,0.9953476613175802,0.013901549858652107,0.2810577126091771,0.4383405815351348,0.2791751251227179,0.7189422873908229,1.5
10,0.88,0.03424307189470122,Influenza A (H3N2),0.8226203378987185,0.9948497289456966,0.014182006831185756,0.31892746954342055,0.48301174201150077,0.31694977916335004,0.6810725304565795,1.5
10,0.89,0.031167137943053577,Influenza A (H3N2),0.8226203378987185,0.9943243311619051,0.014488714565163985,0.36166905710166825,0.5304101722281733,0.35961624301895434,0.6383309428983317,1.5
10,0.9,0.02813502512391347,Influenza A (H3N2),0.8226203378987185,0.9937738774747307,0.01482293758458908,0.409638474169458,0.5801402764644111,0.4075390001032659,0.590361525830542,1.5
10,0.91,0.02514563254188755,Influenza A (H3N2),0.8226203378987185,0.9932015900112182,0.015185787223703007,0.46308482006462864,0.6316567625928659,0.4609768875500073,0.5369151799353713,1.5
10,0.9199999999999999,0.02219789867101719,Influenza A (H3N2),0.8226203378987185,0.9926116888077355,0.015578189272083764,0.5220740056790611,0.6842564927442503,0.5200064102708302,0.47792599432093885,1.5
10,0.9299999999999999,0.019290799537069667,Influenza A (H3N2),0.8226203378987185,0.9920096761893455,0.01600085424148412,0.5863803228194583,0.7370737961203849,0.5844124943618667,0.4136196771805417,1.5
10,0.94,0.01642334700227208,Influenza A (H3N2),0.8226203378987185,0.9914027897839258,0.01645425165048431,0.6553344026349673,0.7890759472789267,0.6535349879606177,0.34466559736503266,1.5
10,0.95,0.013594587145690928,Influenza A (H3N2),0.8226203378987185,0.9908007503259969,0.016938589605856036,0.7276123557562925,0.839051873473407,0.7260553850966055,0.27238764424370754,1.5
10,0.96,0.010803598732981244,Influenza A (H3N2),0.8226203378987185,0.990217045488233,0.017453800744809733,0.8009460063228504,0.8855814518669102,0.7997032383655676,0.1990539936771496,1.5
10,0.97,0.008049491769699922,Influenza A (H3N2),0.8226203378987185,0.9896712406814514,0.017999535302844705,0.8717277789236142,0.9269628955610646,0.8708551970855947,0.1282722210763858,1.5
10,0.98,0.005331406132809247,Influenza A (H3N2),0.8226203378987185,0.9891933934373651,0.01857516171028828,0.9344755501613442,0.9610562603553475,0.9339911220477914,0.0655244498386558,1.5
10,0.99,0.0026485102753974754,Influenza A (H3N2),0.8226203378987185,0.9888331602644169,0.01917977472650967,0.9811120988462738,0.9849574984776804,0.9809607296413925,0.018887901153726183,1.5
11,0.5,0.2010956579606304,Influenza A (H3N2),0.8226203378987185,0.9999977254919652,0.005217231747100537,0.00809401952843445,0.016058064473800867,0.00805214934841552,0.9919059804715655,1.5
11,0.51,0.1947986185334857,Influenza A (H3N2),0.8226203378987185,0.9999971355281766,0.0052201166812289035,0.008646289797382028,0.017144344201793185,0.008601567810373448,0.991353710202618,1.5
11,0.52,0.18865731155396073,Influenza A (H3N2),0.8226203378987185,0.999996397530642,0.0052232471609298115,0.00924518769727446,0.018320993758261045,0.00919737476413118,0.9907548123027256,1.5
11,0.53,0.18266499994017857,Influenza A (H3N2),0.8226203378987185,0.9999954759606945,0.005226650075229711,0.009895807071181584,0.0195976784203,0.00984463843081389,0.9901041929288185,1.5
11,0.54,0.1768153582457923,Influenza A (H3N2),0.8226203378987185,0.9999943272803905,0.005230355785107332,0.010603908055188618,0.020985288775356596,0.010549090126689795,0.9893960919448114,1.5
11,0.55,0.17110244043428807,Influenza A (H3N2),0.8226203378987185,0.9999928983285835,0.005234398617788294,0.011376016243301718,0.022496114505136423,0.011317222998689749,0.9886239837566982,1.5
11,0.56,0.16552065071011157,Influenza A (H3N2),0.8226203378987185,0.9999911244249265,0.005238817433438903,0.012219537967778494,0.024144044251553545,0.01215640681958758,0.9877804620322215,1.5
11,0.5700000000000001,0.16006471706779526,Influenza A (H3N2),0.8226203378987185,0.99998892717472,0.005243656274164121,0.013142894453626937,0.02594479542361903,0.013075021596222123,0.9868571055463731,1.5
11,0.58,0.15472966726304535,Influenza A (H3N2),0.8226203378987185,0.9999862119510186,0.005248965106212089,0.014155678083657556,0.02791617828544832,0.014082613222096228,0.9858443219163424,1.5
11,0.59,0.14951080694649097,Influenza A (H3N2),0.8226203378987185,0.9999828650365999,0.005254800667235715,0.015268834566557702,0.03007839916269913,0.015190074962509882,0.9847311654334423,1.5
11,0.6,0.14440369973244888,Influenza A (H3N2),0.8226203378987185,0.9999787504177879,0.005261227431315518,0.016494875445350353,0.03245440809569884,0.016409859206616216,0.9835051245546497,1.5
11,0.61,0.13940414900236886,Influenza A (H3N2),0.8226203378987185,0.9999737062354872,0.0052683187051225655,0.01784812612787865,0.035070296717867176,0.017756224667240604,0.9821518738721213,1.5
11,0.62,0.13450818126629016,Influenza A (H3N2),0.8226203378987185,0.9999675409166636,0.005276157868985609,0.019345015474771,0.03795575249614205,0.01924552506642284,0.980654984525229,1.5
11,0.63,0.1297120309261595,Influenza A (H3N2),0.8226203378987185,0.9999600290322429,0.005284839776579786,0.021004413952447825,0.0411445756608194,0.02089654632157934,0.9789955860475522,1.5
11,0.64,0.12501212630272315,Influenza A (H3N2),0.8226203378987185,0.9999509069553938,0.005294472326317856,0.022848028454998125,0.04467526506869279,0.022730900350292647,0.9771519715450019,1.5
11,0.65,0.12040507680327484,Influenza A (H3N2),0.8226203378987185,0.9999398684269416,0.005305178216074458,0.02490086311999071,0.0485916787369229,0.02477348484245031,0.9750991368800093,1.5
11,0.66,0.1158876611211453,Influenza A (H3N2),0.8226203378987185,0.9999265601717843,0.005317096890368855,0.027191756802072357,0.052943773652545996,0.027053019700114797,0.9728082431979277,1.5
11,0.67,0.11145681636974225,Influenza A (H3N2),0.8226203378987185,0.9999105777501686,0.005330386685278743,0.02975400930437903,0.05778842743156207,0.029602672298880254,0.970245990695621,1.5
11,0.6799999999999999,0.10710962806440108,Influenza A (H3N2),0.8226203378987185,0.9998914618685207,0.005345227170849287,0.032626109962146835,0.0631903411140865,0.032460785241477684,0.9673738900378531,1.5
11,0.69,0.10284332087450637,Influenza A (H3N2),0.8226203378987185,0.9998686954134078,0.005361821683251389,0.03585258365828966,0.06922301737730852,0.03567172178916765,0.9641474163417103,1.5
11,0.7,0.09865525007644932,Influenza A (H3N2),0.8226203378987185,0.9998417015055713,0.005380400029073251,0.03948497071990498,0.07596980114818563,0.03928684556330565,0.960515029280095,1.5
11,0.71,0.09454289364513643,Influenza A (H3N2),0.8226203378987185,0.9998098428947919,0.00540122133164056,0.043582958233553695,0.08352495930057613,0.043365652245903996,0.9564170417664463,1.5
11,0.72,0.09050384492809577,Influenza A (H3N2),0.8226203378987185,0.9997724230262044,0.005424576973839801,0.0482156808819942,0.09199476200823781,0.047977071632048306,0.9517843191180058,1.5
11,0.73,0.08653580585182973,Influenza A (H3N2),0.8226203378987185,0.9997286891005632,0.00545079357352829,0.05346320909154324,0.1014985094966019,0.053200958146042414,0.9465367909084568,1.5
11,0.74,0.08263658061504456,Influenza A (H3N2),0.8226203378987185,0.9996778374214317,0.00548023590626634,0.05941824058092225,0.11216942349434457,0.05912978632209313,0.9405817594190777,1.5
11,0.75,0.07880406982780357,Influenza A (H3N2),0.8226203378987185,0.9996190212695163,0.0055133096662229875,0.06618800760494903,0.12415529188564084,0.06587056405556745,0.933811992395051,1.5
11,0.76,0.07503626505959801,Influenza A (H3N2),0.8226203378987185,0.9995513614684935,0.005550463930360627,0.07389640529289689,0.13761871756646218,0.0735469696550355,0.9261035947071031,1.5
11,0.77,0.07133124376284046,Influenza A (H3N2),0.8226203378987185,0.9994739597106687,0.005592193164593695,0.08268633511355036,0.15273677876589917,0.0823017074876752,0.9173136648864496,1.5
11,0.78,0.06768716454142513,Influenza A (H3N2),0.8226203378987185,0.9993859146005991,0.0056390385852188585,0.09272223976618366,0.16969985989395334,0.09229905941452918,0.9072777602338163,1.5
11,0.79,0.06410226273680944,Influenza A (H3N2),0.8226203378987185,0.9992863402595935,0.005691588666806635,0.1041927791227146,0.18870936314462528,0.10372758267039671,0.8958072208772854,1.5
11,0.8,0.06057484630658951,Influenza A (H3N2),0.8226203378987185,0.9991743872261007,0.005750478571662221,0.11731355774220774,0.20997396827909579,0.11680286584815845,0.8826864422577922,1.5
11,0.81,0.05710329197279877,Influenza A (H3N2),0.8226203378987185,0.9990492653012385,0.005816388269231032,0.1323297582452447,0.23370408148100263,0.1317701984695889,0.8676702417547553,1.5
11,0.8200000000000001,0.05368604161919024,Influenza A (H3N2),0.8226203378987185,0.9989102679420955,0.005890039119822443,0.14951845517316373,0.2601041181104689,0.14890692991856871,0.8504815448268362,1.5
11,0.8300000000000001,0.05032159891858897,Influenza A (H3N2),0.8226203378987185,0.998756797816675,0.005972188719298943,0.16919027246047208,0.2893623162293715,0.1685241818031556,0.8308097275395279,1.5
11,0.8400000000000001,0.04700852617304747,Influenza A (H3N2),0.8226203378987185,0.998588393223953,0.006063623842748056,0.19168989314849724,0.32163789693216677,0.19096742282853685,0.8083101068515027,1.5
11,0.8500000000000001,0.04374544135101994,Influenza A (H3N2),0.8226203378987185,0.9984047552745327,0.00616515138763829,0.21739471768011395,0.3570455897236384,0.216615202071128,0.782605282319886,1.5
11,0.86,0.040531015307114594,Influenza A (H3N2),0.8226203378987185,0.9982057760527262,0.006277587300822618,0.24671067754022857,0.39563783195857577,0.2458750454352468,0.7532893224597714,1.5
11,0.87,0.0373639691711951,Influenza A (H3N2),0.8226203378987185,0.9979915684849928,0.006401743577243657,0.28006381851648154,0.43738531578496814,0.2791751251227179,0.7199361814835185,1.5
11,0.88,0.03424307189470122,Influenza A (H3N2),0.8226203378987185,0.9977624993963522,0.0065384135369892515,0.3178857388745399,0.4821569476029061,0.31694977916335004,0.68211426112546,1.5
11,0.89,0.031167137943053577,Influenza A (H3N2),0.8226203378987185,0.9975192283734184,0.006688355714420946,0.36059025842362136,0.5297006166859306,0.35961624301895434,0.6394097415763786,1.5
11,0.9,0.02813502512391347,Influenza A (H3N2),0.8226203378987185,0.997262756800011,0.0068522768190826255,0.40853774769403717,0.5796263114428947,0.4075390001032659,0.5914622523059628,1.5
11,0.91,0.02514563254188755,Influenza A (H3N2),0.8226203378987185,0.9969944942132248,0.0070308143415953595,0.46198228812494513,0.6313929094148379,0.4609768875500073,0.5380177118750549,1.5
11,0.9199999999999999,0.02219789867101719,Influenza A (H3N2),0.8226203378987185,0.9967163537489727,0.007224519466867196,0.5209951682749638,0.684299218801957,0.5200064102708302,0.47900483172503616,1.5
11,0.9299999999999999,0.019290799537069667,Influenza A (H3N2),0.8226203378987185,0.9964308964816257,0.007433841010242581,0.5853560236575296,0.73747837965771,0.5844124943618667,0.4146439763424704,1.5
11,0.94,0.01642334700227208,Influenza A (H3N2),0.8226203378987185,0.9961415591218377,0.007659111100683069,0.6544000391933473,0.7898923310952767,0.6535349879606177,0.3455999608066527,1.5
11,0.95,0.013594587145690928,Influenza A (H3N2),0.8226203378987185,0.9958530276838338,0.007900533293307754,0.7268058483093607,0.8403193628917318,0.7260553850966055,0.2731941516906393,1.5
11,0.96,0.010803598732981244,Influenza A (H3N2),0.8226203378987185,0.9955718769294992,0.00815817370121763,0.8003038184456727,0.887321964093238,0.7997032383655676,0.19969618155432733,1.5
11,0.97,0.008049491769699922,Influenza A (H3N2),0.8226203378987185,0.9953077194666858,0.008431955598455554,0.8712779729290979,0.9291721197590126,0.8708551970855947,0.12872202707090208,1.5
11,0.98,0.005331406132809247,Influenza A (H3N2),0.8226203378987185,0.9950753993474278,0.008721657772303049,0.9342264348974436,0.9636913481195677,0.9339911220477914,0.06577356510255639,1.5
11,0.99,0.0026485102753974754,Influenza A (H3N2),0.8226203378987185,0.9948995162867652,0.009026916707941535,0.9810344442438138,0.98791833485846,0.9809607296413925,0.018965555756186192,1.5
12,0.5,0.2010956579606304,Influenza A (H3N2),0.8226203378987185,0.9999993708907454,0.0022725625425640272,0.0080703369899634,0.01601145605259021,0.00805214934841552,0.9919296630100366,1.5
12,0.51,0.1947986185334857,Influenza A (H3N2),0.8226203378987185,0.9999991953262337,0.0022738200914989015,0.008620994927041322,0.017094617127955864,0.008601567810373448,0.9913790050729587,1.5
12,0.52,0.18865731155396073,Influenza A (H3N2),0.8226203378987185,0.9999989724151515,0.0022751848720925505,0.009218145488930364,0.01826789469375575,0.00919737476413118,0.9907818545110696,1.5
12,0.53,0.18266499994017857,Influenza A (H3N2),0.8226203378987185,0.9999986899451233,0.002276668678196314,0.0098668681046992,0.019540928195659345,0.00984463843081389,0.9901331318953008,1.5
12,0.54,0.1768153582457923,Influenza A (H3N2),0.8226203378987185,0.9999983327456847,0.0022782848393377853,0.010572906710231143,0.020924579425393452,0.010549090126689795,0.9894270932897689,1.5
12,0.55,0.17110244043428807,Influenza A (H3N2),0.8226203378987185,0.9999978820378427,0.002280048442470428,0.011342768676450213,0.022431105967873843,0.011317222998689749,0.9886572313235498,1.5
12,0.56,0.16552065071011157,Influenza A (H3N2),0.8226203378987185,0.9999973146629676,0.0022819765869434017,0.012183839823020758,0.024074360703725484,0.01215640681958758,0.9878161601769793,1.5
12,0.5700000000000001,0.16006471706779526,Influenza A (H3N2),0.8226203378987185,0.9999966021760278,0.002284088677412366,0.013104518273600364,0.025870021229347943,0.013075021596222123,0.9868954817263996,1.5
12,0.58,0.15472966726304535,Influenza A (H3N2),0.8226203378987185,0.9999957097888138,0.0022864067599330795,0.01411437038661571,0.02783585354076034,0.014082613222096228,0.9858856296133843,1.5
12,0.59,0.14951080694649097,Influenza A (H3N2),0.8226203378987185,0.9999945951505484,0.0022889559069940724,0.015224312552112042,0.029992014828497664,0.015190074962509882,0.9847756874478879,1.5
12,0.6,0.14440369973244888,Influenza A (H3N2),0.8226203378987185,0.9999932069563441,0.002291764657727402,0.01644682329096267,0.032361400727148576,0.016409859206616216,0.9835531767090373,1.5
12,0.61,0.13940414900236886,Influenza A (H3N2),0.8226203378987185,0.9999914833788056,0.002294865519963496,0.01779619083832317,0.03497004282075948,0.017756224667240604,0.9822038091616768,1.5
12,0.62,0.13450818126629016,Influenza A (H3N2),0.8226203378987185,0.9999893503249935,0.002298295541108164,0.01928880224898541,0.037847562573181386,0.01924552506642284,0.9807111977510146,1.5
12,0.63,0.1297120309261595,Influenza A (H3N2),0.8226203378987185,0.9999867195301578,0.002302096954951649,0.020943481037203476,0.04102768805604226,0.02089654632157934,0.9790565189627966,1.5
12,0.64,0.12501212630272315,Influenza A (H3N2),0.8226203378987185,0.999983486511552,0.002306317911409117,0.02278188146375674,0.04454883978036759,0.022730900350292647,0.9772181185362433,1.5
12,0.65,0.12040507680327484,Influenza A (H3N2),0.8226203378987185,0.9999795284200294,0.0023110132957253615,0.0248289488096288,0.04845479145320074,0.02477348484245031,0.9751710511903712,1.5
12,0.66,0.1158876611211453,Influenza A (H3N2),0.8226203378987185,0.9999747018441172,0.002316245642743131,0.02711345632169999,0.05279541037582142,0.027053019700114797,0.9728865436783,1.5
12,0.67,0.11145681636974225,Influenza A (H3N2),0.8226203378987185,0.9999688406402875,0.0023220861502917245,0.029668630961606428,0.057627480204086895,0.029602672298880254,0.9703313690383936,1.5
12,0.6799999999999999,0.10710962806440108,Influenza A (H3N2),0.8226203378987185,0.9999617538834635,0.0023286157934553353,0.03253288159579685,0.06301560554707505,0.032460785241477684,0.9674671184042032,1.5
12,0.69,0.10284332087450637,Influenza A (H3N2),0.8226203378987185,0.9999532240523156,0.002335926538249433,0.03575064476633208,0.0690331929276639,0.03567172178916765,0.964249355233668,1.5
12,0.7,0.09865525007644932,Influenza A (H3N2),0.8226203378987185,0.9999430055830245,0.0023441226488793987,0.03937336457169122,0.07576349539047901,0.03928684556330565,0.9606266354283087,1.5
12,0.71,0.09454289364513643,Influenza A (H3N2),0.8226203378987185,0.9999308239411454,0.0023533220771579932,0.043460624301484736,0.08330069781571484,0.043365652245903996,0.9565393756985152,1.5
12,0.72,0.09050384492809577,Influenza A (H3N2),0.8226203378987185,0.9999163753717915,0.002363657915602002,0.04808144806565906,0.09175100596057739,0.047977071632048306,0.9519185519343409,1.5
12,0.73,0.08653580585182973,Influenza A (H3N2),0.8226203378987185,0.9998993274915697,0.0023752798872060943,0.05331579038402857,0.10123368349896492,0.053200958146042414,0.9466842096159714,1.5
12,0.74,0.08263658061504456,Influenza A (H3N2),0.8226203378987185,0.9998793208795128,0.0023883558348150036,0.05925623004995966,0.11188195695676205,0.05912978632209313,0.9407437699500404,1.5
12,0.75,0.07880406982780357,Influenza A (H3N2),0.8226203378987185,0.9998559718073627,0.0024030731615806156,0.06600988083862919,0.12384367768411217,0.06587056405556745,0.9339901191613709,1.5
12,0.76,0.07503626505959801,Influenza A (H3N2),0.8226203378987185,0.9998288762213395,0.002419640161420933,0.07370052479818504,0.13728159250396182,0.0735469696550355,0.926299475201815,1.5
12,0.77,0.07133124376284046,Influenza A (H3N2),0.8226203378987185,0.9997976150486781,0.0024382871652294247,0.08247096256153404,0.15237303084574472,0.0823017074876752,0.9175290374384659,1.5
12,0.78,0.06768716454142513,Influenza A (H3N2),0.8226203378987185,0.9997617608547879,0.0024592674155329286,0.09248555745319124,0.16930876775468057,0.09229905941452918,0.9075144425468088,1.5
12,0.79,0.06410226273680944,Influenza A (H3N2),0.8226203378987185,0.9997208858244871,0.002482857570430097,0.1039329235572693,0.1882907729249025,0.10372758267039671,0.8960670764427308,1.5
12,0.8,0.06057484630658951,Influenza A (H3N2),0.8226203378987185,0.9996745709887305,0.0025093577281941615,0.11702866885996688,0.20952851243060908,0.11680286584815845,0.8829713311400331,1.5
12,0.81,0.05710329197279877,Influenza A (H3N2),0.8226203378987185,0.9996224165732029,0.002539090858521109,0.1320180483669407,0.23323344229621462,0.1317701984695889,0.8679819516330594,1.5
12,0.8200000000000001,0.05368604161919024,Influenza A (H3N2),0.8226203378987185,0.9995640533151924,0.0025724015266589406,0.149178302398315,0.2596113355972182,0.14890692991856871,0.850821697601685,1.5
12,0.8300000000000001,0.05032159891858897,Influenza A (H3N2),0.8226203378987185,0.9994991545894113,0.00260965380439504,0.16882034363903095,0.28885213505477647,0.1685241818031556,0.831179656360969,1.5
12,0.8400000000000001,0.04700852617304747,Influenza A (H3N2),0.8226203378987185,0.999427449212248,0.002651228278560569,0.19128930174569395,0.32111714016198245,0.19096742282853685,0.8087106982543061,1.5
12,0.8500000000000001,0.04374544135101994,Influenza A (H3N2),0.8226203378987185,0.9993487348695536,0.0026975180945592037,0.21696322151989086,0.35652353789688895,0.216615202071128,0.7830367784801091,1.5
12,0.86,0.040531015307114594,Influenza A (H3N2),0.8226203378987185,0.9992628922510937,0.00274892400980542,0.24624892024150827,0.3951265749327448,0.2458750454352468,0.7537510797584918,1.5
12,0.87,0.0373639691711951,Influenza A (H3N2),0.8226203378987185,0.999169900197667,0.002805848479372597,0.27957361592898633,0.43690003257541243,0.2791751251227179,0.7204263840710137,1.5
12,0.88,0.03424307189470122,Influenza A (H3N2),0.8226203378987185,0.9990698525102166,0.002868688851857759,0.3173704072640307,0.4817160575607994,0.31694977916335004,0.6826295927359693,1.5
12,0.89,0.031167137943053577,Influenza A (H3N2),0.8226203378987185,0.9989629775946632,0.002937829814398607,0.3600549735370286,0.5293257357826671,0.35961624301895434,0.6399450264629714,1.5
12,0.9,0.02813502512391347,Influenza A (H3N2),0.8226203378987185,0.9988496629298568,0.003013635287744787,0.4079899117291075,0.5793419422512183,0.4075390001032659,0.5920100882708925,1.5
12,0.91,0.02514563254188755,Influenza A (H3N2),0.8226203378987185,0.9987304876477913,0.003096440029882186,0.46143186305491196,0.631225794012945,0.4609768875500073,0.5385681369450881,1.5
12,0.9199999999999999,0.02219789867101719,Influenza A (H3N2),0.8226203378987185,0.9986062686815689,0.0031865412542962934,0.5204549062013439,0.6842772898053958,0.5200064102708302,0.47954509379865606,1.5
12,0.9299999999999999,0.019290799537069667,Influenza A (H3N2),0.8226203378987185,0.9984781297046044,0.003284190600788661,0.5848414841373291,0.7376292520474045,0.5844124943618667,0.41515851586267094,1.5
12,0.94,0.01642334700227208,Influenza A (H3N2),0.8226203378987185,0.998347608956148,0.0033895868081639247,0.6539292247144572,0.7902412775102512,0.6535349879606177,0.34607077528554275,1.5
12,0.95,0.013594587145690928,Influenza A (H3N2),0.8226203378987185,0.9982168352361505,0.0035028694259238158,0.7263982053793301,0.8408866913699181,0.7260553850966055,0.2736017946206699,1.5
12,0.96,0.010803598732981244,Influenza A (H3N2),0.8226203378987185,0.9980888281416442,0.003624113865474232,0.7999782338508202,0.8881196422987849,0.7997032383655676,0.20002176614917977,1.5
12,0.97,0.008049491769699922,Influenza A (H3N2),0.8226203378987185,0.9979680367158568,0.003753328032001013,0.8710492302239213,0.9301993144158942,0.8708551970855947,0.12895076977607867,1.5
12,0.98,0.005331406132809247,Influenza A (H3N2),0.8226203378987185,0.997861366920258,0.003890450700261394,0.9340993686094933,0.9649281744273472,0.9339911220477914,0.06590063139050673,1.5
12,0.99,0.0026485102753974754,Influenza A (H3N2),0.8226203378987185,0.9977803000901996,0.0040353517072619915,0.9809947167804334,0.9893163139324934,0.9809607296413925,0.019005283219566627,1.5
13,0.5,0.2010956579606304,Influenza A (H3N2),0.8226203378987185,0.9999998291703426,9.455189612520565e-4,0.008059707227704351,0.01599053539965686,0.00805214934841552,0.9919402927722957,1.5
13,0.51,0.1947986185334857,Influenza A (H3N2),0.8226203378987185,0.9999997781993953,9.460424170791848e-4,0.008609640943989607,0.017072295520853323,0.008601567810373448,0.9913903590560104,1.5
13,0.52,0.18865731155396073,Influenza A (H3N2),0.8226203378987185,0.9999997125472554,9.466105652234935e-4,0.009206006497123097,0.018244058029216227,0.00919737476413118,0.9907939935028769,1.5
13,0.53,0.18266499994017857,Influenza A (H3N2),0.8226203378987185,0.9999996281716397,9.47228336882433e-4,0.009853876789102857,0.01951545066041054,0.00984463843081389,0.9901461232108971,1.5
13,0.54,0.1768153582457923,Influenza A (H3N2),0.8226203378987185,0.999999519984146,9.479013095250455e-4,0.010558988410803003,0.020897322133464194,0.010549090126689795,0.989441011589197,1.5
13,0.55,0.17110244043428807,Influenza A (H3N2),0.8226203378987185,0.9999993816033758,9.486358012852358e-4,0.011327840459624877,0.02240191543824756,0.011317222998689749,0.9886721595403751,1.5
13,0.56,0.16552065071011157,Influenza A (H3N2),0.8226203378987185,0.9999992050581515,9.494389797618519e-4,0.012167809428090617,0.02404306716429769,0.01215640681958758,0.9878321905719094,1.5
13,0.5700000000000001,0.16006471706779526,Influenza A (H3N2),0.8226203378987185,0.9999989804335808,9.503189873399931e-4,0.013087282918018053,0.02583643673415762,0.013075021596222123,0.9869127170819819,1.5
13,0.58,0.15472966726304535,Influenza A (H3N2),0.8226203378987185,0.9999986954526371,9.5128508539577e-4,0.014095815412871679,0.027799769889657287,0.014082613222096228,0.9859041845871284,1.5
13,0.59,0.14951080694649097,Influenza A (H3N2),0.8226203378987185,0.9999983349862875,9.523478200031965e-4,0.01520430989763845,0.029953201282276763,0.015190074962509882,0.9847956901023616,1.5
13,0.6,0.14440369973244888,Influenza A (H3N2),0.8226203378987185,0.9999978804860308,9.535192120041502e-4,0.016425229761638672,0.03231960151738866,0.016409859206616216,0.9835747702383614,1.5
13,0.61,0.13940414900236886,Influenza A (H3N2),0.8226203378987185,0.9999973093342882,9.548129745362566e-4,0.01777284616581691,0.03492497446301331,0.017756224667240604,0.9822271538341831,1.5
13,0.62,0.13450818126629016,Influenza A (H3N2),0.8226203378987185,0.9999965941105546,9.56244761302405e-4,0.019263526912657068,0.03779891100590874,0.01924552506642284,0.9807364730873429,1.5
13,0.63,0.1297120309261595,Influenza A (H3N2),0.8226203378987185,0.9999957017746363,9.578324489828427e-4,0.020916073832999857,0.04097510564720801,0.02089654632157934,0.9790839261670001,1.5
13,0.64,0.12501212630272315,Influenza A (H3N2),0.8226203378987185,0.9999945927730177,9.595964572177706e-4,0.022752116805971518,0.04449194227078455,0.022730900350292647,0.9772478831940284,1.5
13,0.65,0.12040507680327484,Influenza A (H3N2),0.8226203378987185,0.9999932200802373,9.615601094674631e-4,0.024796573757261586,0.04839315494278448,0.02477348484245031,0.9752034262427384,1.5
13,0.66,0.1158876611211453,Influenza A (H3N2),0.8226203378987185,0.9999915281943442,9.637500377417396e-4,0.02707818733030085,0.052728568508766484,0.027053019700114797,0.9729218126696991,1.5
13,0.67,0.11145681636974225,Influenza A (H3N2),0.8226203378987185,0.9999894521138345,9.661966336138583e-4,0.02963015037506331,0.05755492177496606,0.029602672298880254,0.9703698496249367,1.5
13,0.6799999999999999,0.10710962806440108,Influenza A (H3N2),0.8226203378987185,0.9999869163326689,9.689345470391686e-4,0.032490833911924824,0.06293677283595825,0.032460785241477684,0.9675091660880751,1.5
13,0.69,0.10284332087450637,Influenza A (H3N2),0.8226203378987185,0.9999838338996933,9.720032331901329e-4,0.035704632737116784,0.06894748118299372,0.03567172178916765,0.9642953672628832,1.5
13,0.7,0.09865525007644932,Influenza A (H3N2),0.8226203378987185,0.9999801055983462,9.754475457078859e-4,0.0393229452357773,0.07567025401830854,0.03928684556330565,0.9606770547642227,1.5
13,0.71,0.09454289364513643,Influenza A (H3N2),0.8226203378987185,0.9999756193112301,9.793183724157162e-4,0.0434053050955768,0.08319923400750098,0.043365652245903996,0.9565946949044232,1.5
13,0.72,0.09050384492809577,Influenza A (H3N2),0.8226203378987185,0.9999702496409447,9.83673306490629e-4,0.0480206832259724,0.09164059170252811,0.047977071632048306,0.9519793167740276,1.5
13,0.73,0.08653580585182973,Influenza A (H3N2),0.8226203378987185,0.9999638578626184,9.885773423884414e-4,0.0532489779322954,0.10111356715517288,0.053200958146042414,0.9467510220677046,1.5
13,0.74,0.08263658061504456,Influenza A (H3N2),0.8226203378987185,0.9999562922838092,9.941035813375576e-4,0.05918270976465657,0.11175138090300767,0.05912978632209313,0.9408172902353434,1.5
13,0.75,0.07880406982780357,Influenza A (H3N2),0.8226203378987185,0.9999473890831391,0.0010003339260971078,0.06592893374514525,0.12370190377915732,0.06587056405556745,0.9340710662548548,1.5
13,0.76,0.07503626505959801,Influenza A (H3N2),0.8226203378987185,0.9999369736896417,0.0010073597389250732,0.07361137487561475,0.13712793749928012,0.0735469696550355,0.9263886251243852,1.5
13,0.77,0.07133124376284046,Influenza A (H3N2),0.8226203378987185,0.9999248627504028,0.0010152824305924568,0.08237278156203463,0.15220691411577872,0.0823017074876752,0.9176272184379654,1.5
13,0.78,0.06768716454142513,Influenza A (H3N2),0.8226203378987185,0.9999108667152525,0.001024213942056429,0.09237747396428715,0.1691297739187271,0.09229905941452918,0.9076225260357128,1.5
13,0.79,0.06410226273680944,Influenza A (H3N2),0.8226203378987185,0.9998947930453249,0.0010342770745792595,0.10381403770719351,0.18809873194121302,0.10372758267039671,0.8961859622928064,1.5
13,0.8,0.06057484630658951,Influenza A (H3N2),0.8226203378987185,0.9998764500293911,0.0010456056191286978,0.11689807436536069,0.2093235994527275,0.11680286584815845,0.8831019256346393,1.5
13,0.81,0.05710329197279877,Influenza A (H3N2),0.8226203378987185,0.9998556511707541,0.001058344232611974,0.13187486393748887,0.23301629883623193,0.1317701984695889,0.8681251360625111,1.5
13,0.8200000000000001,0.05368604161919024,Influenza A (H3N2),0.8226203378987185,0.9998322200917097,0.001072648007552357,0.14902171481866058,0.25938321215854,0.14890692991856871,0.8509782851813394,1.5
13,0.8300000000000001,0.05032159891858897,Influenza A (H3N2),0.8226203378987185,0.999805995896314,0.0010886816841324531,0.1686496651010023,0.28861505318903957,0.1685241818031556,0.8313503348989977,1.5
13,0.8400000000000001,0.04700852617304747,Influenza A (H3N2),0.8226203378987185,0.9997768389401985,0.0011066184597585682,0.19110404413326887,0.3208740687131525,0.19096742282853685,0.8088959558667311,1.5
13,0.8500000000000001,0.04374544135101994,Influenza A (H3N2),0.8226203378987185,0.9997446369842741,0.001126638362131338,0.2167631902466684,0.35627857395375184,0.216615202071128,0.7832368097533315,1.5
13,0.86,0.040531015307114594,Influenza A (H3N2),0.8226203378987185,0.9997093117646643,0.0011489261674674234,0.24603432974199715,0.3948851148208525,0.2458750454352468,0.7539656702580029,1.5
13,0.87,0.0373639691711951,Influenza A (H3N2),0.8226203378987185,0.999670826104515,0.0011736688659568228,0.2793452277694157,0.4366689124296653,0.2791751251227179,0.7206547722305843,1.5
13,0.88,0.03424307189470122,Influenza A (H3N2),0.8226203378987185,0.9996291918406885,0.0012010527010730687,0.31712968971600136,0.4815036372714173,0.31694977916335004,0.6828703102839986,1.5
13,0.89,0.031167137943053577,Influenza A (H3N2),0.8226203378987185,0.99958447906696,0.0012312598367447691,0.3598042778486548,0.5291418952963096,0.35961624301895434,0.6401957221513452,1.5
13,0.9,0.02813502512391347,Influenza A (H3N2),0.8226203378987185,0.9995368275534432,0.0012644647348863947,0.4077326545281435,0.5791979563063916,0.4075390001032659,0.5922673454718566,1.5
13,0.91,0.02514563254188755,Influenza A (H3N2),0.8226203378987185,0.9994864617778271,0.0013008303529469245,0.46117269534111577,0.6311340510734923,0.4609768875500073,0.5388273046588843,1.5
13,0.9199999999999999,0.02219789867101719,Influenza A (H3N2),0.8226203378987185,0.9994337119644426,0.00134050429449184,0.5201998358657066,0.6842508230552268,0.5200064102708302,0.4798001641342934,1.5
13,0.9299999999999999,0.019290799537069667,Influenza A (H3N2),0.8226203378987185,0.9993790451987974,0.0013836150626580501,0.5845978990073162,0.7376810530887773,0.5844124943618667,0.4154021009926838,1.5
13,0.94,0.01642334700227208,Influenza A (H3N2),0.8226203378987185,0.9993231137334594,0.001430268574418747,0.653705734206151,0.7903833627423463,0.6535349879606177,0.34629426579384903,1.5
13,0.95,0.013594587145690928,Influenza A (H3N2),0.8226203378987185,0.9992668334496791,0.001480545091276153,0.7262041774666592,0.8411288793193438,0.7260553850966055,0.2737958225333408,1.5
13,0.96,0.010803598732981244,Influenza A (H3N2),0.8226203378987185,0.9992115173164466,0.0015344967086295958,0.7998228455572929,0.8884679643551087,0.7997032383655676,0.20017715444270712,1.5
13,0.97,0.008049491769699922,Influenza A (H3N2),0.8226203378987185,0.9991591144432618,0.0015921455221589165,0.8709397679260674,0.9306538979927272,0.8708551970855947,0.12906023207393258,1.5
13,0.98,0.005331406132809247,Influenza A (H3N2),0.8226203378987185,0.9991126657105571,0.0016534825567114941,0.9340384007385141,0.9654802592867802,0.9339911220477914,0.06596159926148593,1.5
13,0.99,0.0026485102753974754,Influenza A (H3N2),0.8226203378987185,0.9990772428679874,0.001718467503904142,0.9809756048978063,0.9899436813193403,0.9809607296413925,0.01902439510219367,1.5
14,0.5,0.2010956579606304,Influenza A (H3N2),0.8226203378987185,0.999999954422037,3.7663214345218243e-4,0.008055158387075484,0.01598158258925099,0.00805214934841552,0.9919448416129245,1.5
14,0.51,0.1947986185334857,Influenza A (H3N2),0.8226203378987185,0.999999939960782,3.768407167314969e-4,0.008604782038895668,0.017062742885461203,0.008601567810373448,0.9913952179611043,1.5
14,0.52,0.18865731155396073,Influenza A (H3N2),0.8226203378987185,0.9999999210750339,3.7706711383878044e-4,0.009200811459661961,0.018233856629056525,0.00919737476413118,0.990799188540338,1.5
14,0.53,0.18266499994017857,Influenza A (H3N2),0.8226203378987185,0.9999998964716557,3.773133060583911e-4,0.009848316740899513,0.019504546509994544,0.00984463843081389,0.9901516832591005,1.5
14,0.54,0.1768153582457923,Influenza A (H3N2),0.8226203378987185,0.9999998645021377,3.7758152433542413e-4,0.010553031307825218,0.02088565560826726,0.010549090126689795,0.9894469686921747,1.5
14,0.55,0.17110244043428807,Influenza A (H3N2),0.8226203378987185,0.999999823073259,3.7787429755564705e-4,0.01132145068822114,0.022389420610218327,0.011317222998689749,0.9886785493117789,1.5
14,0.56,0.16552065071011157,Influenza A (H3N2),0.8226203378987185,0.9999997695383036,3.7819449675746686e-4,0.012160947345645769,0.024029671059457927,0.01215640681958758,0.9878390526543542,1.5
14,0.5700000000000001,0.16006471706779526,Influenza A (H3N2),0.8226203378987185,0.9999997005656515,3.785453861729904e-4,0.013079904330912969,0.025822058505808713,0.013075021596222123,0.986920095669087,1.5
14,0.58,0.15472966726304535,Influenza A (H3N2),0.8226203378987185,0.9999996119813966,3.789306821022631e-4,0.014087870983733913,0.02778431990144642,0.014082613222096228,0.9859121290162661,1.5
14,0.59,0.14951080694649097,Influenza A (H3N2),0.8226203378987185,0.9999994985826703,3.793546207437881e-4,0.015195744473224259,0.02993658009679621,0.015190074962509882,0.9848042555267758,1.5
14,0.6,0.14440369973244888,Influenza A (H3N2),0.8226203378987185,0.9999993539184916,3.798220362154492e-4,0.01641598161215675,0.03230169878836818,0.016409859206616216,0.9835840183878433,1.5
14,0.61,0.13940414900236886,Influenza A (H3N2),0.8226203378987185,0.9999991700354349,3.8033845011664624e-4,0.01776284612617993,0.034905667732890576,0.017756224667240604,0.98223715387382,1.5
14,0.62,0.13450818126629016,Influenza A (H3N2),0.8226203378987185,0.9999989371862102,3.809101740777088e-4,0.019252697416152112,0.037778064416116044,0.01924552506642284,0.9807473025838479,1.5
14,0.63,0.1297120309261595,Influenza A (H3N2),0.8226203378987185,0.99999864350042,3.8154442681626044e-4,0.02090432782837355,0.04095256857652763,0.02089654632157934,0.9790956721716264,1.5
14,0.64,0.12501212630272315,Influenza A (H3N2),0.8226203378987185,0.9999982746185244,3.822494672588439e-4,0.022739356550154584,0.044467547928408346,0.022730900350292647,0.9772606434498454,1.5
14,0.65,0.12040507680327484,Influenza A (H3N2),0.8226203378987185,0.9999978132922408,3.830347452684624e-4,0.024782689478213268,0.04836671895828425,0.02477348484245031,0.9752173105217867,1.5
14,0.66,0.1158876611211453,Influenza A (H3N2),0.8226203378987185,0.9999972389574588,3.839110714241034e-4,0.027063055758124902,0.05269988758229819,0.027053019700114797,0.972936944241875,1.5
14,0.67,0.11145681636974225,Influenza A (H3N2),0.8226203378987185,0.9999965272891453,3.848908070962498e-4,0.02961363314513995,0.05752377247921449,0.029602672298880254,0.97038636685486,1.5
14,0.6799999999999999,0.10710962806440108,Influenza A (H3N2),0.8226203378987185,0.999995649751575,3.8598807573653193e-4,0.03247277585195721,0.06290291069837463,0.032460785241477684,0.9675272241480428,1.5
14,0.69,0.10284332087450637,Influenza A (H3N2),0.8226203378987185,0.999994573161455,3.872189957990768e-4,0.03568486006150968,0.06891064022481812,0.03567172178916765,0.9643151399384903,1.5
14,0.7,0.09865525007644932,Influenza A (H3N2),0.8226203378987185,0.9999932592858434,3.88601934993571e-4,0.039301263686641524,0.07563014698788616,0.03928684556330565,0.9606987363133584,1.5
14,0.71,0.09454289364513643,Influenza A (H3N2),0.8226203378987185,0.9999916645009327,3.9015778464013273e-4,0.04338149809108925,0.08315555362164358,0.043365652245903996,0.9566185019089107,1.5
14,0.72,0.09050384492809577,Influenza A (H3N2),0.8226203378987185,0.9999897395413507,3.919102516408701e-4,0.0479945101052499,0.09159301330291565,0.047977071632048306,0.9520054898947501,1.5
14,0.73,0.08653580585182973,Influenza A (H3N2),0.8226203378987185,0.9999874293722458,3.938861640722102e-4,0.053220172423023036,0.10106175329788732,0.053200958146042414,0.946779827576977,1.5
14,0.74,0.08263658061504456,Influenza A (H3N2),0.8226203378987185,0.9999846732176031,3.961157845130403e-4,0.05915097884731284,0.11169498852731677,0.05912978632209313,0.9408490211526872,1.5
14,0.75,0.07880406982780357,Influenza A (H3N2),0.8226203378987185,0.999981404777635,3.986331230659834e-4,0.06589395714779601,0.12364059474267161,0.06587056405556745,0.934106042852204,1.5
14,0.76,0.07503626505959801,Influenza A (H3N2),0.8226203378987185,0.9999775526653569,4.01476239551779e-4,0.07357280550791528,0.13706139341188683,0.0735469696550355,0.9264271944920848,1.5
14,0.77,0.07133124376284046,Influenza A (H3N2),0.8226203378987185,0.9999730410875739,4.046875216939805e-4,0.08233024728807439,0.15213485653861034,0.0823017074876752,0.9176697527119256,1.5
14,0.78,0.06768716454142513,Influenza A (H3N2),0.8226203378987185,0.9999677907885715,4.083139233344024e-4,0.0923305812224134,0.16905199109144692,0.09229905941452918,0.9076694187775866,1.5
14,0.79,0.06410226273680944,Influenza A (H3N2),0.8226203378987185,0.9999617202662507,4.124071440674282e-4,0.10376237761093683,0.18801511322314893,0.10372758267039671,0.8962376223890631,1.5
14,0.8,0.06057484630658951,Influenza A (H3N2),0.8226203378987185,0.9999547472611112,4.170237293038559e-4,0.11684123206092206,0.20923417855799065,0.11680286584815845,0.883158767939078,1.5
14,0.81,0.05710329197279877,Influenza A (H3N2),0.8226203378987185,0.9999467905094165,4.222250680676609e-4,0.13181243214434693,0.2329213066413913,0.1317701984695889,0.8681875678556531,1.5
14,0.8200000000000001,0.05368604161919024,Influenza A (H3N2),0.8226203378987185,0.9999377717445413,4.280772650100406e-4,0.14895331262971687,0.2592831392821701,0.14890692991856871,0.8510466873702831,1.5
14,0.8300000000000001,0.05032159891858897,Influenza A (H3N2),0.8226203378987185,0.9999276179267025,4.3465086367533434e-4,0.16857496324808435,0.2885107215993808,0.1685241818031556,0.8314250367519156,1.5
14,0.8400000000000001,0.04700852617304747,Influenza A (H3N2),0.8226203378987185,0.9999162636830125,4.420204001944761e-4,0.19102279800134078,0.32076671023894926,0.19096742282853685,0.8089772019986592,1.5
14,0.8500000000000001,0.04374544135101994,Influenza A (H3N2),0.8226203378987185,0.9999036539497149,4.502637707107793e-4,0.21667528189659827,0.35616991171769297,0.216615202071128,0.7833247181034018,1.5
14,0.86,0.040531015307114594,Influenza A (H3N2),0.8226203378987185,0.9998897468297229,4.594614020339005e-4,0.2459398200025571,0.3947774413204475,0.2458750454352468,0.7540601799974429,1.5
14,0.87,0.0373639691711951,Influenza A (H3N2),0.8226203378987185,0.9998745167157619,4.6969522335582603e-4,0.27924441897362196,0.4365651553994758,0.2791751251227179,0.720755581026378,1.5
14,0.88,0.03424307189470122,Influenza A (H3N2),0.8226203378987185,0.999857957789552,4.810474470652304e-4,0.31702319872361784,0.48140740184482667,0.31694977916335004,0.6829768012763822,1.5
14,0.89,0.031167137943053577,Influenza A (H3N2),0.8226203378987185,0.9998400881021035,4.935991783093785e-4,0.3596931173841174,0.5290574687308749,0.35961624301895434,0.6403068826158826,1.5
14,0.9,0.02813502512391347,Influenza A (H3N2),0.8226203378987185,0.9998209545898358,5.074288852854325e-4,0.4076183182429729,0.579130260069708,0.4075390001032659,0.5923816817570271,1.5
14,0.91,0.02514563254188755,Influenza A (H3N2),0.8226203378987185,0.9998006396230787,5.226107742389852e-4,0.46105723792144704,0.6310885247119639,0.4609768875500073,0.538942762078553,1.5
14,0.9199999999999999,0.02219789867101719,Influenza A (H3N2),0.8226203378987185,0.9997792700878543,5.39213123816551e-4,0.5200859333085797,0.6842332249257839,0.5200064102708302,0.47991406669142034,1.5
14,0.9299999999999999,0.019290799537069667,Influenza A (H3N2),0.8226203378987185,0.9997570307062139,5.57296641518934e-4,0.58448886500102,0.7376971639789576,0.5844124943618667,0.41551113499897996,1.5
14,0.94,0.01642334700227208,Influenza A (H3N2),0.8226203378987185,0.9997341845850368,5.769129095883896e-4,0.6536054551618911,0.7904385778310185,0.6535349879606177,0.34639454483810894,1.5
14,0.95,0.013594587145690928,Influenza A (H3N2),0.8226203378987185,0.9997111064475285,5.981029878980859e-4,0.7261169095181336,0.8412276684689957,0.7260553850966055,0.27388309048186643,1.5
14,0.96,0.010803598732981244,Influenza A (H3N2),0.8226203378987185,0.9996883390054491,6.208962369365079e-4,0.799752789550923,0.8886131645135288,0.7997032383655676,0.200247210449077,1.5
14,0.97,0.008049491769699922,Influenza A (H3N2),0.8226203378987185,0.9996666937787747,6.453094149225791e-4,0.8708903000831638,0.9308457638927181,0.8708551970855947,0.12910969991683618,1.5
14,0.98,0.005331406132809247,Influenza A (H3N2),0.8226203378987185,0.9996474431048729,6.713460900051871e-4,0.9340107832909414,0.9657151182186702,0.9339911220477914,0.06598921670905855,1.5
14,0.99,0.0026485102753974754,Influenza A (H3N2),0.8226203378987185,0.9996327157448771,6.989963923211828e-4,0.9809669272702884,0.9902118654028226,0.9809607296413925,0.019033072729711553,1.5
15,0.5,0.2010956579606304,Influenza A (H3N2),0.8226203378987185,0.9999999880435372,1.4394141569906704e-4,0.008053299122114405,0.015977923247428572,0.00805214934841552,0.9919467008778856,1.5
15,0.51,0.1947986185334857,Influenza A (H3N2),0.8226203378987185,0.9999999840285947,1.4402114445866143e-4,0.008602796001492434,0.017058838294768657,0.008601567810373448,0.9913972039985076,1.5
15,0.52,0.18865731155396073,Influenza A (H3N2),0.8226203378987185,0.9999999787150514,1.441076908711425e-4,0.009198687979794657,0.018229686755586033,0.00919737476413118,0.9908013120202054,1.5
15,0.53,0.18266499994017857,Influenza A (H3N2),0.8226203378987185,0.9999999717020064,1.4420181029750623e-4,0.009846043994753004,0.019500089247440913,0.00984463843081389,0.990153956005247,1.5
15,0.54,0.1768153582457923,Influenza A (H3N2),0.8226203378987185,0.9999999624721854,1.443043579913983e-4,0.010550596171031056,0.020880886532299105,0.010549090126689795,0.989449403828969,1.5
15,0.55,0.17110244043428807,Influenza A (H3N2),0.8226203378987185,0.9999999503609677,1.4441630393779992e-4,0.011318838568689631,0.02238431270284789,0.011317222998689749,0.9886811614313104,1.5
15,0.56,0.16552065071011157,Influenza A (H3N2),0.8226203378987185,0.9999999345182251,1.445387500208506e-4,0.012158141993159911,0.024024194400401905,0.01215640681958758,0.9878418580068401,1.5
15,0.5700000000000001,0.16006471706779526,Influenza A (H3N2),0.8226203378987185,0.9999999138616763,1.4467294988118606e-4,0.013076887620330912,0.025816179927878814,0.013075021596222123,0.9869231123796691,1.5
15,0.58,0.15472966726304535,Influenza A (H3N2),0.8226203378987185,0.999999887020349,1.4482033186924426e-4,0.014084622668320211,0.027778002607235425,0.014082613222096228,0.9859153773316798,1.5
15,0.59,0.14951080694649097,Influenza A (H3N2),0.8226203378987185,0.9999998522667225,1.4498252554928648e-4,0.015192241904318018,0.029929783234420502,0.015190074962509882,0.984807758095682,1.5
15,0.6,0.14440369973244888,Influenza A (H3N2),0.8226203378987185,0.9999998074361,1.4516139226028457e-4,0.01641219942111009,0.03229437698490041,0.016409859206616216,0.98358780057889,1.5
15,0.61,0.13940414900236886,Influenza A (H3N2),0.8226203378987185,0.9999997498318841,1.4535906028800838e-4,0.0177587558643003,0.03489777058552442,0.017756224667240604,0.9822412441356997,1.5
15,0.62,0.13450818126629016,Influenza A (H3N2),0.8226203378987185,0.9999996761156733,1.4557796525271893e-4,0.019248267148306353,0.03776953594324617,0.01924552506642284,0.9807517328516937,1.5
15,0.63,0.1297120309261595,Influenza A (H3N2),0.8226203378987185,0.9999995821814527,1.4582089634773698e-4,0.020899521676029154,0.04094334663406454,0.02089654632157934,0.9791004783239708,1.5
15,0.64,0.12501212630272315,Influenza A (H3N2),0.8226203378987185,0.9999994630137969,1.46091049096575e-4,0.022734134180039733,0.044457563601119444,0.022730900350292647,0.9772658658199602,1.5
15,0.65,0.12040507680327484,Influenza A (H3N2),0.8226203378987185,0.9999993125307616,1.4639208529465542e-4,0.024777005533594847,0.04835589594218105,0.02477348484245031,0.9752229944664051,1.5
15,0.66,0.1158876611211453,Influenza A (H3N2),0.8226203378987185,0.9999991234132112,1.4672820078409643e-4,0.02705685923110016,0.05268814158260951,0.027053019700114797,0.9729431407688999,1.5
15,0.67,0.11145681636974225,Influenza A (H3N2),0.8226203378987185,0.9999988869236398,1.4710420163788207e-4,0.029606866690524838,0.05751101065994296,0.029602672298880254,0.9703931333094752,1.5
15,0.6799999999999999,0.10710962806440108,Influenza A (H3N2),0.8226203378987185,0.999998592719049,1.4752558922215275e-4,0.03246537504660787,0.06288903123459473,0.032460785241477684,0.9675346249533922,1.5
15,0.69,0.10284332087450637,Influenza A (H3N2),0.8226203378987185,0.9999982286641717,1.479986544244971e-4,0.035676752617578855,0.06889553202862014,0.03567172178916765,0.9643232473824211,1.5
15,0.7,0.09865525007644932,Influenza A (H3N2),0.8226203378987185,0.9999977806531407,1.4853058105945838e-4,0.03929236863377895,0.07561368970415691,0.03928684556330565,0.9607076313662211,1.5
15,0.71,0.09454289364513643,Influenza A (H3N2),0.8226203378987185,0.9999972324495313,1.491295581236285e-4,0.04337172495147159,0.08313761802166529,0.043365652245903996,0.9566282750485284,1.5
15,0.72,0.09050384492809577,Influenza A (H3N2),0.8226203378987185,0.9999965655563593,1.4980490007043823e-4,0.047983758097202144,0.09157346224288765,0.047977071632048306,0.9520162419027979,1.5
15,0.73,0.08653580585182973,Influenza A (H3N2),0.8226203378987185,0.9999957591289713,1.505671737016545e-4,0.05320832974460915,0.10104044345640929,0.053200958146042414,0.9467916702553909,1.5
15,0.74,0.08263658061504456,Influenza A (H3N2),0.8226203378987185,0.9999947899446063,1.5142832950187923e-4,0.059137922111468934,0.11167177319037969,0.05912978632209313,0.940862077888531,1.5
15,0.75,0.07880406982780357,Influenza A (H3N2),0.8226203378987185,0.9999936324425985,1.5240183439468868e-4,0.06587955106627001,0.1236153279653252,0.06587056405556745,0.93412044893373,1.5
15,0.76,0.07503626505959801,Influenza A (H3N2),0.8226203378987185,0.9999922588485392,1.535028018775364e-4,0.07355690295340189,0.13703393594907493,0.0735469696550355,0.9264430970465981,1.5
15,0.77,0.07133124376284046,Influenza A (H3N2),0.8226203378987185,0.9999906393942072,1.5474811440374658e-4,0.08231268990335756,0.15210508399736258,0.0823017074876752,0.9176873100966424,1.5
15,0.78,0.06768716454142513,Influenza A (H3N2),0.8226203378987185,0.9999887426427058,1.5615653170564237e-4,0.09231120079268476,0.16901980480231585,0.09229905941452918,0.9076887992073153,1.5
15,0.79,0.06410226273680944,Influenza A (H3N2),0.8226203378987185,0.9999865359251051,1.5774877762864126e-4,0.10374099847089235,0.18798045434481184,0.10372758267039671,0.8962590015291076,1.5
15,0.8,0.06057484630658951,Influenza A (H3N2),0.8226203378987185,0.9999839858913468,1.5954759697922594e-4,0.1168176748710218,0.20919704589325408,0.11680286584815845,0.8831823251289782,1.5
15,0.81,0.05710329197279877,Influenza A (H3N2),0.8226203378987185,0.9999810591745383,1.6157777309655508e-4,0.13178651943856992,0.23288177852664405,0.1317701984695889,0.8682134805614301,1.5
15,0.8200000000000001,0.05368604161919024,Influenza A (H3N2),0.8226203378987185,0.9999777231646563,1.6386609636553917e-4,0.1489248766057607,0.25924139968099075,0.14890692991856871,0.8510751233942393,1.5
15,0.8300000000000001,0.05032159891858897,Influenza A (H3N2),0.8226203378987185,0.9999739468858266,1.6644127396037156e-4,0.168543856332224,0.2884670901474345,0.1685241818031556,0.831456143667776,1.5
15,0.8400000000000001,0.04700852617304747,Influenza A (H3N2),0.8226203378987185,0.999969701971514,1.6933377177408282e-4,0.19098890676077168,0.3207216754186375,0.19096742282853685,0.8090110932392283,1.5
15,0.8500000000000001,0.04374544135101994,Influenza A (H3N2),0.8226203378987185,0.9999649637353019,1.725755809885987e-4,0.21663854487101378,0.356124165569396,0.216615202071128,0.7833614551289863,1.5
15,0.86,0.040531015307114594,Influenza A (H3N2),0.8226203378987185,0.9999597123427411,1.7619990405348673e-4,0.24590024995178167,0.3947319131340107,0.2458750454352468,0.7540997500482183,1.5
15,0.87,0.0373639691711951,Influenza A (H3N2),0.8226203378987185,0.9999539341039015,1.8024075807898665e-4,0.27920212984131065,0.43652104073043724,0.2791751251227179,0.7207978701586893,1.5
15,0.88,0.03424307189470122,Influenza A (H3N2),0.8226203378987185,0.9999476229296923,1.847324976715914e-4,0.31697843722801744,0.48136618207428694,0.31694977916335004,0.6830215627719826,1.5
15,0.89,0.031167137943053577,Influenza A (H3N2),0.8226203378987185,0.9999407820323567,1.8970926390626808e-4,0.3596462984642419,0.5290209153944312,0.35961624301895434,0.6403537015357581,1.5
15,0.9,0.02813502512391347,Influenza A (H3N2),0.8226203378987185,0.999933426010143,1.9520437118802914e-4,0.4075700624679347,0.5791004174965177,0.4075390001032659,0.5924299375320653,1.5
15,0.91,0.02514563254188755,Influenza A (H3N2),0.8226203378987185,0.9999255835529323,2.012496487444615e-4,0.46100840720886266,0.6310676642697015,0.4609768875500073,0.5389915927911373,1.5
15,0.9199999999999999,0.02219789867101719,Influenza A (H3N2),0.8226203378987185,0.9999173011678162,2.078747580697149e-4,0.5200376586115452,0.6842237643409769,0.5200064102708302,0.47996234138845484,1.5
15,0.9299999999999999,0.019290799537069667,Influenza A (H3N2),0.8226203378987185,0.9999086486064969,2.1510651125022928e-4,0.5844425556202439,0.7377015454898244,0.5844124943618667,0.41555744437975606,1.5
15,0.94,0.01642334700227208,Influenza A (H3N2),0.8226203378987185,0.999899727192443,2.2296821737655126e-4,0.6535627734823793,0.7904590985782355,0.6535349879606177,0.34643722651762066,1.5
15,0.95,0.013594587145690928,Influenza A (H3N2),0.8226203378987185,0.9998906832356252,2.3147908479259627e-4,0.7260796865252566,0.8412662541174776,0.7260553850966055,0.27392031347474344,1.5
15,0.96,0.010803598732981244,Influenza A (H3N2),0.8226203378987185,0.9998817307324037,2.406537055724689e-4,0.7997228444556753,0.888671070128849,0.7997032383655676,0.20027715554432468,1.5
15,0.97,0.008049491769699922,Influenza A (H3N2),0.8226203378987185,0.9998731919049869,2.505016453827613e-4,0.8708691104433113,0.930923170013708,0.8708551970855947,0.12913088955668872,1.5
15,0.98,0.005331406132809247,Influenza A (H3N2),0.8226203378987185,0.9998655743491685,2.610271569524203e-4,0.9339989283612286,0.9658105556398006,0.9339911220477914,0.06600107163877145,1.5
15,0.99,0.0026485102753974754,Influenza A (H3N2),0.8226203378987185,0.9998597299280624,2.722290290099183e-4,0.9809631945612939,0.9903213282290494,0.9809607296413925,0.019036805438706117,1.5
0,0.5,0.2010956579606304,Influenza A (H3N2) - HA only,0.9239820817696247,0.7363066768647498,0.7640055015023411,0.024701171064209743,0.04779881634717076,0.00805214934841552,0.9752988289357902,1.5
0,0.51,0.1947986185334857,Influenza A (H3N2) - HA only,0.9239820817696247,0.7290559682926577,0.7642198585954947,0.026126754848361317,0.05044571590592399,0.008601567810373448,0.9738732451516386,1.5
0,0.52,0.18865731155396073,Influenza A (H3N2) - HA only,0.9239820817696247,0.7215645562624948,0.7644469430198754,0.0276494220900259,0.05325806393835508,0.00919737476413118,0.9723505779099741,1.5
0,0.53,0.18266499994017857,Influenza A (H3N2) - HA only,0.9239820817696247,0.7138252573028944,0.7646877001720989,0.02927781511484783,0.05624857353805724,0.00984463843081389,0.9707221848851522,1.5
0,0.54,0.1768153582457923,Influenza A (H3N2) - HA only,0.9239820817696247,0.7058311763837779,0.764943153961442,0.031021502101015844,0.05943099335996704,0.010549090126689795,0.9689784978989842,1.5
0,0.55,0.17110244043428807,Influenza A (H3N2) - HA only,0.9239820817696247,0.6975758122475144,0.7652144133054954,0.03289109030452092,0.06282017420562895,0.011317222998689749,0.967108909695479,1.5
0,0.56,0.16552065071011157,Influenza A (H3N2) - HA only,0.9239820817696247,0.6890531765236622,0.7655026790235558,0.034898354333655575,0.06643213221906434,0.01215640681958758,0.9651016456663444,1.5
0,0.5700000000000001,0.16006471706779526,Influenza A (H3N2) - HA only,0.9239820817696247,0.6802579270022415,0.7658092511084614,0.03705638154320744,0.07028410556009212,0.013075021596222123,0.9629436184567925,1.5
0,0.58,0.15472966726304535,Influenza A (H3N2) - HA only,0.9239820817696247,0.671185515102078,0.7661355363426751,0.039379736892695985,0.07439460040216787,0.014082613222096228,0.960620263107304,1.5
0,0.59,0.14951080694649097,Influenza A (H3N2) - HA only,0.9239820817696247,0.6618323471350253,0.7664830562056405,0.04188464991567842,0.07878342083195407,0.015190074962509882,0.9581153500843216,1.5
0,0.6,0.14440369973244888,Influenza A (H3N2) - HA only,0.9239820817696247,0.6521959584255753,0.7668534549961641,0.04458922677840736,0.0834716756662538,0.016409859206616216,0.9554107732215926,1.5
0,0.61,0.13940414900236886,Influenza A (H3N2) - HA only,0.9239820817696247,0.6422751986947289,0.7672485080650866,0.047513690764186906,0.08848175330926566,0.017756224667240604,0.9524863092358131,1.5
0,0.62,0.13450818126629016,Influenza A (H3N2) - HA only,0.9239820817696247,0.6320704263592485,0.7676701300191444,0.0506806549004553,0.09383725351849505,0.01924552506642284,0.9493193450995447,1.5
0,0.63,0.1297120309261595,Influenza A (H3N2) - HA only,0.9239820817696247,0.6215837085431244,0.7681203827160035,0.05411543084134475,0.09956286231891329,0.02089654632157934,0.9458845691586553,1.5
0,0.64,0.12501212630272315,Influenza A (H3N2) - HA only,0.9239820817696247,0.6108190226686417,0.7686014828224744,0.057846378516749515,0.10568415332356876,0.022730900350292647,0.9421536214832504,1.5
0,0.65,0.12040507680327484,Influenza A (H3N2) - HA only,0.9239820817696247,0.5997824545237481,0.7691158086525012,0.06190530144052651,0.11222729546180747,0.02477348484245031,0.9380946985594735,1.5
0,0.66,0.1158876611211453,Influenza A (H3N2) - HA only,0.9239820817696247,0.5884823867390739,0.7696659059386717,0.06632789290668607,0.11921864374583835,0.027053019700114797,0.9336721070933139,1.5
0,0.67,0.11145681636974225,Influenza A (H3N2) - HA only,0.9239820817696247,0.5769296707153592,0.7702544921211072,0.07115423855172127,0.12668418650934055,0.029602672298880254,0.9288457614482787,1.5
0,0.6799999999999999,0.10710962806440108,Influenza A (H3N2) - HA only,0.9239820817696247,0.5651377742978649,0.7708844586617625,0.07642938086451836,0.13464881998769215,0.032460785241477684,0.9235706191354817,1.5
0,0.69,0.10284332087450637,Influenza A (H3N2) - HA only,0.9239820817696247,0.5531228969880069,0.7715588708122854,0.08220395109969487,0.14313541986453898,0.03567172178916765,0.9177960489003051,1.5
0,0.7,0.09865525007644932,Influenza A (H3N2) - HA only,0.9239820817696247,0.5409040443095228,0.7722809641826736,0.08853487358111836,0.1521636804503387,0.03928684556330565,0.9114651264188817,1.5
0,0.71,0.09454289364513643,Influenza A (H3N2) - HA only,0.9239820817696247,0.528503053201851,0.7730541373803371,0.09548614641237518,0.16174869676788786,0.043365652245903996,0.9045138535876248,1.5
0,0.72,0.09050384492809577,Influenza A (H3N2) - HA only,0.9239820817696247,0.5159445610806989,0.7738819399207086,0.10312970092599406,0.17189927459161758,0.047977071632048306,0.896870299074006,1.5
0,0.73,0.08653580585182973,Influenza A (H3N2) - HA only,0.9239820817696247,0.5032559125463839,0.774768054558861,0.11154633951382735,0.18261597024124818,0.053200958146042414,0.8884536604861727,1.5
0,0.74,0.08263658061504456,Influenza A (H3N2) - HA only,0.9239820817696247,0.49046699966115465,0.7757162731660885,0.12082674739808781,0.19388888749556643,0.05912978632209313,0.8791732526019121,1.5
0,0.75,0.07880406982780357,Influenza A (H3N2) - HA only,0.9239820817696247,0.4776100342385174,0.7767304652872342,0.13107256790589017,0.20569529480460036,0.06587056405556745,0.8689274320941098,1.5
0,0.76,0.07503626505959801,Influenza A (H3N2) - HA only,0.9239820817696247,0.4647192536190518,0.7778145385762033,0.1423975222071188,0.2179971724459209,0.0735469696550355,0.8576024777928812,1.5
0,0.77,0.07133124376284046,Influenza A (H3N2) - HA only,0.9239820817696247,0.4518305648213372,0.7789723904318357,0.1549285423477172,0.23073885490576354,0.0823017074876752,0.8450714576522829,1.5
0,0.78,0.06768716454142513,Influenza A (H3N2) - HA only,0.9239820817696247,0.4389811355772246,0.7802078503570569,0.16880686954491056,0.24384499418072667,0.09229905941452918,0.8311931304550895,1.5
0,0.79,0.06410226273680944,Influenza A (H3N2) - HA only,0.9239820817696247,0.4262089443759583,0.7815246128520857,0.1841890465101864,0.25721912670372377,0.10372758267039671,0.8158109534898136,1.5
0,0.8,0.06057484630658951,Influenza A (H3N2) - HA only,0.9239820817696247,0.4135523050276692,0.7829261610348506,0.20124770093367944,0.2707431678452991,0.11680286584815845,0.7987522990663205,1.5
0,0.81,0.05710329197279877,Influenza A (H3N2) - HA only,0.9239820817696247,0.40104938420850145,0.7844156816599609,0.22017197445663678,0.2842781676584337,0.1317701984695889,0.7798280255433632,1.5
0,0.8200000000000001,0.05368604161919024,Influenza A (H3N2) - HA only,0.9239820817696247,0.38873773281849433,0.7859959727744366,0.24116739389640462,0.297666622978497,0.14890692991856871,0.7588326061035954,1.5
0,0.8300000000000001,0.05032159891858897,Influenza A (H3N2) - HA only,0.9239820817696247,0.37665385371821053,0.7876693458858489,0.2644549045106847,0.31073654084465874,0.1685241818031556,0.7355450954893152,1.5
0,0.8400000000000001,0.04700852617304747,Influenza A (H3N2) - HA only,0.9239820817696247,0.3648328296017641,0.7894375251958408,0.2902686826434354,0.32330728247179996,0.19096742282853685,0.7097313173565646,1.5
0,0.8500000000000001,0.04374544135101994,Influenza A (H3N2) - HA only,0.9239820817696247,0.35330803569419755,0.7913015471251279,0.3188522093457122,0.33519699682327925,0.216615202071128,0.6811477906542878,1.5
0,0.86,0.040531015307114594,Influenza A (H3N2) - HA only,0.9239820817696247,0.34211096316527956,0.7932616639685065,0.3504519073811776,0.3462312078113103,0.2458750454352468,0.6495480926188224,1.5
0,0.87,0.0373639691711951,Influenza A (H3N2) - HA only,0.9239820817696247,0.3312711815131514,0.7953172560043305,0.38530740834618843,0.35625189536758933,0.2791751251227179,0.6146925916538115,1.5
0,0.88,0.03424307189470122,Influenza A (H3N2) - HA only,0.9239820817696247,0.32081647308796435,0.7974667566726539,0.4236372076515354,0.3651262619659392,0.31694977916335004,0.5763627923484647,1.5
0,0.89,0.031167137943053577,Influenza A (H3N2) - HA only,0.9239820817696247,0.31077318262628917,0.7997075954639045,0.46561806124753374,0.3727543501397216,0.35961624301895434,0.5343819387524662,1.5
0,0.9,0.02813502512391347,Influenza A (H3N2) - HA only,0.9239820817696247,0.30116684282936296,0.8020361628728158,0.5113559515754522,0.3790747990295911,0.4075390001032659,0.4886440484245478,1.5
0,0.91,0.02514563254188755,Influenza A (H3N2) - HA only,0.9239820817696247,0.29202317000854744,0.8044478011405234,0.5608457659369092,0.3840682936193662,0.4609768875500073,0.43915423406309084,1.5
0,0.9199999999999999,0.02219789867101719,Influenza A (H3N2) - HA only,0.9239820817696247,0.2833695832422161,0.806936823532866,0.6139159431617213,0.38775863388032383,0.5200064102708302,0.38608405683827873,1.5
0,0.9299999999999999,0.019290799537069667,Influenza A (H3N2) - HA only,0.9239820817696247,0.2752375085943919,0.8094965636237283,0.6701531966417992,0.39021178270242063,0.5844124943618667,0.3298468033582008,1.5
0,0.94,0.01642334700227208,Influenza A (H3N2) - HA only,0.9239820817696247,0.26766593167681146,0.8121194545455858,0.728800940404015,0.3915337041016128,0.6535349879606177,0.271199059595985,1.5
0,0.95,0.013594587145690928,Influenza A (H3N2) - HA only,0.9239820817696247,0.26070705301012603,0.814797136545556,0.7886231371831608,0.3918682907479308,0.7260553850966055,0.2113768628168392,1.5
0,0.96,0.010803598732981244,Influenza A (H3N2) - HA only,0.9239820817696247,0.2544356983247903,0.8175205895776241,0.8477228359660528,0.3913973263268797,0.7997032383655676,0.1522771640339472,1.5
0,0.97,0.008049491769699922,Influenza A (H3N2) - HA only,0.9239820817696247,0.24896586778980517,0.8202802862116875,0.9033015227041293,0.3903455904961146,0.8708551970855947,0.09669847729587067,1.5
0,0.98,0.005331406132809247,Influenza A (H3N2) - HA only,0.9239820817696247,0.24448186965877577,0.8230663589795325,0.9513413844158161,0.38899681797162783,0.9339911220477914,0.04865861558418394,1.5
0,0.99,0.0026485102753974754,Influenza A (H3N2) - HA only,0.9239820817696247,0.24130196884061922,0.8258687755119469,0.9861874476159085,0.3877328302228202,0.9809607296413925,0.013812552384091514,1.5
1,0.5,0.2010956579606304,Influenza A (H3N2) - HA only,0.9239820817696247,0.9449339956828067,0.45821202423655105,0.01396013334244982,0.027513787352010023,0.00805214934841552,0.9860398666575502,1.5
1,0.51,0.1947986185334857,Influenza A (H3N2) - HA only,0.9239820817696247,0.9418606932399562,0.45840877726793694,0.01486416650655854,0.02926645843405944,0.008601567810373448,0.9851358334934415,1.5
1,0.52,0.18865731155396073,Influenza A (H3N2) - HA only,0.9239820817696247,0.9386022457753913,0.4586192270246431,0.01583878061238569,0.031151877679426034,0.00919737476413118,0.9841612193876144,1.5
1,0.53,0.18266499994017857,Influenza A (H3N2) - HA only,0.9239820817696247,0.9351475602205885,0.45884454206655423,0.01689103207649451,0.033182704070493244,0.00984463843081389,0.9831089679235054,1.5
1,0.54,0.1768153582457923,Influenza A (H3N2) - HA only,0.9239820817696247,0.9314851253670238,0.45908600230160024,0.018028815661561507,0.0353729900975156,0.010549090126689795,0.9819711843384384,1.5
1,0.55,0.17110244043428807,Influenza A (H3N2) - HA only,0.9239820817696247,0.927603055687976,0.4593450098212202,0.019260977122414983,0.037738345982492504,0.011317222998689749,0.980739022877585,1.5
1,0.56,0.16552065071011157,Influenza A (H3N2) - HA only,0.9239820817696247,0.9234891495661689,0.4596231006460888,0.02059744225294953,0.040296122398609475,0.01215640681958758,0.9794025577470504,1.5
1,0.5700000000000001,0.16006471706779526,Influenza A (H3N2) - HA only,0.9239820817696247,0.9191309638781471,0.4599219574068535,0.022049364818033768,0.04306561308219259,0.013075021596222123,0.9779506351819662,1.5
1,0.58,0.15472966726304535,Influenza A (H3N2) - HA only,0.9239820817696247,0.9145159068803128,0.460243422968575,0.02362929622523533,0.04606827854543415,0.014082613222096228,0.9763707037747646,1.5
1,0.59,0.14951080694649097,Influenza A (H3N2) - HA only,0.9239820817696247,0.9096313512531164,0.4605895149857955,0.025351380210633188,0.04932799176093416,0.015190074962509882,0.9746486197893668,1.5
1,0.6,0.14440369973244888,Influenza A (H3N2) - HA only,0.9239820817696247,0.904464768966466,0.4609624413464425,0.02723157628453753,0.052871306146749966,0.016409859206616216,0.9727684237154625,1.5
1,0.61,0.13940414900236886,Influenza A (H3N2) - HA only,0.9239820817696247,0.8990038893080642,0.46136461642574844,0.02928791620882298,0.05672774535976785,0.017756224667240604,0.970712083791177,1.5
1,0.62,0.13450818126629016,Influenza A (H3N2) - HA only,0.9239820817696247,0.893236880944359,0.46179867802454866,0.03154079835805795,0.06093011321185554,0.01924552506642284,0.968459201641942,1.5
1,0.63,0.1297120309261595,Influenza A (H3N2) - HA only,0.9239820817696247,0.8871525582414648,0.4622675048081464,0.0340133254488956,0.06551482033920016,0.02089654632157934,0.9659866745511044,1.5
1,0.64,0.12501212630272315,Influenza A (H3N2) - HA only,0.9239820817696247,0.8807406112469054,0.4627742339908876,0.03673169179883102,0.07052222193441551,0.022730900350292647,0.9632683082011689,1.5
1,0.65,0.12040507680327484,Influenza A (H3N2) - HA only,0.9239820817696247,0.8739918577176096,0.46332227892623146,0.039725626982186554,0.07599695771733057,0.02477348484245031,0.9602743730178135,1.5
1,0.66,0.1158876611211453,Influenza A (H3N2) - HA only,0.9239820817696247,0.8668985143838883,0.4639153461613421,0.04302890346400813,0.08198828116805192,0.027053019700114797,0.9569710965359919,1.5
1,0.67,0.11145681636974225,Influenza A (H3N2) - HA only,0.9239820817696247,0.8594544832889999,0.46455745139841886,0.04667991647349703,0.08855035964470295,0.029602672298880254,0.953320083526503,1.5
1,0.6799999999999999,0.10710962806440108,Influenza A (H3N2) - HA only,0.9239820817696247,0.8516556475860438,0.4652529336723512,0.05072234497035758,0.09574252011717271,0.032460785241477684,0.9492776550296425,1.5
1,0.69,0.10284332087450637,Influenza A (H3N2) - HA only,0.9239820817696247,0.8435001696788667,0.466006466907138,0.05520590297575364,0.1036294066418732,0.03567172178916765,0.9447940970242463,1.5
1,0.7,0.09865525007644932,Influenza A (H3N2) - HA only,0.9239820817696247,0.8349887831561171,0.46682306785478156,0.06018719066342061,0.11228100521778754,0.03928684556330565,0.9398128093365794,1.5
1,0.71,0.09454289364513643,Influenza A (H3N2) - HA only,0.9239820817696247,0.8261250687051294,0.4677080992550129,0.06573065426452722,0.12177247927389967,0.043365652245903996,0.9342693457354728,1.5
1,0.72,0.09050384492809577,Influenza A (H3N2) - HA only,0.9239820817696247,0.8169157032397998,0.4686672668897389,0.07190966279283229,0.13218374496298238,0.047977071632048306,0.9280903372071677,1.5
1,0.73,0.08653580585182973,Influenza A (H3N2) - HA only,0.9239820817696247,0.8073706709777482,0.4697066090530805,0.07880770751366331,0.1435987003019418,0.053200958146042414,0.9211922924863367,1.5
1,0.74,0.08263658061504456,Influenza A (H3N2) - HA only,0.9239820817696247,0.7975034252964688,0.4708324768302393,0.08651972650768817,0.15610400724183965,0.05912978632209313,0.9134802734923119,1.5
1,0.75,0.07880406982780357,Influenza A (H3N2) - HA only,0.9239820817696247,0.7873309910063999,0.47205150349381,0.09515355100119535,0.1697873130720614,0.06587056405556745,0.9048464489988046,1.5
1,0.76,0.07503626505959801,Influenza A (H3N2) - HA only,0.9239820817696247,0.7768739982858449,0.4733705613055469,0.10483146151405615,0.18473479039373555,0.0735469696550355,0.8951685384859438,1.5
1,0.77,0.07133124376284046,Influenza A (H3N2) - HA only,0.9239820817696247,0.766156641962265,0.4747967040790063,0.11569182919248883,0.20102787781787568,0.0823017074876752,0.8843081708075111,1.5
1,0.78,0.06768716454142513,Influenza A (H3N2) - HA only,0.9239820817696247,0.7552065630688434,0.47633709403943547,0.12789079944451484,0.21873912253963462,0.09229905941452918,0.8721092005554851,1.5
1,0.79,0.06410226273680944,Influenza A (H3N2) - HA only,0.9239820817696247,0.7440546535609792,0.47799891183701826,0.14160394918116875,0.23792706811551406,0.10372758267039671,0.8583960508188313,1.5
1,0.8,0.06057484630658951,Influenza A (H3N2) - HA only,0.9239820817696247,0.7327347895928932,0.47978924905006315,0.1570278129320338,0.25863020347781485,0.11680286584815845,0.8429721870679662,1.5
1,0.81,0.05710329197279877,Influenza A (H3N2) - HA only,0.9239820817696247,0.7212835036393249,0.4817149831709583,0.1743811233414982,0.2808600983524385,0.1317701984695889,0.8256188766585018,1.5
1,0.8200000000000001,0.05368604161919024,Influenza A (H3N2) - HA only,0.9239820817696247,0.7097396108061249,0.4837826359034002,0.19390554344118205,0.30459399751825716,0.14890692991856871,0.806094456558818,1.5
1,0.8300000000000001,0.05032159891858897,Influenza A (H3N2) - HA only,0.9239820817696247,0.6981438097543857,0.4859982166022718,0.21586557556726627,0.3297673256786512,0.1685241818031556,0.7841344244327337,1.5
1,0.8400000000000001,0.04700852617304747,Influenza A (H3N2) - HA only,0.9239820817696247,0.6865382837208067,0.48836705382502354,0.2405472069072661,0.356266748327746,0.19096742282853685,0.759452793092734,1.5
1,0.8500000000000001,0.04374544135101994,Influenza A (H3N2) - HA only,0.9239820817696247,0.6749663322973335,0.49089361917963126,0.2682546840541366,0.38392460956389796,0.216615202071128,0.7317453159458633,1.5
1,0.86,0.040531015307114594,Influenza A (H3N2) - HA only,0.9239820817696247,0.6634720703817607,0.4935813488689771,0.2993045851254298,0.41251567875482154,0.2458750454352468,0.7006954148745702,1.5
1,0.87,0.0373639691711951,Influenza A (H3N2) - HA only,0.9239820817696247,0.652100237938007,0.4964324694427915,0.3340160604586756,0.4417571291628716,0.2791751251227179,0.6659839395413244,1.5
1,0.88,0.03424307189470122,Influenza A (H3N2) - HA only,0.9239820817696247,0.6408961745483279,0.49944783515838176,0.37269571894472076,0.471312491892672,0.31694977916335004,0.6273042810552792,1.5
1,0.89,0.031167137943053577,Influenza A (H3N2) - HA only,0.9239820817696247,0.6299060290333671,0.5026267848974838,0.4156151174181754,0.5007999486335655,0.35961624301895434,0.5843848825818245,1.5
1,0.9,0.02813502512391347,Influenza A (H3N2) - HA only,0.9239820817696247,0.6191773015665596,0.5059670266751708,0.4629781274453343,0.5298047580793315,0.4075390001032659,0.5370218725546657,1.5
1,0.91,0.02514563254188755,Influenza A (H3N2) - HA only,0.9239820817696247,0.6087598624220838,0.5094645573200972,0.5148745588116285,0.5578949161109841,0.4609768875500073,0.48512544118837153,1.5
1,0.9199999999999999,0.02219789867101719,Influenza A (H3N2) - HA only,0.9239820817696247,0.5987076737928071,0.5131136238583403,0.5712152497706297,0.5846384347842163,0.5200064102708302,0.42878475022937035,1.5
1,0.9299999999999999,0.019290799537069667,Influenza A (H3N2) - HA only,0.9239820817696247,0.5890815898063453,0.5169067315067596,0.6316423110102055,0.6096200074561545,0.5844124943618667,0.3683576889897945,1.5
1,0.94,0.01642334700227208,Influenza A (H3N2) - HA only,0.9239820817696247,0.5799538871494415,0.520834701051243,0.6954062315724753,0.6324543808890094,0.6535349879606177,0.3045937684275247,1.5
1,0.95,0.013594587145690928,Influenza A (H3N2) - HA only,0.9239820817696247,0.5714157170739003,0.5248867758885718,0.7611989909587255,0.6527934362915052,0.7260553850966055,0.23880100904127455,1.5
1,0.96,0.010803598732981244,Influenza A (H3N2) - HA only,0.9239820817696247,0.5635897689405401,0.5290507763387072,0.8269290074284089,0.6703235312561499,0.7997032383655676,0.1730709925715911,1.5
1,0.97,0.008049491769699922,Influenza A (H3N2) - HA only,0.9239820817696247,0.5566528246759241,0.5333132962106104,0.8894194787177871,0.6847484236965538,0.8708551970855947,0.11058052128221285,1.5
1,0.98,0.005331406132809247,Influenza A (H3N2) - HA only,0.9239820817696247,0.5508784897495314,0.5376599342591881,0.9440061728619986,0.6957495890177472,0.9339911220477914,0.055993827138001384,1.5
1,0.99,0.0026485102753974754,Influenza A (H3N2) - HA only,0.9239820817696247,0.54672486281761,0.5420755513110056,0.9840036682125879,0.7029061778230342,0.9809607296413925,0.01599633178741211,1.5
2,0.5,0.2010956579606304,Influenza A (H3N2) - HA only,0.9239820817696247,0.9897491787088142,0.22582078175652887,0.0102712384751855,0.02033148457861281,0.00805214934841552,0.9897287615248145,1.5
2,0.51,0.1947986185334857,Influenza A (H3N2) - HA only,0.9239820817696247,0.9888928003958745,0.22593281735834814,0.010962577425585046,0.02168476387767991,0.008601567810373448,0.989037422574415,1.5
2,0.52,0.18865731155396073,Influenza A (H3N2) - HA only,0.9239820817696247,0.9879620403300686,0.2260533600827218,0.01171089218051218,0.0231474046290071,0.00919737476413118,0.9882891078194879,1.5
2,0.53,0.18266499994017857,Influenza A (H3N2) - HA only,0.9239820817696247,0.9869504640667486,0.22618320414076587,0.01252220954669021,0.024730642166665023,0.00984463843081389,0.9874777904533097,1.5
2,0.54,0.1768153582457923,Influenza A (H3N2) - HA only,0.9239820817696247,0.9858511642059771,0.22632322701539964,0.013403314174695872,0.02644706262363842,0.010549090126689795,0.9865966858253041,1.5
2,0.55,0.17110244043428807,Influenza A (H3N2) - HA only,0.9239820817696247,0.9846567492281345,0.2264743985208746,0.014361856291458482,0.02831078150236071,0.011317222998689749,0.9856381437085415,1.5
2,0.56,0.16552065071011157,Influenza A (H3N2) - HA only,0.9239820817696247,0.9833593380251039,0.22663779076838875,0.01540647604240016,0.03033764646119593,0.01215640681958758,0.9845935239575998,1.5
2,0.5700000000000001,0.16006471706779526,Influenza A (H3N2) - HA only,0.9239820817696247,0.9819505616300143,0.22681458909408603,0.016546947117615198,0.03254546731074748,0.013075021596222123,0.9834530528823848,1.5
2,0.58,0.15472966726304535,Influenza A (H3N2) - HA only,0.9239820817696247,0.9804215738230928,0.22700610399814403,0.017794342765805844,0.034954276423912814,0.014082613222096228,0.9822056572341942,1.5
2,0.59,0.14951080694649097,Influenza A (H3N2) - HA only,0.9239820817696247,0.9787630724468472,0.2272137841318017,0.019161227792187256,0.03758662291567179,0.015190074962509882,0.9808387722078128,1.5
2,0.6,0.14440369973244888,Influenza A (H3N2) - HA only,0.9239820817696247,0.9769653333852595,0.22743923035194735,0.020661880698677942,0.04046790400297154,0.016409859206616216,0.9793381193013221,1.5
2,0.61,0.13940414900236886,Influenza A (H3N2) - HA only,0.9239820817696247,0.9750182592309384,0.22768421083899626,0.022312550762218258,0.043626736856408305,0.017756224667240604,0.9776874492377817,1.5
2,0.62,0.13450818126629016,Influenza A (H3N2) - HA only,0.9239820817696247,0.9729114446598467,0.22795067724178253,0.02413175556441509,0.0470953739277747,0.01924552506642284,0.975868244435585,1.5
2,0.63,0.1297120309261595,Influenza A (H3N2) - HA only,0.9239820817696247,0.9706342604318827,0.22824078177143758,0.026140625284836013,0.05091016407848127,0.02089654632157934,0.973859374715164,1.5
2,0.64,0.12501212630272315,Influenza A (H3N2) - HA only,0.9239820817696247,0.9681759577128578,0.22855689511304433,0.028363300949016918,0.05511206070714341,0.022730900350292647,0.971636699050983,1.5
2,0.65,0.12040507680327484,Influenza A (H3N2) - HA only,0.9239820817696247,0.9655257940456307,0.22890162495745958,0.030827394772145997,0.05974717630211358,0.02477348484245031,0.969172605227854,1.5
2,0.66,0.1158876611211453,Influenza A (H3N2) - HA only,0.9239820817696247,0.9626731817654833,0.22927783487444686,0.03356452174250163,0.06486738019754501,0.027053019700114797,0.9664354782574984,1.5
2,0.67,0.11145681636974225,Influenza A (H3N2) - HA only,0.9239820817696247,0.9596078589440916,0.22968866315072023,0.03661091261325555,0.07053093250165288,0.029602672298880254,0.9633890873867444,1.5
2,0.6799999999999999,0.10710962806440108,Influenza A (H3N2) - HA only,0.9239820817696247,0.9563200820552136,0.230137541101765,0.040008119465584954,0.07680314183981132,0.032460785241477684,0.9599918805344151,1.5
2,0.69,0.10284332087450637,Influenza A (H3N2) - HA only,0.9239820817696247,0.9528008384958808,0.23062821023418023,0.04380382589038705,0.08375702729304511,0.03567172178916765,0.956196174109613,1.5
2,0.7,0.09865525007644932,Influenza A (H3N2) - HA only,0.9239820817696247,0.9490420759003186,0.23116473748682598,0.04805277449133449,0.09147395523728348,0.03928684556330565,0.9519472255086655,1.5
2,0.71,0.09454289364513643,Influenza A (H3N2) - HA only,0.9239820817696247,0.9450369439024734,0.2317515276168205,0.05281782466522408,0.10004420919257985,0.043365652245903996,0.9471821753347759,1.5
2,0.72,0.09050384492809577,Influenza A (H3N2) - HA only,0.9239820817696247,0.9407800427120306,0.23239333162516906,0.058171153218747766,0.1095674347909461,0.047977071632048306,0.9418288467812522,1.5
2,0.73,0.08653580585182973,Influenza A (H3N2) - HA only,0.9239820817696247,0.9362676716651386,0.23309524994384068,0.06419560898453239,0.12015288220481991,0.053200958146042414,0.9358043910154676,1.5
2,0.74,0.08263658061504456,Influenza A (H3N2) - HA only,0.9239820817696247,0.9314980699091413,0.23386272894194504,0.07098622971648917,0.13191934476326445,0.05912978632209313,0.9290137702835108,1.5
2,0.75,0.07880406982780357,Influenza A (H3N2) - HA only,0.9239820817696247,0.9264716407051904,0.23470154916737052,0.07865192450276444,0.144994665454134,0.06587056405556745,0.9213480754972355,1.5
2,0.76,0.07503626505959801,Influenza A (H3N2) - HA only,0.9239820817696247,0.9211911506083281,0.23561780363953533,0.08731731681288918,0.1595146538503025,0.0735469696550355,0.9126826831871109,1.5
2,0.77,0.07133124376284046,Influenza A (H3N2) - HA only,0.9239820817696247,0.9156618951233009,0.2366178644701865,0.09712473084145429,0.17562122726672227,0.0823017074876752,0.9028752691585458,1.5
2,0.78,0.06768716454142513,Influenza A (H3N2) - HA only,0.9239820817696247,0.9098918234225486,0.23770833613657105,0.10823628533035796,0.19345956598792607,0.09229905941452918,0.891763714669642,1.5
2,0.79,0.06410226273680944,Influenza A (H3N2) - HA only,0.9239820817696247,0.9038916164002841,0.23889599389058436,0.12083603226835206,0.21317405979694942,0.10372758267039671,0.879163967731648,1.5
2,0.8,0.06057484630658951,Influenza A (H3N2) - HA only,0.9239820817696247,0.897674714730568,0.24018770608370132,0.13513203973338098,0.2349028309397192,0.11680286584815845,0.864867960266619,1.5
2,0.81,0.05710329197279877,Influenza A (H3N2) - HA only,0.9239820817696247,0.8912572966635061,0.24159033964202548,0.1513582646010896,0.2587706586163487,0.1317701984695889,0.8486417353989104,1.5
2,0.8200000000000001,0.05368604161919024,Influenza A (H3N2) - HA only,0.9239820817696247,0.8846582089687538,0.24311064855252662,0.16977598650624662,0.2848802149874518,0.14890692991856871,0.8302240134937534,1.5
2,0.8300000000000001,0.05032159891858897,Influenza A (H3N2) - HA only,0.9239820817696247,0.8778988586519382,0.24475514602246384,0.19067447219409603,0.31330166434291534,0.1685241818031556,0.8093255278059039,1.5
2,0.8400000000000001,0.04700852617304747,Influenza A (H3N2) - HA only,0.9239820817696247,0.8710030777972262,0.24652996193462562,0.21437039985908807,0.3440608821012894,0.19096742282853685,0.785629600140912,1.5
2,0.8500000000000001,0.04374544135101994,Influenza A (H3N2) - HA only,0.9239820817696247,0.8639969791973382,0.24844068830660215,0.24120538392918833,0.3771268141182841,0.216615202071128,0.7587946160708117,1.5
2,0.86,0.040531015307114594,Influenza A (H3N2) - HA only,0.9239820817696247,0.8569088265797213,0.2504922166151655,0.271540685904336,0.412398796672305,0.2458750454352468,0.728459314095664,1.5
2,0.87,0.0373639691711951,Influenza A (H3N2) - HA only,0.9239820817696247,0.8497689508109817,0.25268857198661165,0.30574785527593473,0.4496949465761314,0.2791751251227179,0.6942521447240653,1.5
2,0.88,0.03424307189470122,Influenza A (H3N2) - HA only,0.9239820817696247,0.8426097535966254,0.2550327502807068,0.34419358888797275,0.4887429361553161,0.31694977916335004,0.6558064111120272,1.5
2,0.89,0.031167137943053577,Influenza A (H3N2) - HA only,0.9239820817696247,0.8354658549582509,0.25752656489765013,0.38721649185702184,0.5291744961655814,0.35961624301895434,0.6127835081429782,1.5
2,0.9,0.02813502512391347,Influenza A (H3N2) - HA only,0.9239820817696247,0.8283744638729222,0.2601705106011709,0.4350926224139828,0.5705247437611581,0.4075390001032659,0.5649073775860172,1.5
2,0.91,0.02514563254188755,Influenza A (H3N2) - HA only,0.9239820817696247,0.8213760896137687,0.26296365167666813,0.4879856474684361,0.6122368350223185,0.4609768875500073,0.5120143525315639,1.5
2,0.9199999999999999,0.02219789867101719,Influenza A (H3N2) - HA only,0.9239820817696247,0.8145157770297458,0.26590354126022464,0.5458760489687535,0.6536714580174231,0.5200064102708302,0.4541239510312465,1.5
2,0.9299999999999999,0.019290799537069667,Influenza A (H3N2) - HA only,0.9239820817696247,0.8078451663840915,0.2689861776547354,0.6084620051441092,0.6941193261821361,0.5844124943618667,0.3915379948558908,1.5
2,0.94,0.01642334700227208,Influenza A (H3N2) - HA only,0.9239820817696247,0.8014258962439318,0.272206001919747,0.6750221997442396,0.7328131248020677,0.6535349879606177,0.3249778002557604,1.5
2,0.95,0.013594587145690928,Influenza A (H3N2) - HA only,0.9239820817696247,0.7953352902848063,0.27555593906636955,0.7442277256691636,0.7689332207896873,0.7260553850966055,0.2557722743308364,1.5
2,0.96,0.010803598732981244,Influenza A (H3N2) - HA only,0.9239820817696247,0.7896761311828066,0.2790274829462741,0.8138862417717824,0.8015984279315042,0.7997032383655676,0.18611375822821763,1.5
2,0.97,0.008049491769699922,Influenza A (H3N2) - HA only,0.9239820817696247,0.7845941990300535,0.28261082257376247,0.880596351955817,0.8298279005036509,0.8708551970855947,0.11940364804418302,1.5
2,0.98,0.005331406132809247,Influenza A (H3N2) - HA only,0.9239820817696247,0.7803116503691612,0.2862950053624256,0.9392834721778229,0.8524493082464268,0.9339911220477914,0.06071652782217707,1.5
2,0.99,0.0026485102753974754,Influenza A (H3N2) - HA only,0.9239820817696247,0.777195673515685,0.29006813078949456,0.9825798129307147,0.8679025084452016,0.9809607296413925,0.017420187069285276,1.5
3,0.5,0.2010956579606304,Influenza A (H3N2) - HA only,0.9239820817696247,0.9982328790835234,0.09476162555514378,0.00887200216908929,0.01758769008739185,0.00805214934841552,0.9911279978309107,1.5
3,0.51,0.1947986185334857,Influenza A (H3N2) - HA only,0.9239820817696247,0.9980374550992328,0.094811466207955,0.009475505874735644,0.018772780371692572,0.008601567810373448,0.9905244941252643,1.5
3,0.52,0.18865731155396073,Influenza A (H3N2) - HA only,0.9239820817696247,0.9978199949404879,0.09486528113438886,0.010129640509650773,0.02005568033679535,0.00919737476413118,0.9898703594903492,1.5
3,0.53,0.18266499994017857,Influenza A (H3N2) - HA only,0.9239820817696247,0.9975780375588877,0.09492346374990368,0.010839883060342014,0.02144672174025546,0.00984463843081389,0.989160116939658,1.5
3,0.54,0.1768153582457923,Influenza A (H3N2) - HA only,0.9239820817696247,0.9973088717538832,0.09498645159953845,0.01161241726543462,0.02295752282635036,0.010549090126689795,0.9883875827345654,1.5
3,0.55,0.17110244043428807,Influenza A (H3N2) - HA only,0.9239820817696247,0.9970095184401471,0.0950547315627005,0.012454236991463212,0.02460116623026083,0.011317222998689749,0.9875457630085368,1.5
3,0.56,0.16552065071011157,Influenza A (H3N2) - HA only,0.9239820817696247,0.9966767136748722,0.09512884564257384,0.013373266052073108,0.026392402608598115,0.01215640681958758,0.9866267339479269,1.5
3,0.5700000000000001,0.16006471706779526,Influenza A (H3N2) - HA only,0.9239820817696247,0.9963068930700933,0.09520939738937495,0.014378497212441018,0.028347883569860424,0.013075021596222123,0.985621502787559,1.5
3,0.58,0.15472966726304535,Influenza A (H3N2) - HA only,0.9239820817696247,0.9958961783469871,0.0952970590053146,0.015480153579780042,0.030486427858079795,0.014082613222096228,0.98451984642022,1.5
3,0.59,0.14951080694649097,Influenza A (H3N2) - HA only,0.9239820817696247,0.9954403669290343,0.0953925791756064,0.016689876111652322,0.032829325108735936,0.015190074962509882,0.9833101238883477,1.5
3,0.6,0.14440369973244888,Influenza A (H3N2) - HA only,0.9239820817696247,0.994934925613412,0.09549679166353875,0.01802094158499382,0.035400681818327666,0.016409859206616216,0.9819790584150062,1.5
3,0.61,0.13940414900236886,Influenza A (H3N2) - HA only,0.9239820817696247,0.9943749894978859,0.09561062469768755,0.01948851606857956,0.03822781440425909,0.017756224667240604,0.9805114839314204,1.5
3,0.62,0.13450818126629016,Influenza A (H3N2) - HA only,0.9239820817696247,0.9937553674637131,0.09573511116486366,0.02110994973750649,0.04134169431740842,0.01924552506642284,0.9788900502624935,1.5
3,0.63,0.1297120309261595,Influenza A (H3N2) - HA only,0.9239820817696247,0.9930705556112936,0.0958713996022631,0.022905119765586346,0.04477745001821267,0.02089654632157934,0.9770948802344137,1.5
3,0.64,0.12501212630272315,Influenza A (H3N2) - HA only,0.9239820817696247,0.9923147600997322,0.09602076595536035,0.024896829032217207,0.04857493011740343,0.022730900350292647,0.9751031709677828,1.5
3,0.65,0.12040507680327484,Influenza A (H3N2) - HA only,0.9239820817696247,0.9914819308372084,0.09618462603302569,0.02711126948050217,0.052779330950946654,0.02477348484245031,0.9728887305194979,1.5
3,0.66,0.1158876611211453,Influenza A (H3N2) - HA only,0.9239820817696247,0.9905658073884229,0.09636454854686649,0.029578560150300578,0.0574418900873015,0.027053019700114797,0.9704214398496994,1.5
3,0.67,0.11145681636974225,Influenza A (H3N2) - HA only,0.9239820817696247,0.9895599782908622,0.09656226856657513,0.03233337115729381,0.06262064446893692,0.029602672298880254,0.9676666288427062,1.5
3,0.6799999999999999,0.10710962806440108,Influenza A (H3N2) - HA only,0.9239820817696247,0.9884579546880738,0.09677970115605461,0.03541564615114864,0.06838124770445766,0.032460785241477684,0.9645843538488513,1.5
3,0.69,0.10284332087450637,Influenza A (H3N2) - HA only,0.9239820817696247,0.9872532587851193,0.09701895487546908,0.03887143698825414,0.07479783499682949,0.03567172178916765,0.9611285630117459,1.5
3,0.7,0.09865525007644932,Influenza A (H3N2) - HA only,0.9239820817696247,0.985939527105954,0.0972823447419906,0.04275386538311192,0.0819539157645071,0.03928684556330565,0.9572461346168881,1.5
3,0.71,0.09454289364513643,Influenza A (H3N2) - HA only,0.9239820817696247,0.9845106278920848,0.09757240413749546,0.04712422698693059,0.08994326254180905,0.043365652245903996,0.9528757730130694,1.5
3,0.72,0.09050384492809577,Influenza A (H3N2) - HA only,0.9239820817696247,0.9829607912467521,0.09789189503667461,0.05205325343425587,0.09887074952393207,0.047977071632048306,0.9479467465657442,1.5
3,0.73,0.08653580585182973,Influenza A (H3N2) - HA only,0.9239820817696247,0.9812847498342905,0.09824381580732566,0.05762254704354431,0.10885307443766666,0.053200958146042414,0.9423774529564557,1.5
3,0.74,0.08263658061504456,Influenza A (H3N2) - HA only,0.9239820817696247,0.9794778871405215,0.09863140571130968,0.06392620055442072,0.12001927266796684,0.05912978632209313,0.9360737994455792,1.5
3,0.75,0.07880406982780357,Influenza A (H3N2) - HA only,0.9239820817696247,0.9775363895515324,0.0990581451174295,0.07107260983381267,0.13251090245014913,0.06587056405556745,0.9289273901661873,1.5
3,0.76,0.07503626505959801,Influenza A (H3N2) - HA only,0.9239820817696247,0.9754573978904124,0.09952775033642913,0.07918647991874671,0.14648174473851996,0.0735469696550355,0.9208135200812533,1.5
3,0.77,0.07133124376284046,Influenza A (H3N2) - HA only,0.9239820817696247,0.9732391536453211,0.10004416191628995,0.0884110127599968,0.16209682238888207,0.0823017074876752,0.9115889872400031,1.5
3,0.78,0.06768716454142513,Influenza A (H3N2) - HA only,0.9239820817696247,0.9708811350077279,0.10061152520818228,0.09891024678311379,0.17953050341446686,0.09229905941452918,0.9010897532168862,1.5
3,0.79,0.06410226273680944,Influenza A (H3N2) - HA only,0.9239820817696247,0.9683841780880758,0.10123416204694213,0.11087149144862556,0.1989634173818445,0.10372758267039671,0.8891285085513745,1.5
3,0.8,0.06057484630658951,Influenza A (H3N2) - HA only,0.9239820817696247,0.9657505793440909,0.10191653250256905,0.12450776108261521,0.2205778904682542,0.11680286584815845,0.8754922389173848,1.5
3,0.81,0.05710329197279877,Influenza A (H3N2) - HA only,0.9239820817696247,0.9629841763818876,0.10266318586786627,0.1400600569569201,0.24455160457963598,0.1317701984695889,0.8599399430430799,1.5
3,0.8200000000000001,0.05368604161919024,Influenza A (H3N2) - HA only,0.9239820817696247,0.9600904058914751,0.1034787003656229,0.15779926904947206,0.2710492236706432,0.14890692991856871,0.8422007309505279,1.5
3,0.8300000000000001,0.05032159891858897,Influenza A (H3N2) - HA only,0.9239820817696247,0.9570763395656356,0.10436761149434814,0.17802736130699237,0.3002118223581485,0.1685241818031556,0.8219726386930076,1.5
3,0.8400000000000001,0.04700852617304747,Influenza A (H3N2) - HA only,0.9239820817696247,0.9539507014410766,0.10533432948311416,0.20107735624098821,0.3321441133039698,0.19096742282853685,0.7989226437590118,1.5
3,0.8500000000000001,0.04374544135101994,Influenza A (H3N2) - HA only,0.9239820817696247,0.9507238732484078,0.10638304698018841,0.22731143270512488,0.36689970944484673,0.216615202071128,0.7726885672948751,1.5
3,0.86,0.040531015307114594,Influenza A (H3N2) - HA only,0.9239820817696247,0.9474078982053113,0.10751763882910326,0.2571161768482662,0.4044649696048059,0.2458750454352468,0.7428838231517338,1.5
3,0.87,0.0373639691711951,Influenza A (H3N2) - HA only,0.9239820817696247,0.944016498544838,0.10874155654659268,0.2908936570984378,0.4447423326596971,0.2791751251227179,0.7091063429015623,1.5
3,0.88,0.03424307189470122,Influenza A (H3N2) - HA only,0.9239820817696247,0.9405651285440348,0.11005772085185939,0.32904649903862915,0.4875343860145643,0.31694977916335004,0.6709535009613709,1.5
3,0.89,0.031167137943053577,Influenza A (H3N2) - HA only,0.9239820817696247,0.9370710940347664,0.11146841623719328,0.3719544753899348,0.5325301435295199,0.35961624301895434,0.6280455246100651,1.5
3,0.9,0.02813502512391347,Influenza A (H3N2) - HA only,0.9239820817696247,0.933553783398462,0.11297519204207851,0.41993924836025154,0.57929500175529125,0.4075390001032659,0.5800607516397485,1.5
3,0.91,0.02514563254188755,Influenza A (H3N2) - HA only,0.9239820817696247,0.930035077651441,0.11457877472559064,0.47321273946499726,0.6272654644827587,0.4609768875500073,0.5267872605350028,1.5
3,0.9199999999999999,0.02219789867101719,Influenza A (H3N2) - HA only,0.9239820817696247,0.9265400455139607,0.11627899596692381,0.5318030692164931,0.6757488480992846,0.5200064102708302,0.4681969307835069,1.5
3,0.9299999999999999,0.019290799537069667,Influenza A (H3N2) - HA only,0.9239820817696247,0.923098097097247,0.11807474082574221,0.595449994573662,0.723926703306058,0.5844124943618667,0.404550005426338,1.5
3,0.94,0.01642334700227208,Influenza A (H3N2) - HA only,0.9239820817696247,0.9197448949451341,0.11996391945827067,0.6634591328196874,0.7708585118711911,0.6535349879606177,0.3365408671803126,1.5
3,0.95,0.013594587145690928,Influenza A (H3N2) - HA only,0.9239820817696247,0.9165255631417534,0.12194346484290275,0.7345008133950545,0.8154791240065572,0.7260553850966055,0.26549918660494554,1.5
3,0.96,0.010803598732981244,Influenza A (H3N2) - HA only,0.9239820817696247,0.9135002287857448,0.12400935768809174,0.8063349098817036,0.8565787593171131,0.7997032383655676,0.19366509011829636,1.5
3,0.97,0.008049491769699922,Influenza A (H3N2) - HA only,0.9239820817696247,0.9107540027052056,0.12615667827338561,0.8754371738992033,0.8927464435932702,0.8708551970855947,0.12456282610079672,1.5
3,0.98,0.005331406132809247,Influenza A (H3N2) - HA only,0.9239820817696247,0.9084160234135821,0.12837968352983686,0.9364950405974178,0.9222418547119464,0.9339911220477914,0.06350495940258216,1.5
3,0.99,0.0026485102753974754,Influenza A (H3N2) - HA only,0.9239820817696247,0.9066986889516824,0.13067190632282943,0.9817311183097498,0.9427242828425552,0.9809607296413925,0.018268881690250205,1.5
4,0.5,0.2010956579606304,Influenza A (H3N2) - HA only,0.9239820817696247,0.9997125589712292,0.03474896738167299,0.00833723152357478,0.01653655432451877,0.00805214934841552,0.9916627684764252,1.5
4,0.51,0.1947986185334857,Influenza A (H3N2) - HA only,0.9239820817696247,0.9996731938143001,0.03476772391399641,0.008905751170576317,0.017654226791615137,0.008601567810373448,0.9910942488294237,1.5
4,0.52,0.18865731155396073,Influenza A (H3N2) - HA only,0.9239820817696247,0.999628399104383,0.0347880187174513,0.009522201366586614,0.018864702460838243,0.00919737476413118,0.9904777986334133,1.5
4,0.53,0.18266499994017857,Influenza A (H3N2) - HA only,0.9239820817696247,0.9995774370613502,0.03481001000765804,0.010191805034756305,0.020177874173555117,0.00984463843081389,0.9898081949652437,1.5
4,0.54,0.1768153582457923,Influenza A (H3N2) - HA only,0.9239820817696247,0.9995194763731081,0.03483387462049026,0.010920465630648144,0.021604882457933117,0.010549090126689795,0.9890795343693518,1.5
4,0.55,0.17110244043428807,Influenza A (H3N2) - HA only,0.9239820817696247,0.999453582541762,0.03485981034383279,0.011714867881193372,0.02315829111947604,0.011317222998689749,0.9882851321188066,1.5
4,0.56,0.16552065071011157,Influenza A (H3N2) - HA only,0.9239820817696247,0.9993787078510059,0.03488803853414646,0.012582594778884688,0.024852288874792326,0.01215640681958758,0.9874174052211153,1.5
4,0.5700000000000001,0.16006471706779526,Influenza A (H3N2) - HA only,0.9239820817696247,0.9992936811216785,0.03491880704636263,0.013532263588551521,0.026702920804781233,0.013075021596222123,0.9864677364114485,1.5
4,0.58,0.15472966726304535,Influenza A (H3N2) - HA only,0.9239820817696247,0.9991971974804293,0.034952393506263446,0.014573684095765555,0.028728353852131364,0.014082613222096228,0.9854263159042345,1.5
4,0.59,0.14951080694649097,Influenza A (H3N2) - HA only,0.9239820817696247,0.9990878084332511,0.0349891089543134,0.015718042873744446,0.03094918104258859,0.015190074962509882,0.9842819571262555,1.5
4,0.6,0.14440369973244888,Influenza A (H3N2) - HA only,0.9239820817696247,0.9989639126101182,0.03502930188860964,0.016978117979244887,0.03338876954517496,0.016409859206616216,0.9830218820207551,1.5
4,0.61,0.13940414900236886,Influenza A (H3N2) - HA only,0.9239820817696247,0.9988237476277257,0.03507336273181938,0.018368529217106775,0.03607365806580675,0.017756224667240604,0.9816314707828933,1.5
4,0.62,0.13450818126629016,Influenza A (H3N2) - HA only,0.9239820817696247,0.9986653836012355,0.03512172874223318,0.019906029946941465,0.03903400933605665,0.01924552506642284,0.9800939700530585,1.5
4,0.63,0.1297120309261595,Influenza A (H3N2) - HA only,0.9239820817696247,0.9984867189189266,0.03517488938182034,0.02160984735146436,0.042304123534483457,0.02089654632157934,0.9783901526485357,1.5
4,0.64,0.12501212630272315,Influenza A (H3N2) - HA only,0.9239820817696247,0.9982854789700524,0.03523339214384946,0.023502079148515348,0.04592301825003282,0.022730900350292647,0.9764979208514847,1.5
4,0.65,0.12040507680327484,Influenza A (H3N2) - HA only,0.9239820817696247,0.9980592185787563,0.03529784882850728,0.025608155906927495,0.04993507991119132,0.02477348484245031,0.9743918440930726,1.5
4,0.66,0.1158876611211453,Influenza A (H3N2) - HA only,0.9239820817696247,0.997805328937137,0.03536894223629672,0.027957379410596617,0.05439079025195744,0.027053019700114797,0.9720426205894034,1.5
4,0.67,0.11145681636974225,Influenza A (H3N2) - HA only,0.9239820817696247,0.9975210498388165,0.035447433225035296,0.030583548882846003,0.05934752908866741,0.029602672298880254,0.969416451117154,1.5
4,0.6799999999999999,0.10710962806440108,Influenza A (H3N2) - HA only,0.9239820817696247,0.997203487980653,0.0355341680463056,0.033525688292635136,0.06487045107861338,0.032460785241477684,0.9664743117073649,1.5
4,0.69,0.10284332087450637,Influenza A (H3N2) - HA only,0.9239820817696247,0.9968496420150162,0.035630085840556935,0.03682888934533297,0.07103342876124297,0.03567172178916765,0.963171110654667,1.5
4,0.7,0.09865525007644932,Influenza A (H3N2) - HA only,0.9239820817696247,0.9964564348905854,0.03573622612634908,0.040545286003586575,0.07792004647382081,0.03928684556330565,0.9594547139964135,1.5
4,0.71,0.09454289364513643,Influenza A (H3N2) - HA only,0.9239820817696247,0.9960207538112946,0.03585373606834086,0.044735177321451464,0.08562461899995813,0.043365652245903996,0.9552648226785485,1.5
4,0.72,0.09050384492809577,Influenza A (H3N2) - HA only,0.9239820817696247,0.9955394978709805,0.03598387725101693,0.04946831576158405,0.09425319426583059,0.047977071632048306,0.9505316842384159,1.5
4,0.73,0.08653580585182973,Influenza A (H3N2) - HA only,0.9239820817696247,0.9950096330920042,0.03612803162191569,0.0548253776457483,0.10392448020397285,0.053200958146042414,0.9451746223542516,1.5
4,0.74,0.08263658061504456,Influenza A (H3N2) - HA only,0.9239820817696247,0.9944282542234396,0.0362877062012974,0.060899630457927165,0.11477061125398762,0.05912978632209313,0.9391003695420729,1.5
4,0.75,0.07880406982780357,Influenza A (H3N2) - HA only,0.9239820817696247,0.99379265226035,0.036464536087942645,0.06779880766727119,0.12693763926160556,0.06587056405556745,0.9322011923327288,1.5
4,0.76,0.07503626505959801,Influenza A (H3N2) - HA only,0.9239820817696247,0.9931003862601081,0.03666028522751896,0.07564719457820954,0.1405855966404822,0.0735469696550355,0.9243528054217904,1.5
4,0.77,0.07133124376284046,Influenza A (H3N2) - HA only,0.9239820817696247,0.9923493576909833,0.03687684435660099,0.08458791708729593,0.15588793731237147,0.0823017074876752,0.915412082912704,1.5
4,0.78,0.06768716454142513,Influenza A (H3N2) - HA only,0.9239820817696247,0.9915378852934049,0.03711622549922433,0.09478540727023109,0.17303011529764026,0.09229905941452918,0.9052145927297689,1.5
4,0.79,0.06410226273680944,Influenza A (H3N2) - HA only,0.9239820817696247,0.9906647783076169,0.03738055238236915,0.10642799290934137,0.19220701615653404,0.10372758267039671,0.8935720070906586,1.5
4,0.8,0.06057484630658951,Influenza A (H3N2) - HA only,0.9239820817696247,0.989729405963633,0.037672046161298045,0.11973051898481951,0.21361891991920065,0.11680286584815845,0.8802694810151805,1.5
4,0.81,0.05710329197279877,Influenza A (H3N2) - HA only,0.9239820817696247,0.98873176137638,0.03799300591470478,0.13493685319954268,0.23746565634730618,0.1317701984695889,0.8650631468004573,1.5
4,0.8200000000000001,0.05368604161919024,Influenza A (H3N2) - HA only,0.9239820817696247,0.9876725184709259,0.038345783491645746,0.15232204864291884,0.26393862872993595,0.14890692991856871,0.8476779513570811,1.5
4,0.8300000000000001,0.05032159891858897,Influenza A (H3N2) - HA only,0.9239820817696247,0.9865530813055027,0.03873275247352648,0.17219382653995374,0.2932104482947773,0.1685241818031556,0.8278061734600463,1.5
4,0.8400000000000001,0.04700852617304747,Influenza A (H3N2) - HA only,0.9239820817696247,0.9853756261904169,0.03915627125741061,0.19489288982024958,0.3254220556450949,0.19096742282853685,0.8051071101797505,1.5
4,0.8500000000000001,0.04374544135101994,Influenza A (H3N2) - HA only,0.9239820817696247,0.9841431383589481,0.03961864056868336,0.22079136962873921,0.36066742215207326,0.216615202071128,0.7792086303712608,1.5
4,0.86,0.040531015307114594,Influenza A (H3N2) - HA only,0.9239820817696247,0.9828594467055051,0.040122056061781874,0.25028842298804815,0.39897622496150265,0.2458750454352468,0.7497115770119518,1.5
4,0.87,0.0373639691711951,Influenza A (H3N2) - HA only,0.9239820817696247,0.981529262409761,0.04066855704977146,0.28380161580753943,0.44029525467161534,0.2791751251227179,0.7161983841924606,1.5
4,0.88,0.03424307189470122,Influenza A (H3N2) - HA only,0.9239820817696247,0.9801582303848952,0.04125997279155735,0.3217522088628485,0.4844696933894522,0.31694977916335004,0.6782477911371515,1.5
4,0.89,0.031167137943053577,Influenza A (H3N2) - HA only,0.9239820817696247,0.978753006928426,0.041897868127298454,0.3645417729090256,0.5312257022675294,0.35961624301895434,0.6354582270909743,1.5
4,0.9,0.02813502512391347,Influenza A (H3N2) - HA only,0.9239820817696247,0.977321383644031,0.04258349055155575,0.41251663768045577,0.5801558525933002,0.4075390001032659,0.5874833623195442,1.5
4,0.91,0.02514563254188755,Influenza A (H3N2) - HA only,0.9239820817696247,0.9758724883596757,0.043317721012543386,0.46591545675875384,0.6307086665439594,0.4609768875500073,0.5340845432412462,1.5
4,0.9199999999999999,0.02219789867101719,Influenza A (H3N2) - HA only,0.9239820817696247,0.9744171116322632,0.04410103079122929,0.5247935537831052,0.6821827387932644,0.5200064102708302,0.4752064462168948,1.5
4,0.9299999999999999,0.019290799537069667,Influenza A (H3N2) - HA only,0.9239820817696247,0.9729682388135372,0.04493344672154287,0.5889155860632783,0.7337244312995196,0.5844124943618667,0.4110844139367217,1.5
4,0.94,0.01642334700227208,Influenza A (H3N2) - HA only,0.9239820817696247,0.9715419253679889,0.04581452675194464,0.6576052659735412,0.7843257989598402,0.6535349879606177,0.3423947340264588,1.5
4,0.95,0.013594587145690928,Influenza A (H3N2) - HA only,0.9239820817696247,0.9701587645243641,0.04674334742516928,0.7295372216871782,0.8328159099135297,0.7260553850966055,0.27046277831282184,1.5
4,0.96,0.010803598732981244,Influenza A (H3N2) - HA only,0.9239820817696247,0.9688464233357287,0.047718504291456076,0.8024513047376393,0.8778333130272589,0.7997032383655676,0.19754869526236074,1.5
4,0.97,0.008049491769699922,Influenza A (H3N2) - HA only,0.9239820817696247,0.9676442162917147,0.04873812561190627,0.8727634404455414,0.9177580763114095,0.8708551970855947,0.12723655955445856,1.5
4,0.98,0.005331406132809247,Influenza A (H3N2) - HA only,0.9239820817696247,0.9666118426256533,0.049799899006171766,0.9350390578122324,0.9505633514444924,0.9339911220477914,0.0649609421877676,1.5
4,0.99,0.0026485102753974754,Influenza A (H3N2) - HA only,0.9239820817696247,0.9658474014124118,0.05090111001215991,0.9812847057831452,0.9735048583749802,0.9809607296413925,0.018715294216854805,1.5
5,0.5,0.2010956579606304,Influenza A (H3N2) - HA only,0.9239820817696247,0.9999553966123843,0.011350684653608,0.008143482933562832,0.01615539878450158,0.00805214934841552,0.9918565170664372,1.5
5,0.51,0.1947986185334857,Influenza A (H3N2) - HA only,0.9239820817696247,0.999948142789249,0.011356887382327985,0.008699070211639322,0.01724809029361658,0.008601567810373448,0.9913009297883607,1.5
5,0.52,0.18865731155396073,Influenza A (H3N2) - HA only,0.9239820817696247,0.9999397110995746,0.011363607253682018,0.009301552456134973,0.018431651601315522,0.00919737476413118,0.990698447543865,1.5
5,0.53,0.18266499994017857,Influenza A (H3N2) - HA only,0.9239820817696247,0.9999299139521867,0.011370898814369812,0.009956050062242823,0.01971579492494042,0.00984463843081389,0.9900439499377571,1.5
5,0.54,0.1768153582457923,Influenza A (H3N2) - HA only,0.9239820817696247,0.9999185355803994,0.01137882325525974,0.010668352629449656,0.021111462384379345,0.010549090126689795,0.9893316473705503,1.5
5,0.55,0.17110244043428807,Influenza A (H3N2) - HA only,0.9239820817696247,0.9999053283837943,0.011387449281825113,0.011445018439553577,0.022631000141752684,0.011317222998689749,0.9885549815604464,1.5
5,0.56,0.16552065071011157,Influenza A (H3N2) - HA only,0.9239820817696247,0.9998900089660154,0.011396854097829867,0.012293490075083437,0.024288358608975283,0.01215640681958758,0.9877065099249166,1.5
5,0.5700000000000001,0.16006471706779526,Influenza A (H3N2) - HA only,0.9239820817696247,0.9998722538939706,0.011407124514998035,0.013222228935543956,0.026099322563400414,0.013075021596222123,0.9867777710644561,1.5
5,0.58,0.15472966726304535,Influenza A (H3N2) - HA only,0.9239820817696247,0.9998516952224081,0.011418358202078371,0.014240871885110066,0.02808177548601,0.014082613222096228,0.98575912811489,1.5
5,0.59,0.14951080694649097,Influenza A (H3N2) - HA only,0.9239820817696247,0.9998279158508034,0.011430665087127534,0.015360413819529458,0.030256002924645958,0.015190074962509882,0.9846395861804705,1.5
5,0.6,0.14440369973244888,Influenza A (H3N2) - HA only,0.9239820817696247,0.9998004448067163,0.011444168926910692,0.01659342058229214,0.03264504016401359,0.016409859206616216,0.9834065794177078,1.5
5,0.61,0.13940414900236886,Influenza A (H3N2) - HA only,0.9239820817696247,0.9997687525815067,0.01145900905687014,0.017954277401003752,0.03527506991958771,0.017756224667240604,0.9820457225989963,1.5
5,0.62,0.13450818126629016,Influenza A (H3N2) - HA only,0.9239820817696247,0.9997322466798297,0.011475342334008709,0.01945947886430308,0.03817587611171394,0.01924552506642284,0.9805405211356969,1.5
5,0.63,0.1297120309261595,Influenza A (H3N2) - HA only,0.9239820817696247,0.99969026758282,0.011493345283002054,0.021127967426117972,0.041381359943108875,0.02089654632157934,0.978872032573882,1.5
5,0.64,0.12501212630272315,Influenza A (H3N2) - HA only,0.9239820817696247,0.9996420853648117,0.011513216452700203,0.022981528513146138,0.04493012438982065,0.022730900350292647,0.9770184714868538,1.5
5,0.65,0.12040507680327484,Influenza A (H3N2) - HA only,0.9239820817696247,0.9995868972425057,0.011535178985561334,0.025045251523672433,0.04886613267278781,0.02477348484245031,0.9749547484763276,1.5
5,0.66,0.1158876611211453,Influenza A (H3N2) - HA only,0.9239820817696247,0.999523826370853,0.011559483396178738,0.02734806733340705,0.053239445100261476,0.027053019700114797,0.972651932666593,1.5
5,0.67,0.11145681636974225,Influenza A (H3N2) - HA only,0.9239820817696247,0.9994519222278807,0.011586410546556403,0.0299233743463945,0.058107036587292875,0.029602672298880254,0.9700766256536055,1.5
5,0.6799999999999999,0.10710962806440108,Influenza A (H3N2) - HA only,0.9239820817696247,0.9993701629470381,0.011616274794816195,0.032809766606578604,0.06353369380869657,0.032460785241477684,0.9671902333934214,1.5
5,0.69,0.10284332087450637,Influenza A (H3N2) - HA only,0.9239820817696247,0.9992774599558244,0.011649427280214453,0.036051878950724495,0.06959298586585613,0.03567172178916765,0.9639481210492755,1.5
5,0.7,0.09865525007644932,Influenza A (H3N2) - HA only,0.9239820817696247,0.9991726652590613,0.011686259290469847,0.0397013655285061,0.07636829496925451,0.03928684556330565,0.9602986344714939,1.5
5,0.71,0.09454289364513643,Influenza A (H3N2) - HA only,0.9239820817696247,0.9990545816602684,0.011727205637241944,0.043818029076243145,0.08395388325910115,0.043365652245903996,0.9561819709237569,1.5
5,0.72,0.09050384492809577,Influenza A (H3N2) - HA only,0.9239820817696247,0.9989219761425185,0.011772747942206618,0.0484711188631659,0.09245595769441235,0.047977071632048306,0.9515288811368341,1.5
5,0.73,0.08653580585182973,Influenza A (H3N2) - HA only,0.9239820817696247,0.9987735965302873,0.011823417709766915,0.05374081487909717,0.10199367604931907,0.053200958146042414,0.9462591851209028,1.5
5,0.74,0.08263658061504456,Influenza A (H3N2) - HA only,0.9239820817696247,0.9986081914280273,0.011879799033656213,0.05971991409429413,0.1127000125854305,0.05912978632209313,0.9402800859057059,1.5
5,0.75,0.07880406982780357,Influenza A (H3N2) - HA only,0.9239820817696247,0.998424533284674,0.01194253075457441,0.06651573078294583,0.12472237120491643,0.06587056405556745,0.9334842692170542,1.5
5,0.76,0.07503626505959801,Influenza A (H3N2) - HA only,0.9239820817696247,0.9982214442747737,0.01201230785613816,0.07425221596719364,0.13822279653311348,0.0735469696550355,0.9257477840328063,1.5
5,0.77,0.07133124376284046,Influenza A (H3N2) - HA only,0.9239820817696247,0.9979978245284511,0.012089881859033147,0.08307228963449229,0.15337758994108086,0.0823017074876752,0.9169277103655077,1.5
5,0.78,0.06768716454142513,Influenza A (H3N2) - HA only,0.9239820817696247,0.9977526820994419,0.012176059951147677,0.09314036162342992,0.17037608985816788,0.09229905941452918,0.9068596383765701,1.5
5,0.79,0.06410226273680944,Influenza A (H3N2) - HA only,0.9239820817696247,0.9974851639501939,0.012271702578129595,0.10464499039538629,0.18941832775292844,0.10372758267039671,0.8953550096046137,1.5
5,0.8,0.06057484630658951,Influenza A (H3N2) - HA only,0.9239820817696247,0.997194587174397,0.012377719218133021,0.11780158983701133,0.2107112296310667,0.11680286584815845,0.8821984101629887,1.5
5,0.81,0.05710329197279877,Influenza A (H3N2) - HA only,0.9239820817696247,0.9968804696886734,0.01249506208071971,0.1328550380925425,0.23446300813242876,0.1317701984695889,0.8671449619074575,1.5
5,0.8200000000000001,0.05368604161919024,Influenza A (H3N2) - HA only,0.9239820817696247,0.9965425597243541,0.01262471750693206,0.15008196293522022,0.2608753965334898,0.14890692991856871,0.8499180370647798,1.5
5,0.8300000000000001,0.05032159891858897,Influenza A (H3N2) - HA only,0.9239820817696247,0.996180863654203,0.012767694908867977,0.1697923669887789,0.29013343075723597,0.1685241818031556,0.8302076330112211,1.5
5,0.8400000000000001,0.04700852617304747,Influenza A (H3N2) - HA only,0.9239820817696247,0.9957956720149482,0.012925013174669098,0.19233010208986506,0.3223926076405195,0.19096742282853685,0.8076698979101349,1.5
5,0.8500000000000001,0.04374544135101994,Influenza A (H3N2) - HA only,0.9239820817696247,0.9953875840565659,0.013097684578782687,0.2180714905325407,0.35776345269213344,0.216615202071128,0.7819285094674593,1.5
5,0.86,0.040531015307114594,Influenza A (H3N2) - HA only,0.9239820817696247,0.9949575317967697,0.013286696375028106,0.24742110246197227,0.3962938232061236,0.2458750454352468,0.7525788975380278,1.5
5,0.87,0.0373639691711951,Influenza A (H3N2) - HA only,0.9239820817696247,0.9945068054427292,0.013492990405631011,0.2808033077982646,0.43794963702829504,0.2791751251227179,0.7191966922017354,1.5
5,0.88,0.03424307189470122,Influenza A (H3N2) - HA only,0.9239820817696247,0.9940370832676804,0.013717441223800364,0.31864769438642687,0.48259510601458055,0.31694977916335004,0.6813523056135731,1.5
5,0.89,0.031167137943053577,Influenza A (H3N2) - HA only,0.9239820817696247,0.993550470792271,0.013960833388297456,0.3613657379863648,0.5299738785001247,0.35961624301895434,0.6386342620136352,1.5
5,0.9,0.02813502512391347,Influenza A (H3N2) - HA only,0.9239820817696247,0.9930495567761511,0.014223838731082461,0.40931516747291735,0.5796926271921042,0.4075390001032659,0.5906848325270826,1.5
5,0.91,0.02514563254188755,Influenza A (H3N2) - HA only,0.9239820817696247,0.9925374977363525,0.01450699450777826,0.4627472165131005,0.6312083949830405,0.4609768875500073,0.5372527834868994,1.5
5,0.9199999999999999,0.02219789867101719,Influenza A (H3N2) - HA only,0.9239820817696247,0.9920181497284736,0.014810683400385272,0.5217302956078528,0.6838202530952205,0.5200064102708302,0.4782697043921472,1.5
5,0.9299999999999999,0.019290799537069667,Influenza A (H3N2) - HA only,0.9239820817696247,0.9914962784005185,0.01513511634027287,0.5860414325156741,0.7366643539574546,0.5844124943618667,0.4139585674843259,1.5
5,0.94,0.01642334700227208,Influenza A (H3N2) - HA only,0.9239820817696247,0.9909779008295355,0.01548031904979208,0.6550139560188606,0.7887090722216201,0.6535349879606177,0.3449860439811394,1.5
5,0.95,0.013594587145690928,Influenza A (H3N2) - HA only,0.9239820817696247,0.9904708559969754,0.015846123062074113,0.7273261338616709,0.8387432771717915,0.7260553850966055,0.2726738661383291,1.5
5,0.96,0.010803598732981244,Influenza A (H3N2) - HA only,0.9239820817696247,0.9899857890075263,0.01623216177746134,0.8007105591691676,0.8853450508154256,0.7997032383655676,0.19928944083083244,1.5
5,0.97,0.008049491769699922,Influenza A (H3N2) - HA only,0.9239820817696247,0.9895379257697122,0.01663787186536192,0.871557676624728,0.9268082460743119,0.8708551970855947,0.12844232337527195,1.5
5,0.98,0.005331406132809247,Influenza A (H3N2) - HA only,0.9239820817696247,0.9891504644137644,0.017062500041869932,0.9343785239137219,0.9609846864550097,0.9339911220477914,0.06562147608627811,1.5
5,0.99,0.0026485102753974754,Influenza A (H3N2) - HA only,0.9239820817696247,0.9888615706500933,0.017505114969621927,0.9810809929281137,0.9849559165214031,0.9809607296413925,0.018919007071886318,1.5
6,0.5,0.2010956579606304,Influenza A (H3N2) - HA only,0.9239820817696247,0.9999933505300617,0.003351171270618347,0.008078952187416439,0.01602841074968196,0.00805214934841552,0.9919210478125836,1.5
6,0.51,0.1947986185334857,Influenza A (H3N2) - HA only,0.9239820817696247,0.99999210285575,0.003353013930450288,0.008630188706941001,0.01711269049928482,0.008601567810373448,0.991369811293059,1.5
6,0.52,0.18865731155396073,Influenza A (H3N2) - HA only,0.9239820817696247,0.9999906229366935,0.0033550117375026334,0.009227964494747382,0.018287174014553112,0.00919737476413118,0.9907720355052526,1.5
6,0.53,0.18266499994017857,Influenza A (H3N2) - HA only,0.9239820817696247,0.9999888685271598,0.003357181332621084,0.009877363579325732,0.019561508872552945,0.00984463843081389,0.9901226364206742,1.5
6,0.54,0.1768153582457923,Influenza A (H3N2) - HA only,0.9239820817696247,0.9999867900979935,0.003359541434510338,0.010584134986343904,0.020946565764445726,0.010549090126689795,0.9894158650136561,1.5
6,0.55,0.17110244043428807,Influenza A (H3N2) - HA only,0.9239820817696247,0.9999843297189777,0.0033621131214576216,0.011354791715175424,0.022454611992655086,0.011317222998689749,0.9886452082848246,1.5
6,0.56,0.16552065071011157,Influenza A (H3N2) - HA only,0.9239820817696247,0.9999814198130484,0.0033649201515464355,0.012196725803373863,0.02409951101740198,0.01215640681958758,0.9878032741966262,1.5
6,0.5700000000000001,0.16006471706779526,Influenza A (H3N2) - HA only,0.9239820817696247,0.9999779817809301,0.0033679893260644134,0.013118342234462965,0.025896951910627,0.013075021596222123,0.986881657765537,1.5
6,0.58,0.15472966726304535,Influenza A (H3N2) - HA only,0.9239820817696247,0.9999739244994108,0.0033713509011680243,0.014129214921949186,0.027864713058001155,0.014082613222096228,0.9858707850780508,1.5
6,0.59,0.14951080694649097,Influenza A (H3N2) - HA only,0.9239820817696247,0.9999691427027564,0.003375039053140516,0.015240268558592278,0.030022964948996245,0.015190074962509882,0.9847597314414077,1.5
6,0.6,0.14440369973244888,Influenza A (H3N2) - HA only,0.9239820817696247,0.9999635152645614,0.003379092402784556,0.016463990765127057,0.032394617389071026,0.016409859206616216,0.9835360092348729,1.5
6,0.61,0.13940414900236886,Influenza A (H3N2) - HA only,0.9239820817696247,0.9999569034071015,0.0033835546045262177,0.017814679717500937,0.03500571692287195,0.017756224667240604,0.982185320282499,1.5
6,0.62,0.13450818126629016,Influenza A (H3N2) - HA only,0.9239820817696247,0.9999491488767925,0.003388475005672298,0.019308733286557453,0.037885900621738425,0.01924552506642284,0.9806912667134425,1.5
6,0.63,0.1297120309261595,Influenza A (H3N2) - HA only,0.9239820817696247,0.9999400721376567,0.0033939093808161847,0.020964986697897873,0.041068912588154406,0.02089654632157934,0.9790350133021021,1.5
6,0.64,0.12501212630272315,Influenza A (H3N2) - HA only,0.9239820817696247,0.9999294706494962,0.0033999207456094638,0.022805106818488373,0.04459318945795616,0.022730900350292647,0.9771948931815116,1.5
6,0.65,0.12040507680327484,Influenza A (H3N2) - HA only,0.9239820817696247,0.99991711731315,0.0034065802528523426,0.02485405240155933,0.048502520690225585,0.02477348484245031,0.9751459475984406,1.5
6,0.66,0.1158876611211453,Influenza A (H3N2) - HA only,0.9239820817696247,0.9999027591810997,0.0034139681720034565,0.027140610965419625,0.05284678832270218,0.027053019700114797,0.9728593890345804,1.5
6,0.67,0.11145681636974225,Influenza A (H3N2) - HA only,0.9239820817696247,0.9998861165466404,0.003422174950643342,0.0296980244252873,0.057682788865951344,0.029602672298880254,0.9703019755747126,1.5
6,0.6799999999999999,0.10710962806440108,Influenza A (H3N2) - HA only,0.9239820817696247,0.9998668825375175,0.0034313023529980446,0.032564717101489074,0.06307513675553308,0.032460785241477684,0.9674352828985109,1.5
6,0.69,0.10284332087450637,Influenza A (H3N2) - HA only,0.9239820817696247,0.9998447233487079,0.00344146466619466,0.035785141225921725,0.0690972438183252,0.03567172178916765,0.9642148587740783,1.5
6,0.7,0.09865525007644932,Influenza A (H3N2) - HA only,0.9239820817696247,0.9998192792522202,0.003452789959368263,0.03941075645509743,0.07583236195998033,0.03928684556330565,0.9605892435449026,1.5
6,0.71,0.09454289364513643,Influenza A (H3N2) - HA only,0.9239820817696247,0.9997901665176238,0.0034654213739417905,0.04350116100920049,0.08337466604308619,0.043365652245903996,0.9564988389907995,1.5
6,0.72,0.09050384492809577,Influenza A (H3N2) - HA only,0.9239820817696247,0.9997569803639248,0.0034795184153504355,0.048125392649623226,0.09183033988032065,0.047977071632048306,0.9518746073503768,1.5
6,0.73,0.08653580585182973,Influenza A (H3N2) - HA only,0.9239820817696247,0.9997192990404322,0.003495258207167784,0.053363417429167094,0.10131860951158052,0.053200958146042414,0.9466365825708329,1.5
6,0.74,0.08263658061504456,Influenza A (H3N2) - HA only,0.9239820817696247,0.9996766891009536,0.003512836658186802,0.05930782249398736,0.11197264356450592,0.05912978632209313,0.9406921775060126,1.5
6,0.75,0.07880406982780357,Influenza A (H3N2) - HA only,0.9239820817696247,0.9996287118927591,0.0035324694818047453,0.06606572547078447,0.1239402097584415,0.06587056405556745,0.9339342745292155,1.5
6,0.76,0.07503626505959801,Influenza A (H3N2) - HA only,0.9239820817696247,0.9995749312311737,0.003554392995521738,0.07376090614009445,0.13738393914640315,0.0735469696550355,0.9262390938599055,1.5
6,0.77,0.07133124376284046,Influenza A (H3N2) - HA only,0.9239820817696247,0.9995149221754962,0.003578864617223898,0.08253615479793461,0.1524810059249134,0.0823017074876752,0.9174638452020654,1.5
6,0.78,0.06768716454142513,Influenza A (H3N2) - HA only,0.9239820817696247,0.9994482807669168,0.003606162965077875,0.09255581405063862,0.1694219823293763,0.09229905941452918,0.9074441859493614,1.5
6,0.79,0.06410226273680944,Influenza A (H3N2) - HA only,0.9239820817696247,0.999374634539735,0.003636587460554175,0.10400846419080963,0.1884085790498651,0.10372758267039671,0.8959915358091903,1.5
6,0.8,0.06057484630658951,Influenza A (H3N2) - HA only,0.9239820817696247,0.9992936535802542,0.0036704573306676203,0.1171096632688952,0.2096499383534893,0.11680286584815845,0.8828903367311048,1.5
6,0.81,0.05710329197279877,Influenza A (H3N2) - HA only,0.9239820817696247,0.9992050618902484,0.003708109907552437,0.13210459679197556,0.23335711986631216,0.1317701984695889,0.8678954032080244,1.5
6,0.8200000000000001,0.05368604161919024,Influenza A (H3N2) - HA only,0.9239820817696247,0.9991086488212689,0.003749898132492935,0.14927041232828248,0.2597354218928624,0.14890692991856871,0.8507295876717176,1.5
6,0.8300000000000001,0.05032159891858897,Influenza A (H3N2) - HA only,0.9239820817696247,0.999004280389845,0.003796187188965461,0.16891790273466661,0.28897423185328286,0.1685241818031556,0.8310820972653334,1.5
6,0.8400000000000001,0.04700852617304747,Influenza A (H3N2) - HA only,0.9239820817696247,0.9988919103695699,0.0038473502160769613,0.19139204703644003,0.32123421693494275,0.19096742282853685,0.8086079529635599,1.5
6,0.8500000000000001,0.04374544135101994,Influenza A (H3N2) - HA only,0.9239820817696247,0.9987715911938035,0.0039037630904826814,0.21707070531874764,0.3566318664429335,0.216615202071128,0.7829292946812524,1.5
6,0.86,0.040531015307114594,Influenza A (H3N2) - HA only,0.9239820817696247,0.9986434849051858,0.003965798310884949,0.24636047373379502,0.3952216863653376,0.2458750454352468,0.753639526266205,1.5
6,0.87,0.0373639691711951,Influenza A (H3N2) - HA only,0.9239820817696247,0.9985078746767517,0.004033818073021722,0.27968831211419376,0.43697670981512254,0.2791751251227179,0.7203116878858062,1.5
6,0.88,0.03424307189470122,Influenza A (H3N2) - HA only,0.9239820817696247,0.9983651778407768,0.004108166681808356,0.3174870259284783,0.4817683782346841,0.31694977916335004,0.6825129740715217,1.5
6,0.89,0.031167137943053577,Influenza A (H3N2) - HA only,0.9239820817696247,0.9982159619616794,0.004189162506999411,0.3601719722848448,0.529347180907311,0.35961624301895434,0.6398280277151551,1.5
6,0.9,0.02813502512391347,Influenza A (H3N2) - HA only,0.9239820817696247,0.9980609663988305,0.004277089744362361,0.40810540889088665,0.5793255847215205,0.4075390001032659,0.5918945911091134,1.5
6,0.91,0.02514563254188755,Influenza A (H3N2) - HA only,0.9239820817696247,0.9979011332472202,0.004372190290300448,0.4615436406334471,0.6311645774803725,0.4609768875500073,0.5384563593665529,1.5
6,0.9199999999999999,0.02219789867101719,Influenza A (H3N2) - HA only,0.9239820817696247,0.9977376539419412,0.004474656068533256,0.5205604440236336,0.6841644033553832,0.5200064102708302,0.47943955597636645,1.5
6,0.9299999999999999,0.019290799537069667,Influenza A (H3N2) - HA only,0.9239820817696247,0.9975720419937072,0.004584622157952412,0.5849380401966288,0.7374586004420358,0.5844124943618667,0.41506195980337124,1.5
6,0.94,0.01642334700227208,Influenza A (H3N2) - HA only,0.9239820817696247,0.9974062499708596,0.004702161057832166,0.6540139814500089,0.790008043083396,0.6535349879606177,0.3459860185499911,1.5
6,0.95,0.013594587145690928,Influenza A (H3N2) - HA only,0.9239820817696247,0.9972428635563989,0.004827278388822465,0.7264685075008038,0.8405879857476475,0.7260553850966055,0.27353149249919617,1.5
6,0.96,0.010803598732981244,Influenza A (H3N2) - HA only,0.9239820817696247,0.9970854354399507,0.004959910267029133,0.8000319504045694,0.8877552595265217,0.7997032383655676,0.19996804959543057,1.5
6,0.97,0.008049491769699922,Influenza A (H3N2) - HA only,0.9239820817696247,0.9969390867697124,0.005099922507857957,0.8710852820227967,0.9297726304498805,0.8708551970855947,0.12891471797720333,1.5
6,0.98,0.005331406132809247,Influenza A (H3N2) - HA only,0.9239820817696247,0.9968116562845187,0.005247111722376352,0.9341184719493647,0.9644473071032075,0.9339911220477914,0.0658815280506353,1.5
6,0.99,0.0026485102753974754,Influenza A (H3N2) - HA only,0.9239820817696247,0.996716070766409,0.005401208269486757,0.9810004054808645,0.9887957968843758,0.9809607296413925,0.018999594519135465,1.5
7,0.5,0.2010956579606304,Influenza A (H3N2) - HA only,0.9239820817696247,0.9999990429778055,9.044812087544152e-4,0.008059372558916375,0.015989876621637856,0.00805214934841552,0.9919406274410836,1.5
7,0.51,0.1947986185334857,Influenza A (H3N2) - HA only,0.9239820817696247,0.9999988401049905,9.049801684345438e-4,0.008609282132156337,0.017071589959432663,0.008601567810373448,0.9913907178678436,1.5
7,0.52,0.18865731155396073,Influenza A (H3N2) - HA only,0.9239820817696247,0.9999985947823264,9.055213923531147e-4,0.009205621177424139,0.018243301198990838,0.00919737476413118,0.9907943788225758,1.5
7,0.53,0.18266499994017857,Influenza A (H3N2) - HA only,0.9239820817696247,0.9999982983569058,9.061094650655299e-4,0.009853462263201938,0.019514637455452545,0.00984463843081389,0.9901465377367981,1.5
7,0.54,0.1768153582457923,Influenza A (H3N2) - HA only,0.9239820817696247,0.9999979405003516,9.067495539841763e-4,0.010558541586618302,0.02089644671716021,0.010549090126689795,0.9894414584133817,1.5
7,0.55,0.17110244043428807,Influenza A (H3N2) - HA only,0.9239820817696247,0.9999975089154106,9.074474905140795e-4,0.011327357778727164,0.022400971110990337,0.011317222998689749,0.9886726422212728,1.5
7,0.56,0.16552065071011157,Influenza A (H3N2) - HA only,0.9239820817696247,0.9999969890013487,9.082098627084534e-4,0.012167286778111632,0.02404204620452078,0.01215640681958758,0.9878327132218884,1.5
7,0.5700000000000001,0.16006471706779526,Influenza A (H3N2) - HA only,0.9239820817696247,0.9999963634755951,9.090441209423927e-4,0.013086715526930961,0.025835330207381612,0.013075021596222123,0.986913284473069,1.5
7,0.58,0.15472966726304535,Influenza A (H3N2) - HA only,0.9239820817696247,0.9999956119499904,9.099586982488361e-4,0.014095197721401057,0.027798567419294498,0.014082613222096228,0.9859048022785989,1.5
7,0.59,0.14951080694649097,Influenza A (H3N2) - HA only,0.9239820817696247,0.999994710461447,9.10963147069288e-4,0.015203635405365247,0.029951890774936783,0.015190074962509882,0.9847963645946347,1.5
7,0.6,0.14440369973244888,Influenza A (H3N2) - HA only,0.9239820817696247,0.9999936309586281,9.120682942884706e-4,0.016424490841583362,0.03231816883436102,0.016409859206616216,0.9835755091584166,1.5
7,0.61,0.13940414900236886,Influenza A (H3N2) - HA only,0.9239820817696247,0.9999923407487935,9.132864164757004e-4,0.01777203384142074,0.034923403028534306,0.017756224667240604,0.9822279661585792,1.5
7,0.62,0.13450818126629016,Influenza A (H3N2) - HA only,0.9239820817696247,0.9999908019120423,9.14631437284652e-4,0.019262630590148936,0.037797181341819155,0.01924552506642284,0.980737369409851,1.5
7,0.63,0.1297120309261595,Influenza A (H3N2) - HA only,0.9239820817696247,0.9999889706939651,9.161191488906706e-4,0.020915080981168777,0.040973194822808465,0.02089654632157934,0.9790849190188312,1.5
7,0.64,0.12501212630272315,Influenza A (H3N2) - HA only,0.9239820817696247,0.9999867968921612,9.177674591954732e-4,0.02275101257441,0.04448982325627252,0.022730900350292647,0.97724898742559,1.5
7,0.65,0.12040507680327484,Influenza A (H3N2) - HA only,0.9239820817696247,0.9999842232570163,9.195966662332022e-4,0.024795340523284356,0.04839079585487411,0.02477348484245031,0.9752046594767156,1.5
7,0.66,0.1158876611211453,Influenza A (H3N2) - HA only,0.9239820817696247,0.9999811849325265,9.216297607468338e-4,0.027076804164093467,0.05272593173830803,0.027053019700114797,0.9729231958359066,1.5
7,0.67,0.11145681636974225,Influenza A (H3N2) - HA only,0.9239820817696247,0.9999776089684379,9.238927572259303e-4,0.029628592412344574,0.05755196298907941,0.029602672298880254,0.9703714075876554,1.5
7,0.6799999999999999,0.10710962806440108,Influenza A (H3N2) - HA only,0.9239820817696247,0.9999734139402431,9.264150527603654e-4,0.03248907162375249,0.06293343985201702,0.032460785241477684,0.9675109283762475,1.5
7,0.69,0.10284332087450637,Influenza A (H3N2) - HA only,0.9239820817696247,0.9999685097181253,9.292298118154241e-4,0.0357026310877462,0.06894371271956014,0.03567172178916765,0.9642973689122538,1.5
7,0.7,0.09865525007644932,Influenza A (H3N2) - HA only,0.9239820817696247,0.9999627974292908,9.323743734304113e-4,0.039320662722126414,0.0756659783398508,0.03928684556330565,0.9606793372778736,1.5
7,0.71,0.09454289364513643,Influenza A (H3N2) - HA only,0.9239820817696247,0.9999561696596561,9.358906753338392e-4,0.04340269266641562,0.08319436749665625,0.043365652245903996,0.9565973073335844,1.5
7,0.72,0.09050384492809577,Influenza A (H3N2) - HA only,0.9239820817696247,0.9999485109399507,9.3982568705131e-4,0.04801768308615432,0.09163503741722874,0.047977071632048306,0.9519823169138457,1.5
7,0.73,0.08653580585182973,Influenza A (H3N2) - HA only,0.9239820817696247,0.9999396985575356,9.44231841212062e-4,0.05324552224807898,0.10110721345967223,0.053200958146042414,0.946754477751921,1.5
7,0.74,0.08263658061504456,Influenza A (H3N2) - HA only,0.9239820817696247,0.9999296037282084,9.491674489984225e-4,0.05917871930152226,0.11174410030323766,0.05912978632209313,0.9408212806984777,1.5
7,0.75,0.07880406982780357,Influenza A (H3N2) - HA only,0.9239820817696247,0.9999180931519224,9.546970820804024e-4,0.06592431649080004,0.1236935521451451,0.06587056405556745,0.9340756835092,1.5
7,0.76,0.07503626505959801,Influenza A (H3N2) - HA only,0.9239820817696247,0.999905030963014,9.608918995618332e-4,0.073606024729601,0.13711835392106128,0.0735469696550355,0.926393975270399,1.5
7,0.77,0.07133124376284046,Influenza A (H3N2) - HA only,0.9239820817696247,0.9998902810697529,9.678298946484976e-4,0.082366577211167,0.1521959217135307,0.0823017074876752,0.917633422788833,1.5
7,0.78,0.06768716454142513,Influenza A (H3N2) - HA only,0.9239820817696247,0.9998737098611217,9.75596032170345e-4,0.09237027811173275,0.16911718200966128,0.09229905941452918,0.9076297218882673,1.5
7,0.79,0.06410226273680944,Influenza A (H3N2) - HA only,0.9239820817696247,0.9998551892420586,9.842822451536781e-4,0.10380569688392391,0.18808434004869112,0.10372758267039671,0.8961943031160761,1.5
7,0.8,0.06057484630658951,Influenza A (H3N2) - HA only,0.9239820817696247,0.9998345999441018,9.939872567260588e-4,0.11688841962700597,0.20930720371601355,0.11680286584815845,0.8831115803729941,1.5
7,0.81,0.05710329197279877,Influenza A (H3N2) - HA only,0.9239820817696247,0.9998118350485701,0.0010048161932838529,0.13186371283736043,0.2329977014251579,0.1317701984695889,0.8681362871626396,1.5
7,0.8200000000000001,0.05368604161919024,Influenza A (H3N2) - HA only,0.9239820817696247,0.999786803656618,0.001016879956522998,0.14900887514710273,0.25936223429204525,0.14890692991856871,0.8509911248528973,1.5
7,0.8300000000000001,0.05032159891858897,Influenza A (H3N2) - HA only,0.9239820817696247,0.9997594346474213,0.0010302943261880637,0.1686349409874471,0.2885915522689888,0.1685241818031556,0.8313650590125529,1.5
7,0.8400000000000001,0.04700852617304747,Influenza A (H3N2) - HA only,0.9239820817696247,0.9997296804850767,0.001045178772547728,0.1910872452106885,0.3208479598786987,0.19096742282853685,0.8089127547893115,1.5
7,0.8500000000000001,0.04374544135101994,Influenza A (H3N2) - HA only,0.9239820817696247,0.9996975210701424,0.0010616549679669518,0.21674414466135894,0.3562498559996796,0.216615202071128,0.7832558553386411,1.5
7,0.86,0.040531015307114594,Influenza A (H3N2) - HA only,0.9239820817696247,0.9996629676873504,0.001079845000419577,0.24601290182633342,0.3948538998754165,0.2458750454352468,0.7539870981736666,1.5
7,0.87,0.0373639691711951,Influenza A (H3N2) - HA only,0.9239820817696247,0.9996260671839561,0.0010998693080518374,0.27932134113645485,0.43663545804039994,0.2791751251227179,0.7206786588635452,1.5
7,0.88,0.03424307189470122,Influenza A (H3N2) - HA only,0.9239820817696247,0.9995869066347389,0.0011218443721932037,0.3171033563137202,0.48146837861674485,0.31694977916335004,0.6828966436862798,1.5
7,0.89,0.031167137943053577,Influenza A (H3N2) - HA only,0.9239820817696247,0.9995456189300278,0.0011458802253844214,0.35977563302524235,0.5291054741782141,0.35961624301895434,0.6402243669747576,1.5
7,0.9,0.02813502512391347,Influenza A (H3N2) - HA only,0.9239820817696247,0.9995023899987107,0.0011720778495438733,0.407701997257083,0.5791612424693633,0.4075390001032659,0.592298002742917,1.5
7,0.91,0.02514563254188755,Influenza A (H3N2) - HA only,0.9239820817696247,0.9994574688162379,0.0012005265555931066,0.4611405312175016,0.6310981503309918,0.4609768875500073,0.5388594687824984,1.5
7,0.9199999999999999,0.02219789867101719,Influenza A (H3N2) - HA only,0.9239820817696247,0.9994111820758426,0.001231301447907951,0.5201669180020753,0.6842170657375828,0.5200064102708302,0.47983308199792474,1.5
7,0.9299999999999999,0.019290799537069667,Influenza A (H3N2) - HA only,0.9239820817696247,0.9993639566690934,0.001264461083160029,0.5845652580891059,0.7376509553735341,0.5844124943618667,0.41543474191089413,1.5
7,0.94,0.01642334700227208,Influenza A (H3N2) - HA only,0.9239820817696247,0.9993163554378296,0.001300045432309327,0.6536746831003496,0.7903585521377066,0.6535349879606177,0.3463253168996504,1.5
7,0.95,0.013594587145690928,Influenza A (H3N2) - HA only,0.9239820817696247,0.9992691361100683,0.001338074245905263,0.7261762670626647,0.8411109731053013,0.7260553850966055,0.2738237329373353,1.5
7,0.96,0.010803598732981244,Influenza A (H3N2) - HA only,0.9239820817696247,0.9992233523807476,0.001378545906714601,0.7997997357888027,0.8884583844238072,0.7997032383655676,0.2002002642111973,1.5
7,0.97,0.008049491769699922,Influenza A (H3N2) - HA only,0.9239820817696247,0.9991805357307738,0.0014214368309058978,0.8709229595831398,0.9306535937899417,0.8708551970855947,0.1290770404168602,1.5
7,0.98,0.005331406132809247,Influenza A (H3N2) - HA only,0.9239820817696247,0.9991430426252665,0.0014667014512823595,0.9340287475681628,0.9654892849965954,0.9339911220477914,0.06597125243183721,1.5
7,0.99,0.0026485102753974754,Influenza A (H3N2) - HA only,0.9239820817696247,0.999114770630604,0.001514272785591575,0.9809724886950049,0.9899605165595105,0.9809607296413925,0.019027511304995137,1.5
8,0.5,0.2010956579606304,Influenza A (H3N2) - HA only,0.9239820817696247,0.999999866549803,2.2520467168130054e-4,0.008053947464222935,0.01597919927975193,0.00805214934841552,0.9919460525357771,1.5
8,0.51,0.1947986185334857,Influenza A (H3N2) - HA only,0.9239820817696247,0.9999998350965869,2.2532912995487653e-4,0.008603488345550811,0.01706019943984408,0.008601567810373448,0.9913965116544492,1.5
8,0.52,0.18865731155396073,Influenza A (H3N2) - HA only,0.9239820817696247,0.9999997963555876,2.2546417006585884e-4,0.00919942797310501,0.018231139854100183,0.00919737476413118,0.990800572026895,1.5
8,0.53,0.18266499994017857,Influenza A (H3N2) - HA only,0.9239820817696247,0.9999997486863563,2.2561094871598186e-4,0.009846835664624803,0.019501641818809774,0.00984463843081389,0.9901531643353751,1.5
8,0.54,0.1768153582457923,Influenza A (H3N2) - HA only,0.9239820817696247,0.9999996900974134,2.2577077161922698e-4,0.010551443969517694,0.0208825468477463,0.010549090126689795,0.9894485560304823,1.5
8,0.55,0.17110244043428807,Influenza A (H3N2) - HA only,0.9239820817696247,0.9999996181776722,2.2594511467144418e-4,0.011319747422664653,0.022386089865514918,0.011317222998689749,0.9886802525773354,1.5
8,0.56,0.16552065071011157,Influenza A (H3N2) - HA only,0.9239820817696247,0.9999995300167053,2.2613564821993837e-4,0.01215911736025791,0.024026098432664768,0.01215640681958758,0.9878408826397421,1.5
8,0.5700000000000001,0.16006471706779526,Influenza A (H3N2) - HA only,0.9239820817696247,0.9999994221127697,2.2634426485501624e-4,0.013077935551280886,0.025818221865828613,0.013075021596222123,0.9869220644487191,1.5
8,0.58,0.15472966726304535,Influenza A (H3N2) - HA only,0.9239820817696247,0.9999992902676242,2.2657311119689272e-4,0.014085749876181577,0.027780194601966277,0.014082613222096228,0.9859142501238184,1.5
8,0.59,0.14951080694649097,Influenza A (H3N2) - HA only,0.9239820817696247,0.9999991294674939,2.2682462418255334e-4,0.015193455841082516,0.029932138659320793,0.015190074962509882,0.9848065441589174,1.5
8,0.6,0.14440369973244888,Influenza A (H3N2) - HA only,0.9239820817696247,0.9999989337498345,2.2710157240579676e-4,0.01641350836204536,0.0322969105475249,0.016409859206616216,0.9835864916379546,1.5
8,0.61,0.13940414900236886,Influenza A (H3N2) - HA only,0.9239820817696247,0.99999869605615,2.2740710308533085e-4,0.017760169000269176,0.03490049844178268,0.017756224667240604,0.9822398309997308,1.5
8,0.62,0.13450818126629016,Influenza A (H3N2) - HA only,0.9239820817696247,0.999998408071817,2.277447952639955e-4,0.019249794686081918,0.03777247581051388,0.01924552506642284,0.9807502053139181,1.5
8,0.63,0.1297120309261595,Influenza A (H3N2) - HA only,0.9239820817696247,0.9999980600547858,2.281187198325263e-4,0.020901174946318317,0.040946517898333826,0.02089654632157934,0.9790988250536817,1.5
8,0.64,0.12501212630272315,Influenza A (H3N2) - HA only,0.9239820817696247,0.9999976406561909,2.2853350695617447e-4,0.022735925752498665,0.04446098741135406,0.022730900350292647,0.9772640742475014,1.5
8,0.65,0.12040507680327484,Influenza A (H3N2) - HA only,0.9239820817696247,0.9999971367372008,2.2899442142232385e-4,0.02477894933753737,0.04835959528252764,0.02477348484245031,0.9752210506624627,1.5
8,0.66,0.1158876611211453,Influenza A (H3N2) - HA only,0.9239820817696247,0.9999965331879731,2.295074463243285e-4,0.027058970679824327,0.05269214130990598,0.027053019700114797,0.9729410293201757,1.5
8,0.67,0.11145681636974225,Influenza A (H3N2) - HA only,0.9239820817696247,0.9999958127562114,2.3007937533692235e-4,0.02960916280616741,0.057515337489917724,0.029602672298880254,0.9703908371938326,1.5
8,0.6799999999999999,0.10710962806440108,Influenza A (H3N2) - HA only,0.9239820817696247,0.9999949558945033,2.3071791361184424e-4,0.032467874581128375,0.06289371365511845,0.032460785241477684,0.9675321254188716,1.5
8,0.69,0.10284332087450637,Influenza A (H3N2) - HA only,0.9239820817696247,0.9999939406372128,2.3143178700757439e-4,0.035679476163811716,0.06890060011219996,0.03567172178916765,0.9643205238361883,1.5
8,0.7,0.09865525007644932,Influenza A (H3N2) - HA only,0.9239820817696247,0.9999927425191039,2.322308589512989e-4,0.039295338718408256,0.07561917478443202,0.03928684556330565,0.9607046612815917,1.5
8,0.71,0.09454289364513643,Influenza A (H3N2) - HA only,0.9239820817696247,0.9999913345489012,2.3312625370031093e-4,0.04337496609920609,0.08314355218989818,0.043365652245903996,0.9566250339007939,1.5
8,0.72,0.09050384492809577,Influenza A (H3N2) - HA only,0.9239820817696247,0.9999896872514351,2.3413048412324056e-4,0.04798729685228589,0.09157987761038419,0.047977071632048306,0.9520127031477141,1.5
8,0.73,0.08653580585182973,Influenza A (H3N2) - HA only,0.9239820817696247,0.9999877687917761,2.35257581333026e-4,0.05321219463202958,0.10104737111766258,0.053200958146042414,0.9467878053679705,1.5
8,0.74,0.08263658061504456,Influenza A (H3N2) - HA only,0.9239820817696247,0.999985545193639,2.3652322259237746e-4,0.05914214351576867,0.11167924181002686,0.05912978632209313,0.9408578564842314,1.5
8,0.75,0.07880406982780357,Influenza A (H3N2) - HA only,0.9239820817696247,0.9999829806622457,2.3794485288808342e-4,0.0658841610007048,0.1236233619006705,0.06587056405556745,0.9341158389992952,1.5
8,0.76,0.07503626505959801,Influenza A (H3N2) - HA only,0.9239820817696247,0.999980038018865,2.3954179445928592e-4,0.07356193468634824,0.13704255281054564,0.0735469696550355,0.9264380653136518,1.5
8,0.77,0.07133124376284046,Influenza A (H3N2) - HA only,0.9239820817696247,0.999976679250355,2.413353374233207e-4,0.08231817740245834,0.15211429154422737,0.0823017074876752,0.9176818225975416,1.5
8,0.78,0.06768716454142513,Influenza A (H3N2) - HA only,0.9239820817696247,0.9999728661726378,2.4334880352272492e-4,0.09231717794045793,0.16902959707381685,0.09229905941452918,0.9076828220595421,1.5
8,0.79,0.06410226273680944,Influenza A (H3N2) - HA only,0.9239820817696247,0.9999685612023351,2.4560757404989975e-4,0.10374749799881129,0.18799080694232542,0.10372758267039671,0.8962525020011887,1.5
8,0.8,0.06057484630658951,Influenza A (H3N2) - HA only,0.9239820817696247,0.9999637282264409,2.4813907225951226e-4,0.11682472695305418,0.2092079103633573,0.11680286584815845,0.8831752730469458,1.5
8,0.81,0.05710329197279877,Influenza A (H3N2) - HA only,0.9239820817696247,0.9999583335564086,2.509726902557574e-4,0.13179414988082858,0.23289307585535401,0.1317701984695889,0.8682058501191714,1.5
8,0.8200000000000001,0.05368604161919024,Influenza A (H3N2) - HA only,0.9239820817696247,0.9999523469511238,2.541396505105764e-4,0.1489331045677547,0.2592530130037882,0.14890692991856871,0.8510668954322453,1.5
8,0.8300000000000001,0.05032159891858897,Influenza A (H3N2) - HA only,0.9239820817696247,0.9999457426937765,2.5767279308053226e-4,0.16855269151933425,0.2884788569149195,0.1685241818031556,0.8314473084806657,1.5
8,0.8400000000000001,0.04700852617304747,Influenza A (H3N2) - HA only,0.9239820817696247,0.9999385007113664,2.616062812645925e-4,0.1909983460400357,0.3207333794375259,0.19096742282853685,0.8090016539599643,1.5
8,0.8500000000000001,0.04374544135101994,Influenza A (H3N2) - HA only,0.9239820817696247,0.9999306077337271,2.6597522106874827e-4,0.21664856828730225,0.3561355295603373,0.216615202071128,0.7833514317126977,1.5
8,0.86,0.040531015307114594,Influenza A (H3N2) - HA only,0.9239820817696247,0.99992205850265,2.708151933620284e-4,0.24591081616474633,0.3947425926983445,0.2458750454352468,0.7540891838352537,1.5
8,0.87,0.0373639691711951,Influenza A (H3N2) - HA only,0.9239820817696247,0.9999128570631549,2.7616170200639445e-4,0.2792131710729318,0.436530620870918,0.2791751251227179,0.7207868289270682,1.5
8,0.88,0.03424307189470122,Influenza A (H3N2) - HA only,0.9239820817696247,0.9999030182012328,2.8204954630384194e-4,0.316989853916666,0.4813741776287258,0.31694977916335004,0.683010146083334,1.5
8,0.89,0.031167137943053577,Influenza A (H3N2) - HA only,0.9239820817696247,0.999892569141157,2.8851213157155e-4,0.3596579539778963,0.5290267768644292,0.35961624301895434,0.6403420460221037,1.5
8,0.9,0.02813502512391347,Influenza A (H3N2) - HA only,0.9239820817696247,0.9998815516906868,2.9558073709679e-4,0.40758177845497806,0.5791035437352896,0.4075390001032659,0.592418221545022,1.5
8,0.91,0.02514563254188755,Influenza A (H3N2) - HA only,0.9239820817696247,0.9998700251425253,3.0328376568167226e-4,0.46101996048384547,0.6310674233043599,0.4609768875500073,0.5389800395161546,1.5
8,0.9199999999999999,0.02219789867101719,Influenza A (H3N2) - HA only,0.9239820817696247,0.9998580704401847,3.1164600295052747e-4,0.5200487809167914,0.6842195232661773,0.5200064102708302,0.4799512190832086,1.5
8,0.9299999999999999,0.019290799537069667,Influenza A (H3N2) - HA only,0.9239820817696247,0.9998457964640698,3.206879170123411e-4,0.5844529382126543,0.7376927099828003,0.5844124943618667,0.4155470617873457,1.5
8,0.94,0.01642334700227208,Influenza A (H3N2) - HA only,0.9239820817696247,0.9998333499281375,3.3042502967206566e-4,0.65357207932014,0.7904451623619644,0.6535349879606177,0.34642792067985995,1.5
8,0.95,0.013594587145690928,Influenza A (H3N2) - HA only,0.9239820817696247,0.9998209315959683,3.408673887489444e-4,0.7260875739376004,0.8412468589928138,0.7260553850966055,0.27391242606239963,1.5
8,0.96,0.010803598732981244,Influenza A (H3N2) - HA only,0.9239820817696247,0.9998088240011904,3.520191673134221e-4,0.7997290076542743,0.8886460785621804,0.7997032383655676,0.20027099234572565,1.5
8,0.97,0.008049491769699922,Influenza A (H3N2) - HA only,0.9239820817696247,0.9997974412282896,3.638784099090353e-4,0.8708733441821523,0.9308927556231661,0.8708551970855947,0.12912665581784766,1.5
8,0.98,0.005331406132809247,Influenza A (H3N2) - HA only,0.9239820817696247,0.9997874239058868,3.764369385087507e-4,0.9340012266056733,0.9657753240262306,0.9339911220477914,0.06599877339432669,1.5
8,0.99,0.0026485102753974754,Influenza A (H3N2) - HA only,0.9239820817696247,0.999779835087026,3.8968042259535096e-4,0.9809638963521053,0.9902824953621446,0.9809607296413925,0.019036103647894653,1.5
9,0.5,0.2010956579606304,Influenza A (H3N2) - HA only,0.9239820817696247,0.9999999819215912,5.211421590911591e-5,0.008052565478043904,0.015976479308025496,0.00805214934841552,0.9919474345219561,1.5
9,0.51,0.1947986185334857,Influenza A (H3N2) - HA only,0.9239820817696247,0.9999999772432774,5.2143046233910084e-5,0.008602012293333176,0.017057297500536674,0.008601567810373448,0.9913979877066669,1.5
9,0.52,0.18865731155396073,Influenza A (H3N2) - HA only,0.9239820817696247,0.9999999713788725,5.2174333690202523e-5,0.009197849981263582,0.018228041169598315,0.00919737476413118,0.9908021500187364,1.5
9,0.53,0.18266499994017857,Influenza A (H3N2) - HA only,0.9239820817696247,0.9999999640369719,5.2208348298443674e-5,0.00984514701898813,0.01949833010456842,0.00984463843081389,0.9901548529810119,1.5
9,0.54,0.1768153582457923,Influenza A (H3N2) - HA only,0.9239820817696247,0.9999999548581205,5.2245395206318435e-5,0.01054963501101785,0.020879004139032167,0.010549090126689795,0.9894503649889822,1.5
9,0.55,0.17110244043428807,Influenza A (H3N2) - HA only,0.9239820817696247,0.9999999434002188,5.2285819758801644e-5,0.01131780742913698,0.022382296324315706,0.011317222998689749,0.988682192570863,1.5
9,0.56,0.16552065071011157,Influenza A (H3N2) - HA only,0.9239820817696247,0.999999929121265,5.233001332971554e-5,0.012157034412568763,0.02402203213313597,0.01215640681958758,0.9878429655874312,1.5
9,0.5700000000000001,0.16006471706779526,Influenza A (H3N2) - HA only,0.9239820817696247,0.9999999113591055,5.23784200208155e-5,0.013075696381834926,0.025813858556817934,0.013075021596222123,0.9869243036181651,1.5
9,0.58,0.15472966726304535,Influenza A (H3N2) - HA only,0.9239820817696247,0.9999998893078431,5.243154435452535e-5,0.01408333969770498,0.027775507445479474,0.014082613222096228,0.985916660302295,1.5
9,0.59,0.14951080694649097,Influenza A (H3N2) - HA only,0.9239820817696247,0.9999998619906687,5.2489960085888576e-5,0.01519085815344895,0.029927097944339492,0.015190074962509882,0.984809141846551,1.5
9,0.6,0.14440369973244888,Influenza A (H3N2) - HA only,0.9239820817696247,0.9999998282288528,5.2554320285946865e-5,0.016410704734826732,0.032291483379437935,0.016409859206616216,0.9835892952651732,1.5
9,0.61,0.13940414900236886,Influenza A (H3N2) - HA only,0.9239820817696247,0.9999997866068039,5.262536884442781e-5,0.01775713882868092,0.03489464840896124,0.017756224667240604,0.9822428611713191,1.5
9,0.62,0.13450818126629016,Influenza A (H3N2) - HA only,0.9239820817696247,0.9999997354332206,5.2703953562160955e-5,0.01924651491808896,0.03776616263138899,0.01924552506642284,0.9807534850819111,1.5
9,0.63,0.1297120309261595,Influenza A (H3N2) - HA only,0.9239820817696247,0.9999996726985596,5.2791040993094285e-5,0.020897619778922363,0.04093969705490673,0.02089654632157934,0.9791023802210777,1.5
9,0.64,0.12501212630272315,Influenza A (H3N2) - HA only,0.9239820817696247,0.9999995960293249,5.288773320555329e-5,0.022732066295705653,0.044453609778618744,0.022730900350292647,0.9772679337042943,1.5
9,0.65,0.12040507680327484,Influenza A (H3N2) - HA only,0.9239820817696247,0.9999995026399636,5.29952866178407e-5,0.024774753245289553,0.04835160676809873,0.02477348484245031,0.9752252467547105,1.5
9,0.66,0.1158876611211453,Influenza A (H3N2) - HA only,0.9239820817696247,0.9999993892835496,5.3115133045733565e-5,0.02705440174838513,0.0526834825245793,0.027053019700114797,0.9729455982516149,1.5
9,0.67,0.11145681636974225,Influenza A (H3N2) - HA only,0.9239820817696247,0.9999992522028486,5.324890306301899e-5,0.029604180542207113,0.057505943478367634,0.029602672298880254,0.9703958194577929,1.5
9,0.6799999999999999,0.10710962806440108,Influenza A (H3N2) - HA only,0.9239820817696247,0.9999990870838199,5.3398451727249e-5,0.032462433744250126,0.06288351372694867,0.032460785241477684,0.9675375662557498,1.5
9,0.69,0.10284332087450637,Influenza A (H3N2) - HA only,0.9239820817696247,0.9999988890140531,5.356588665395012e-5,0.0356735262916969,0.06888951782765988,0.03567172178916765,0.964326473708303,1.5
9,0.7,0.09865525007644932,Influenza A (H3N2) - HA only,0.9239820817696247,0.9999986524490837,5.3753598320382956e-5,0.03928882364741255,0.07560712816686407,0.03928684556330565,0.9607111763525874,1.5
9,0.71,0.09454289364513643,Influenza A (H3N2) - HA only,0.9239820817696247,0.999998371189914,5.396429235360323e-5,0.04336782349942001,0.08313045425893754,0.043365652245903996,0.95663217650058,1.5
9,0.72,0.09050384492809577,Influenza A (H3N2) - HA only,0.9239820817696247,0.9999980383753,5.420102340303323e-5,0.04797945780415772,0.09156563735649553,0.047977071632048306,0.9520205421958423,1.5
9,0.73,0.08653580585182973,Influenza A (H3N2) - HA only,0.9239820817696247,0.99999764649249,5.446722999835618e-5,0.05320358328206225,0.10103189506988734,0.053200958146042414,0.9467964167179378,1.5
9,0.74,0.08263658061504456,Influenza A (H3N2) - HA only,0.9239820817696247,0.9999971874099896,5.476676956495119e-5,0.059132676862013095,0.11166243638438393,0.05912978632209313,0.9408673231379869,1.5
9,0.75,0.07880406982780357,Influenza A (H3N2) - HA only,0.9239820817696247,0.9999966524355782,5.510395250618583e-5,0.06587374887527492,0.1236051367551679,0.06587056405556745,0.934126251124725,1.5
9,0.76,0.07503626505959801,Influenza A (H3N2) - HA only,0.9239820817696247,0.9999960324022542,5.5483573969561384e-5,0.07355048002245278,0.13702282547146266,0.0735469696550355,0.9264495199775472,1.5
9,0.77,0.07133124376284046,Influenza A (H3N2) - HA only,0.9239820817696247,0.9999953177839115,5.591094161261356e-5,0.08230557689787393,0.1520929936024431,0.0823017074876752,0.917694423102126,1.5
9,0.78,0.06768716454142513,Influenza A (H3N2) - HA only,0.9239820817696247,0.9999944988415834,5.639189736750261e-5,0.09230332325815833,0.16900668227190915,0.09229905941452918,0.9076966767418416,1.5
9,0.79,0.06410226273680944,Influenza A (H3N2) - HA only,0.9239820817696247,0.9999935657999011,5.693283093433088e-5,0.10373227767846398,0.18796626147182538,0.10372758267039671,0.8962677223215361,1.5
9,0.8,0.06057484630658951,Influenza A (H3N2) - HA only,0.9239820817696247,0.9999925090523084,5.7540682488643746e-5,0.11680802924353717,0.20918176565161606,0.11680286584815845,0.8831919707564628,1.5
9,0.81,0.05710329197279877,Influenza A (H3N2) - HA only,0.9239820817696247,0.9999913193925698,5.822293196622308e-5,0.13177586674208067,0.2328654240234086,0.1317701984695889,0.8682241332579194,1.5
9,0.8200000000000001,0.05368604161919024,Influenza A (H3N2) - HA only,0.9239820817696247,0.9999899882694125,5.898757225197837e-5,0.14891313712692542,0.259224024997487,0.14890692991856871,0.8510868628730746,1.5
9,0.8300000000000001,0.05032159891858897,Influenza A (H3N2) - HA only,0.9239820817696247,0.9999885080610502,5.984306378092885e-5,0.1685309572958858,0.2884488030277434,0.1685241818031556,0.8314690427041143,1.5
9,0.8400000000000001,0.04700852617304747,Influenza A (H3N2) - HA only,0.9239820817696247,0.9999868723669074,6.0798268398443156e-5,0.1909747882683993,0.32070265153552757,0.19096742282853685,0.8090252117316007,1.5
9,0.8500000000000001,0.04374544135101994,Influenza A (H3N2) - HA only,0.9239820817696247,0.9999850763156155,6.186236093552733e-5,0.21662316765038922,0.35610466377976935,0.216615202071128,0.7833768323496108,1.5
9,0.86,0.040531015307114594,Influenza A (H3N2) - HA only,0.9239820817696247,0.9999831168913992,6.304471778495468e-5,0.24588360518674135,0.39471229072881564,0.2458750454352468,0.7541163948132587,1.5
9,0.87,0.0373639691711951,Influenza A (H3N2) - HA only,0.9239820817696247,0.9999809932860775,6.435478284505525e-5,0.2791842512754786,0.43650176720674383,0.2791751251227179,0.7208157487245215,1.5
9,0.88,0.03424307189470122,Influenza A (H3N2) - HA only,0.9239820817696247,0.9999787072917121,6.580191246374767e-5,0.31695941557557894,0.48134784945115244,0.31694977916335004,0.6830405844244211,1.5
9,0.89,0.031167137943053577,Influenza A (H3N2) - HA only,0.9239820817696247,0.9999762637609803,6.739520242238228e-5,0.3596262978662344,0.529004242622298,0.35961624301895434,0.6403737021337657,1.5
9,0.9,0.02813502512391347,Influenza A (H3N2) - HA only,0.9239820817696247,0.9999736711811087,6.914330143570346e-5,0.40754933823575484,0.5790862461451088,0.4075390001032659,0.5924506617642451,1.5
9,0.91,0.02514563254188755,Influenza A (H3N2) - HA only,0.9239820817696247,0.9999709424372503,7.105421698727632e-5,0.4609873233003962,0.6310569424781947,0.4609768875500073,0.5390126766996037,1.5
9,0.9199999999999999,0.02219789867101719,Influenza A (H3N2) - HA only,0.9239820817696247,0.9999680958913366,7.313512047169013e-5,0.5200167020528347,0.684217515973558,0.5200064102708302,0.4799832979471653,1.5
9,0.9299999999999999,0.019290799537069667,Influenza A (H3N2) - HA only,0.9239820817696247,0.9999651569896709,7.53921593573681e-5,0.5844223432265455,0.7377008214380035,0.5844124943618667,0.4155776567734545,1.5
9,0.94,0.01642334700227208,Influenza A (H3N2) - HA only,0.9239820817696247,0.9999621607717356,7.783028445618179e-5,0.6535440434839198,0.7904649068745003,0.6535349879606177,0.3464559565160802,1.5
9,0.95,0.013594587145690928,Influenza A (H3N2) - HA only,0.9239820817696247,0.9999591559581982,8.045310011972617e-5,0.7260632637045077,0.8412794643630336,0.7260553850966055,0.2739367362954923,1.5
9,0.96,0.010803598732981244,Influenza A (H3N2) - HA only,0.9239820817696247,0.999956211916774,8.326274441883275e-5,0.7997095616635022,0.8886922845943527,0.7997032383655676,0.20029043833649784,1.5
9,0.97,0.008049491769699922,Influenza A (H3N2) - HA only,0.9239820817696247,0.9999534311506191,8.625980505816422e-5,0.8708596612161692,0.9309525466085875,0.8708551970855947,0.1291403387838308,1.5
9,0.98,0.005331406132809247,Influenza A (H3N2) - HA only,0.9239820817696247,0.999950973110211,8.944327502902194e-5,0.9339936139157076,0.9658475525919686,0.9339911220477914,0.06600638608429243,1.5
9,0.99,0.0026485102753974754,Influenza A (H3N2) - HA only,0.9239820817696247,0.9999491032786845,9.281054987919646e-5,0.9809615124970723,0.9903643071630555,0.9809607296413925,0.019038487502927692,1.5
10,0.5,0.2010956579606304,Influenza A (H3N2) - HA only,0.9239820817696247,0.9999999976156065,1.1277759150996047e-5,0.008052239409361832,0.015975837549701662,0.00805214934841552,0.9919477605906382,1.5
10,0.51,0.1947986185334857,Influenza A (H3N2) - HA only,0.9239820817696247,0.999999996944985,1.128400197969448e-5,0.008601664010636853,0.0170566127686302,0.008601567810373448,0.9913983359893631,1.5
10,0.52,0.18865731155396073,Influenza A (H3N2) - HA only,0.9239820817696247,0.999999996090124,1.129077770278819e-5,0.009197477620059777,0.018227309963996335,0.00919737476413118,0.9908025223799403,1.5
10,0.53,0.18266499994017857,Influenza A (H3N2) - HA only,0.9239820817696247,0.999999995002087,1.1298145100258061e-5,0.009844748514499317,0.019497548565760147,0.00984463843081389,0.9901552514855007,1.5
10,0.54,0.1768153582457923,Influenza A (H3N2) - HA only,0.9239820817696247,0.9999999936195935,1.1306170655145387e-5,0.01054920807303703,0.020878168006187695,0.010549090126689795,0.989450791926963,1.5
10,0.55,0.17110244043428807,Influenza A (H3N2) - HA only,0.9239820817696247,0.999999991866144,1.1314929679095975e-5,0.011317349513465627,0.022381400888415767,0.011317222998689749,0.9886826504865344,1.5
10,0.56,0.16552065071011157,Influenza A (H3N2) - HA only,0.9239820817696247,0.9999999896465744,1.1324507610654955e-5,0.012156542688582992,0.024021072184703767,0.01215640681958758,0.987843457311417,1.5
10,0.5700000000000001,0.16006471706779526,Influenza A (H3N2) - HA only,0.9239820817696247,0.9999999868429538,1.1335001510404119e-5,0.013075167695678024,0.025812828327829333,0.013075021596222123,0.9869248323043219,1.5
10,0.58,0.15472966726304535,Influenza A (H3N2) - HA only,0.9239820817696247,0.9999999833097121,1.1346521784472152e-5,0.01408277053055873,0.027774400545088902,0.014082613222096228,0.9859172294694413,1.5
10,0.59,0.14951080694649097,Influenza A (H3N2) - HA only,0.9239820817696247,0.999999978867962,1.1359194163174102e-5,0.015190244574294869,0.029925907288168543,0.015190074962509882,0.9848097554257051,1.5
10,0.6,0.14440369973244888,Influenza A (H3N2) - HA only,0.9239820817696247,0.9999999732988958,1.1373161975081203e-5,0.016410042347075916,0.03229020111235403,0.016409859206616216,0.9835899576529241,1.5
10,0.61,0.13940414900236886,Influenza A (H3N2) - HA only,0.9239820817696247,0.9999999663362235,1.1388588748495465e-5,0.01775642271003432,0.03489326582155023,0.017756224667240604,0.9822435772899657,1.5
10,0.62,0.13450818126629016,Influenza A (H3N2) - HA only,0.9239820817696247,0.9999999576576161,1.140566118629227e-5,0.01924573955299682,0.03776467007073263,0.01924552506642284,0.9807542604470032,1.5
10,0.63,0.1297120309261595,Influenza A (H3N2) - HA only,0.9239820817696247,0.9999999468751539,1.1424592550990376e-5,0.02089677898305444,0.040938083830858736,0.02089654632157934,0.9791032210169456,1.5
10,0.64,0.12501212630272315,Influenza A (H3N2) - HA only,0.9239820817696247,0.9999999335248569,1.1445626505235396e-5,0.022731153131938877,0.044451864067588,0.022730900350292647,0.9772688468680611,1.5
10,0.65,0.12040507680327484,Influenza A (H3N2) - HA only,0.9239820817696247,0.9999999170554086,1.146904144733174e-5,0.024773759930887027,0.04834971551746626,0.02477348484245031,0.975226240069113,1.5
10,0.66,0.1158876611211453,Influenza A (H3N2) - HA only,0.9239820817696247,0.9999998968162856,1.1495155383234312e-5,0.027053319553307916,0.052681431362385324,0.027053019700114797,0.9729466804466921,1.5
10,0.67,0.11145681636974225,Influenza A (H3N2) - HA only,0.9239820817696247,0.9999998720456029,1.1524331362089413e-5,0.029602999678902706,0.05750371663491185,0.029602672298880254,0.9703970003210973,1.5
10,0.6799999999999999,0.10710962806440108,Influenza A (H3N2) - HA only,0.9239820817696247,0.9999998418580887,1.1556983498417495e-5,0.03246114324984269,0.06288109397757442,0.032460785241477684,0.9675388567501573,1.5
10,0.69,0.10284332087450637,Influenza A (H3N2) - HA only,0.9239820817696247,0.9999998052337122,1.1593583589042389e-5,0.035672113904320894,0.06888688646938462,0.03567172178916765,0.9643278860956791,1.5
10,0.7,0.09865525007644932,Influenza A (H3N2) - HA only,0.9239820817696247,0.9999997610076047,1.1634668309223883e-5,0.039287275679550024,0.07560426504581932,0.03928684556330565,0.96071272432045,1.5
10,0.71,0.09454289364513643,Influenza A (H3N2) - HA only,0.9239820817696247,0.9999997078620316,1.1680846942363488e-5,0.043366124712606376,0.08312733787094292,0.043365652245903996,0.9566338752873936,1.5
10,0.72,0.09050384492809577,Influenza A (H3N2) - HA only,0.9239820817696247,0.9999996443212411,1.1732809569342528e-5,0.04797759129140868,0.09156224504962794,0.047977071632048306,0.9520224087085913,1.5
10,0.73,0.08653580585182973,Influenza A (H3N2) - HA only,0.9239820817696247,0.9999995687500839,1.1791335592037377e-5,0.0532015303669594,0.1010282033856699,0.053200958146042414,0.9467984696330406,1.5
10,0.74,0.08263658061504456,Influenza A (H3N2) - HA only,0.9239820817696247,0.9999994793573124,1.1857302416817816e-5,0.059130417026694186,0.11165842158313725,0.05912978632209313,0.9408695829733058,1.5
10,0.75,0.07880406982780357,Influenza A (H3N2) - HA only,0.9239820817696247,0.9999993742044077,1.1931694058775477e-5,0.0658712597337434,0.12360077558084161,0.06587056405556745,0.9341287402662566,1.5
10,0.76,0.07503626505959801,Influenza A (H3N2) - HA only,0.9239820817696247,0.9999992512207245,1.2015609359816715e-5,0.07354773736078417,0.1370180962212789,0.0735469696550355,0.9264522626392159,1.5
10,0.77,0.07133124376284046,Influenza A (H3N2) - HA only,0.9239820817696247,0.9999991082255407,1.2110269442144883e-5,0.08230255480917374,0.15208787757580597,0.0823017074876752,0.9176974451908263,1.5
10,0.78,0.06768716454142513,Influenza A (H3N2) - HA only,0.9239820817696247,0.999998942957436,1.2217023932947768e-5,0.09229999440759239,0.16900116567947285,0.09229905941452918,0.9077000055924076,1.5
10,0.79,0.06410226273680944,Influenza A (H3N2) - HA only,0.9239820817696247,0.9999987531111293,1.2337355437264108e-5,0.1037286137423264,0.18796033788667416,0.10372758267039671,0.8962713862576736,1.5
10,0.8,0.06057484630658951,Influenza A (H3N2) - HA only,0.9239820817696247,0.999998536381679,1.2472881658065482e-5,0.11680400157598943,0.20917543907648262,0.11680286584815845,0.8831959984240105,1.5
10,0.81,0.05710329197279877,Influenza A (H3N2) - HA only,0.9239820817696247,0.9999982905156893,1.26253545355004e-5,0.1317714473334863,0.23285871262591556,0.1317701984695889,0.8682285526665137,1.5
10,0.8200000000000001,0.05368604161919024,Influenza A (H3N2) - HA only,0.9239820817696247,0.9999980133689674,1.2796655741276197e-5,0.1489082999278493,0.2592169655238541,0.14890692991856871,0.8510917000721507,1.5
10,0.8300000000000001,0.05032159891858897,Influenza A (H3N2) - HA only,0.9239820817696247,0.9999977029700317,1.298878790845226e-5,0.16852567998947401,0.28844145583824704,0.1685241818031556,0.831474320010526,1.5
10,0.8400000000000001,0.04700852617304747,Influenza A (H3N2) - HA only,0.9239820817696247,0.9999973575889091,1.3203861024657648e-5,0.19096905457883193,0.32069510610713553,0.19096742282853685,0.809030945421168,1.5
10,0.8500000000000001,0.04374544135101994,Influenza A (H3N2) - HA only,0.9239820817696247,0.9999969758110429,1.3444073557855596e-5,0.21661697027297303,0.35609704439038986,0.216615202071128,0.783383029727027,1.5
10,0.86,0.040531015307114594,Influenza A (H3N2) - HA only,0.9239820817696247,0.9999965566167233,1.3711688052864268e-5,0.245876949410829,0.3947047618762281,0.2458750454352468,0.754123050589171,1.5
10,0.87,0.0373639691711951,Influenza A (H3N2) - HA only,0.9239820817696247,0.999996099467607,1.400900119108428e-5,0.27917715933708864,0.43649453813380557,0.2791751251227179,0.7208228406629114,1.5
10,0.88,0.03424307189470122,Influenza A (H3N2) - HA only,0.9239820817696247,0.9999956044036162,1.433830858643681e-5,0.31695193171121194,0.48134117696669015,0.31694977916335004,0.6830480682887881,1.5
10,0.89,0.031167137943053577,Influenza A (H3N2) - HA only,0.9239820817696247,0.9999950721562596,1.4701864928245989e-5,0.35961849392693984,0.5289984312515891,0.35961624301895434,0.6403815060730602,1.5
10,0.9,0.02813502512391347,Influenza A (H3N2) - HA only,0.9239820817696247,0.9999945042887424,1.5101840425635338e-5,0.40754131953835643,0.5790816445450566,0.4075390001032659,0.5924586804616436,1.5
10,0.91,0.02514563254188755,Influenza A (H3N2) - HA only,0.9239820817696247,0.9999939033801565,1.554027483396947e-5,0.4609792341091769,0.6310539350315693,0.4609768875500073,0.539020765890823,1.5
10,0.9199999999999999,0.02219789867101719,Influenza A (H3N2) - HA only,0.9239820817696247,0.9999932732826888,1.60190306539576e-5,0.5200087296558045,0.6842165085293281,0.5200064102708302,0.47999127034419553,1.5
10,0.9299999999999999,0.019290799537069667,Influenza A (H3N2) - HA only,0.9239820817696247,0.9999926195009884,1.653974727178209e-5,0.5844147189348766,0.7377022202378261,0.5844124943618667,0.4155852810651234,1.5
10,0.94,0.01642334700227208,Influenza A (H3N2) - HA only,0.9239820817696247,0.9999919497797735,1.7103797972706225e-5,0.6535370379580671,0.7904690896711389,0.6535349879606177,0.34646296204193294,1.5
10,0.95,0.013594587145690928,Influenza A (H3N2) - HA only,0.9239820817696247,0.9999912750565481,1.7712251701662574e-5,0.7260571726828932,0.8412867423576756,0.7260553850966055,0.27394282731710684,1.5
10,0.96,0.010803598732981244,Influenza A (H3N2) - HA only,0.9239820817696247,0.9999906110801497,1.8365841317535825e-5,0.7997046762867013,0.8887028526852846,0.7997032383655676,0.20029532371329872,1.5
10,0.97,0.008049491769699922,Influenza A (H3N2) - HA only,0.9239820817696247,0.9999899813077051,1.906493982573032e-5,0.8708562144960761,0.9309664168106382,0.8708551970855947,0.1291437855039239,1.5
10,0.98,0.005331406132809247,Influenza A (H3N2) - HA only,0.9239820817696247,0.9999894224237971,1.9809545683813212e-5,0.9339916912208268,0.9658644598575564,0.9339911220477914,0.06600830877917319,1.5
10,0.99,0.0026485102753974754,Influenza A (H3N2) - HA only,0.9239820817696247,0.9999889957134827,2.0599277742561206e-5,0.9809609088469046,0.9903835647875143,0.9809607296413925,0.019039091153095433,1.5
11,0.5,0.2010956579606304,Influenza A (H3N2) - HA only,0.9239820817696247,0.9999999996932909,2.29430500675587e-6,0.008052167671337901,0.015975696356904167,0.00805214934841552,0.9919478323286621,1.5
11,0.51,0.1947986185334857,Influenza A (H3N2) - HA only,0.9239820817696247,0.9999999996003198,2.2955755002440625e-6,0.00860158738271535,0.01705646211604096,0.008601567810373448,0.9913984126172847,1.5
11,0.52,0.18865731155396073,Influenza A (H3N2) - HA only,0.9239820817696247,0.9999999994798948,2.2969545582229856e-6,0.0091973956910878,0.018227149079682127,0.00919737476413118,0.9908026043089122,1.5
11,0.53,0.18266499994017857,Influenza A (H3N2) - HA only,0.9239820817696247,0.9999999993241937,2.298454187199539e-6,0.00984466082896866,0.019497376598144198,0.00984463843081389,0.9901553391710314,1.5
11,0.54,0.1768153582457923,Influenza A (H3N2) - HA only,0.9239820817696247,0.9999999991232833,2.300087976636611e-6,0.010549114125467404,0.020877984014661368,0.010549090126689795,0.9894508858745326,1.5
11,0.55,0.17110244043428807,Influenza A (H3N2) - HA only,0.9239820817696247,0.9999999988645862,2.3018713312117356e-6,0.011317248742012594,0.02238120383281593,0.011317222998689749,0.9886827512579874,1.5
11,0.56,0.16552065071011157,Influenza A (H3N2) - HA only,0.9239820817696247,0.9999999985322398,2.303821741600487e-6,0.012156434467764363,0.02402086091354533,0.01215640681958758,0.9878435655322356,1.5
11,0.5700000000000001,0.16006471706779526,Influenza A (H3N2) - HA only,0.9239820817696247,0.9999999981063254,2.305959095116883e-6,0.013075051328100683,0.02581260156518564,0.013075021596222123,0.9869249486718993,1.5
11,0.58,0.15472966726304535,Influenza A (H3N2) - HA only,0.9239820817696247,0.9999999975619249,2.30830603664689e-6,0.014082645237516005,0.027774156876022263,0.014082613222096228,0.985917354762484,1.5
11,0.59,0.14951080694649097,Influenza A (H3N2) - HA only,0.9239820817696247,0.9999999968680247,2.310888382761611e-6,0.015190109485093304,0.02992564514263423,0.015190074962509882,0.9848098905149067,1.5
11,0.6,0.14440369973244888,Influenza A (H3N2) - HA only,0.9239820817696247,0.9999999959862091,2.3137355997793208e-6,0.01640989648694082,0.032289918747536034,0.016409859206616216,0.9835901035130592,1.5
11,0.61,0.13940414900236886,Influenza A (H3N2) - HA only,0.9239820817696247,0.9999999948691485,2.31688135132746e-6,0.0177562649864368,0.03489296130264345,0.017756224667240604,0.9822437350135632,1.5
11,0.62,0.13450818126629016,Influenza A (H3N2) - HA only,0.9239820817696247,0.9999999934588598,2.3203641281721588e-6,0.01924556874024311,0.037764341250270075,0.01924552506642284,0.9807544312597569,1.5
11,0.63,0.1297120309261595,Influenza A (H3N2) - HA only,0.9239820817696247,0.9999999916847315,2.3242279667545773e-6,0.020896593704984638,0.04093772832680561,0.02089654632157934,0.9791034062950154,1.5
11,0.64,0.12501212630272315,Influenza A (H3N2) - HA only,0.9239820817696247,0.9999999894613288,2.328523266870164e-6,0.022730951842598348,0.04445147924059789,0.022730900350292647,0.9772690481574017,1.5
11,0.65,0.12040507680327484,Influenza A (H3N2) - HA only,0.9239820817696247,0.9999999866859817,2.3333077185938578e-6,0.024773540893067235,0.048349298447936104,0.02477348484245031,0.9752264591069327,1.5
11,0.66,0.1158876611211453,Influenza A (H3N2) - HA only,0.9239820817696247,0.9999999832361925,2.3386473508857364e-6,0.0270530808149078,0.052680978828274355,0.027053019700114797,0.9729469191850922,1.5
11,0.67,0.11145681636974225,Influenza A (H3N2) - HA only,0.9239820817696247,0.9999999789669183,2.344617703986529e-6,0.02960273904714679,0.05750322509173014,0.029602672298880254,0.9703972609528532,1.5
11,0.6799999999999999,0.10710962806440108,Influenza A (H3N2) - HA only,0.9239820817696247,0.9999999737078074,2.3513051359280723e-6,0.03246085826351758,0.06288055954252798,0.032460785241477684,0.9675391417364825,1.5
11,0.69,0.10284332087450637,Influenza A (H3N2) - HA only,0.9239820817696247,0.9999999672604867,2.3588082673775546e-6,0.035671801804370476,0.06888630491241896,0.03567172178916765,0.9643281981956295,1.5
11,0.7,0.09865525007644932,Influenza A (H3N2) - HA only,0.9239820817696247,0.999999959396025,2.3672395629281695e-6,0.039286933378618334,0.07560363179126817,0.03928684556330565,0.9607130666213817,1.5
11,0.71,0.09454289364513643,Influenza A (H3N2) - HA only,0.9239820817696247,0.9999999498527381,2.3767270393992845e-6,0.043365748764454294,0.0831266480146986,0.043365652245903996,0.9566342512355457,1.5
11,0.72,0.09050384492809577,Influenza A (H3N2) - HA only,0.9239820817696247,0.9999999383345013,2.3874160927084276e-6,0.04797717786158159,0.09156149339823594,0.047977071632048306,0.9520228221384184,1.5
11,0.73,0.08653580585182973,Influenza A (H3N2) - HA only,0.9239820817696247,0.9999999245097729,2.399471415781562e-6,0.05320107520667333,0.10102738452552822,0.053200958146042414,0.9467989247933266,1.5
11,0.74,0.08263658061504456,Influenza A (H3N2) - HA only,0.9239820817696247,0.9999999080115329,2.41307897563825e-6,0.059129915452670635,0.11165752999004058,0.05912978632209313,0.9408700845473293,1.5
11,0.75,0.07880406982780357,Influenza A (H3N2) - HA only,0.9239820817696247,0.9999998884383292,2.428447999358596e-6,0.06587070661769079,0.12359980578239459,0.06587056405556745,0.9341292933823092,1.5
11,0.76,0.07503626505959801,Influenza A (H3N2) - HA only,0.9239820817696247,0.9999998653566419,2.445812906537448e-6,0.0735471271334322,0.13701704302707554,0.0735469696550355,0.9264528728665677,1.5
11,0.77,0.07133124376284046,Influenza A (H3N2) - HA only,0.9239820817696247,0.9999998383047077,2.4654351107322725e-6,0.08230188148524649,0.1520867363924956,0.0823017074876752,0.9176981185147535,1.5
11,0.78,0.06768716454142513,Influenza A (H3N2) - HA only,0.9239820817696247,0.9999998067979528,2.4876045862098906e-6,0.0922992516398807,0.1689999329295026,0.09229905941452918,0.9077007483601193,1.5
11,0.79,0.06410226273680944,Influenza A (H3N2) - HA only,0.9239820817696247,0.999999770336086,2.5126410942988286e-6,0.10372779491509321,0.18795901155002162,0.10372758267039671,0.8962722050849068,1.5
11,0.8,0.06057484630658951,Influenza A (H3N2) - HA only,0.9239820817696247,0.9999997284118903,2.5408949299032813e-6,0.11680309995028382,0.20917401937322455,0.11680286584815845,0.8831969000497162,1.5
11,0.81,0.05710329197279877,Influenza A (H3N2) - HA only,0.9239820817696247,0.9999996805216769,2.5727470583936096e-6,0.13177045625947104,0.2328572028529275,0.1317701984695889,0.868229543740529,1.5
11,0.8200000000000001,0.05368604161919024,Influenza A (H3N2) - HA only,0.9239820817696247,0.9999996261773129,2.6086084816689947e-6,0.14890721314178776,0.2592153730499907,0.14890692991856871,0.8510927868582122,1.5
11,0.8300000000000001,0.05032159891858897,Influenza A (H3N2) - HA only,0.9239820817696247,0.9999995649197438,2.6489187028300165e-6,0.1685244920152774,0.2884397932476103,0.1685241818031556,0.8314755079847226,1.5
11,0.8400000000000001,0.04700852617304747,Influenza A (H3N2) - HA only,0.9239820817696247,0.9999994963338886,2.6941431434668317e-6,0.19096776125552511,0.3206933924582695,0.19096742282853685,0.8090322387444748,1.5
11,0.8500000000000001,0.04374544135101994,Influenza A (H3N2) - HA only,0.9239820817696247,0.9999994200649025,2.744769412532655e-6,0.2166155694293154,0.356095306529796,0.216615202071128,0.7833844305706846,1.5
11,0.86,0.040531015307114594,Influenza A (H3N2) - HA only,0.9239820817696247,0.9999993358358752,2.8013023475326193e-6,0.24587544170540251,0.3947030357079505,0.2458750454352468,0.7541245582945975,1.5
11,0.87,0.0373639691711951,Influenza A (H3N2) - HA only,0.9239820817696247,0.9999992434673005,2.8642578120408047e-6,0.2791755492746436,0.43649286970515133,0.2791751251227179,0.7208244507253564,1.5
11,0.88,0.03424307189470122,Influenza A (H3N2) - HA only,0.9239820817696247,0.9999991428989902,2.9341552831851914e-6,0.31695022883128804,0.4813396231876418,0.31694977916335004,0.683049771168712,1.5
11,0.89,0.031167137943053577,Influenza A (H3N2) - HA only,0.9239820817696247,0.999999034215699,3.0115093442306673e-6,0.3596167141349582,0.5289970600282176,0.35961624301895434,0.6403832858650418,1.5
11,0.9,0.02813502512391347,Influenza A (H3N2) - HA only,0.9239820817696247,0.9999989176786603,3.0968202697767566e-6,0.40753948650708044,0.5790805340819929,0.4075390001032659,0.5924605134929195,1.5
11,0.91,0.02514563254188755,Influenza A (H3N2) - HA only,0.9239820817696247,0.9999987937666999,3.1905639623630577e-6,0.46097738061204985,0.6310531720502611,0.4609768875500073,0.5390226193879502,1.5
11,0.9199999999999999,0.02219789867101719,Influenza A (H3N2) - HA only,0.9239820817696247,0.9999986632331329,3.293181583652327e-6,0.5200068985925531,0.6842161851565575,0.5200064102708302,0.4799931014074469,1.5
11,0.9299999999999999,0.019290799537069667,Influenza A (H3N2) - HA only,0.9239820817696247,0.999998527188988,3.405069241790848e-6,0.5844129636592458,0.7377024293310638,0.5844124943618667,0.4155870363407542,1.5
11,0.94,0.01642334700227208,Influenza A (H3N2) - HA only,0.9239820817696247,0.9999983872311,3.5265681775920044e-6,0.6535354212974475,0.7904699183349803,0.6535349879606177,0.34646457870255254,1.5
11,0.95,0.013594587145690928,Influenza A (H3N2) - HA only,0.9239820817696247,0.999998245648874,3.657955852887085e-6,0.7260557637224733,0.8412882633147334,0.7260553850966055,0.27394423627752673,1.5
11,0.96,0.010803598732981244,Influenza A (H3N2) - HA only,0.9239820817696247,0.9999981057745891,3.79943833617169e-6,0.7997035435393989,0.8887051129007485,0.7997032383655676,0.20029645646060112,1.5
11,0.97,0.008049491769699922,Influenza A (H3N2) - HA only,0.9239820817696247,0.9999979726094094,3.951144342484447e-6,0.8708554134437901,0.9309694221596855,0.8708551970855947,0.12914458655620986,1.5
11,0.98,0.005331406132809247,Influenza A (H3N2) - HA only,0.9239820817696247,0.9999978540150676,4.1131211973022275e-6,0.9339912433253741,0.9658681533196131,0.9339911220477914,0.06600875667462591,1.5
11,0.99,0.0026485102753974754,Influenza A (H3N2) - HA only,0.9239820817696247,0.9999977631685825,4.285332831588384e-6,0.9809607679008829,0.9903877928503885,0.9809607296413925,0.019039232099117065,1.5
12,0.5,0.2010956579606304,Influenza A (H3N2) - HA only,0.9239820817696247,0.9999999999614674,4.4075009741906257e-7,0.008052152868517931,0.015975667222379742,0.00805214934841552,0.9919478471314821,1.5
12,0.51,0.1947986185334857,Influenza A (H3N2) - HA only,0.9239820817696247,0.9999999999489677,4.409942246930143e-7,0.008601571570553818,0.017056431028867138,0.008601567810373448,0.9913984284294461,1.5
12,0.52,0.18865731155396073,Influenza A (H3N2) - HA only,0.9239820817696247,0.9999999999325284,4.412592280456096e-7,0.009197378784617707,0.018227115880321665,0.00919737476413118,0.9908026212153823,1.5
12,0.53,0.18266499994017857,Influenza A (H3N2) - HA only,0.9239820817696247,0.9999999999109522,4.415474200714087e-7,0.009844642734029053,0.01949734111054421,0.00984463843081389,0.9901553572659709,1.5
12,0.54,0.1768153582457923,Influenza A (H3N2) - HA only,0.9239820817696247,0.9999999998827014,4.4186142056368283e-7,0.010549094737531621,0.020877946044291107,0.010549090126689795,0.9894509052624684,1.5
12,0.55,0.17110244043428807,Influenza A (H3N2) - HA only,0.9239820817696247,0.9999999998458003,4.422042003682236e-7,0.011317227944852792,0.022381163164463355,0.011317222998689749,0.9886827720551472,1.5
12,0.56,0.16552065071011157,Influenza A (H3N2) - HA only,0.9239820817696247,0.9999999997977246,4.425791352291597e-7,0.01215641213192931,0.02402081730884742,0.01215640681958758,0.9878435878680707,1.5
12,0.5700000000000001,0.16006471706779526,Influenza A (H3N2) - HA only,0.9239820817696247,0.9999999997352688,4.429900654079333e-7,0.01307502730918129,0.02581255475986822,0.013075021596222123,0.9869249726908187,1.5
12,0.58,0.15472966726304535,Influenza A (H3N2) - HA only,0.9239820817696247,0.9999999996543668,4.4344136806984125e-7,0.014082619374170026,0.027774106576825792,0.014082613222096228,0.98591738062583,1.5
12,0.59,0.14951080694649097,Influenza A (H3N2) - HA only,0.9239820817696247,0.999999999549901,4.4393803710907065e-7,0.015190081596798122,0.0299255910239061,0.015190074962509882,0.9848099184032019,1.5
12,0.6,0.14440369973244888,Influenza A (H3N2) - HA only,0.9239820817696247,0.9999999994154569,4.4448577907196807e-7,0.016409866371440852,0.03228986044747641,0.016409859206616216,0.9835901336285592,1.5
12,0.61,0.13940414900236886,Influenza A (H3N2) - HA only,0.9239820817696247,0.999999999243041,4.4509111940538304e-7,0.017756232416849933,0.03489289841920201,0.017756224667240604,0.98224376758315,1.5
12,0.62,0.13450818126629016,Influenza A (H3N2) - HA only,0.9239820817696247,0.999999999022752,4.4576152902209287e-7,0.019245533461789782,0.03776427333670754,0.01924552506642284,0.9807544665382102,1.5
12,0.63,0.1297120309261595,Influenza A (H3N2) - HA only,0.9239820817696247,0.999999998742398,4.465055666313944e-7,0.020896555431303553,0.040937654886958386,0.02089654632157934,0.9791034445686965,1.5
12,0.64,0.12501212630272315,Influenza A (H3N2) - HA only,0.9239820817696247,0.9999999983870718,4.47333041719844e-7,0.022730910251615617,0.04445139972391841,0.022730900350292647,0.9772690897483843,1.5
12,0.65,0.12040507680327484,Influenza A (H3N2) - HA only,0.9239820817696247,0.9999999979386737,4.482551991813466e-7,0.024773495622391596,0.04834921224443069,0.02477348484245031,0.9752265043776084,1.5
12,0.66,0.1158876611211453,Influenza A (H3N2) - HA only,0.9239820817696247,0.9999999973753884,4.4928493225793176e-7,0.02705303145673495,0.05268088526352655,0.027053019700114797,0.972946968543265,1.5
12,0.67,0.11145681636974225,Influenza A (H3N2) - HA only,0.9239820817696247,0.9999999966711258,4.5043701790703494e-7,0.02960268514267273,0.05750312342228862,0.029602672298880254,0.9703973148573273,1.5
12,0.6799999999999999,0.10710962806440108,Influenza A (H3N2) - HA only,0.9239820817696247,0.9999999957949449,4.5172838081253275e-7,0.03246079929688592,0.06288044895205784,0.032460785241477684,0.967539200703114,1.5
12,0.69,0.10284332087450637,Influenza A (H3N2) - HA only,0.9239820817696247,0.9999999947104701,4.5317838881508976e-7,0.03567173719621524,0.06888618450917142,0.03567172178916765,0.9643282628037848,1.5
12,0.7,0.09865525007644932,Influenza A (H3N2) - HA only,0.9239820817696247,0.9999999933753225,4.5480917731932635e-7,0.03928686247931511,0.07560350060762679,0.03928684556330565,0.9607131375206849,1.5
12,0.71,0.09454289364513643,Influenza A (H3N2) - HA only,0.9239820817696247,0.9999999917406074,4.5664599968020525e-7,0.04336567084726301,0.08312650500981333,0.043365652245903996,0.9566343291527369,1.5
12,0.72,0.09050384492809577,Influenza A (H3N2) - HA only,0.9239820817696247,0.9999999897504793,4.587176075654398e-7,0.04797709211595921,0.09156133746507171,0.047977071632048306,0.9520229078840408,1.5
12,0.73,0.08653580585182973,Influenza A (H3N2) - HA only,0.9239820817696247,0.9999999873418339,4.6105665107987193e-07,0.053200980732160286,0.1010272145040332,0.053200958146042414,0.9467990192678397,1.5
12,0.74,0.08263658061504456,Influenza A (H3N2) - HA only,0.9239820817696247,0.9999999844441667,4.637000965423965e-7,0.05912981125391758,0.11165734468858178,0.05912978632209313,0.9408701887460824,1.5
12,0.75,0.07880406982780357,Influenza A (H3N2) - HA only,0.9239820817696247,0.9999999809796332,4.6668965048013433e-7,0.06587059160140146,0.1235996040101027,0.06587056405556745,0.9341294083985985,1.5
12,0.76,0.07503626505959801,Influenza A (H3N2) - HA only,0.9239820817696247,0.9999999768633707,4.700721772943339e-7,0.07354700010825957,0.1370168236402634,0.0735469696550355,0.9264529998917405,1.5
12,0.77,0.07133124376284046,Influenza A (H3N2) - HA only,0.9239820817696247,0.9999999720040994,4.7390009916270515e-7,0.08230174116600303,0.15208649835881116,0.0823017074876752,0.917698258833997,1.5
12,0.78,0.06768716454142513,Influenza A (H3N2) - HA only,0.9239820817696247,0.999999966305056,4.78231751310787e-7,0.09229909665781387,0.16899967541387237,0.09229905941452918,0.9077009033421861,1.5
12,0.79,0.06410226273680944,Influenza A (H3N2) - HA only,0.9239820817696247,0.9999999596652623,4.831316785525175e-7,0.1037276238364365,0.18795873402660201,0.10372758267039671,0.8962723761635635,1.5
12,0.8,0.06057484630658951,Influenza A (H3N2) - HA only,0.9239820817696247,0.9999999519811537,4.886708373508242e-7,0.1168029113058185,0.20917372176733742,0.11680286584815845,0.8831970886941815,1.5
12,0.81,0.05710329197279877,Influenza A (H3N2) - HA only,0.9239820817696247,0.9999999431485691,4.949266853015999e-7,0.13177024858840464,0.23285688571607333,0.1317701984695889,0.8682297514115953,1.5
12,0.8200000000000001,0.05368604161919024,Influenza A (H3N2) - HA only,0.9239820817696247,0.999999933065083,5.019831134100983e-7,0.14890698505384137,0.2592150377692324,0.14890692991856871,0.8510930149461586,1.5
12,0.8300000000000001,0.05032159891858897,Influenza A (H3N2) - HA only,0.9239820817696247,0.999999921632686,5.099302052835597e-7,0.16852424227540652,0.2884394422875951,0.1685241818031556,0.8314757577245935,1.5
12,0.8400000000000001,0.04700852617304747,Influenza A (H3N2) - HA only,0.9239820817696247,0.9999999087607735,5.188637811626151e-7,0.19096748889607468,0.3206930296296354,0.19096742282853685,0.8090325111039254,1.5
12,0.8500000000000001,0.04374544135101994,Influenza A (H3N2) - HA only,0.9239820817696247,0.9999998943694669,5.288847114703898e-7,0.21661527389445454,0.3560949372715319,0.216615202071128,0.7833847261055454,1.5
12,0.86,0.040531015307114594,Influenza A (H3N2) - HA only,0.9239820817696247,0.9999998783932627,5.400979739000888e-7,0.24587512303213824,0.3947026673635187,0.2458750454352468,0.7541248769678618,1.5
12,0.87,0.0373639691711951,Influenza A (H3N2) - HA only,0.9239820817696247,0.99999986078509,5.526114540410632e-7,0.2791752083131761,0.43649251176326415,0.2791751251227179,0.7208247916868239,1.5
12,0.88,0.03424307189470122,Influenza A (H3N2) - HA only,0.9239820817696247,0.9999998415209002,5.665344869898448e-7,0.3169498675043672,0.4813392874493682,0.31694977916335004,0.6830501324956328,1.5
12,0.89,0.031167137943053577,Influenza A (H3N2) - HA only,0.9239820817696247,0.99999982060504,5.819761611514096e-7,0.3596163357303863,0.5289967606538334,0.35961624301895434,0.6403836642696137,1.5
12,0.9,0.02813502512391347,Influenza A (H3N2) - HA only,0.9239820817696247,0.9999997980768526,5.990434217562068e-7,0.4075390959883807,0.5790802874651023,0.4075390001032659,0.5924609040116193,1.5
12,0.91,0.02514563254188755,Influenza A (H3N2) - HA only,0.9239820817696247,0.9999997740192283,6.178390156152958e-7,0.460976984917888,0.6310529964642575,0.4609768875500073,0.539023015082112,1.5
12,0.9199999999999999,0.02219789867101719,Influenza A (H3N2) - HA only,0.9239820817696247,0.9999997485703628,6.384593577157816e-7,0.5200065068733914,0.6842161001193147,0.5200064102708302,0.47999349312660855,1.5
12,0.9299999999999999,0.019290799537069667,Influenza A (H3N2) - HA only,0.9239820817696247,0.9999997219408333,6.609923716149879e-7,0.5844125873666299,0.73770245463543,0.5844124943618667,0.41558741263337007,1.5
12,0.94,0.01642334700227208,Influenza A (H3N2) - HA only,0.9239820817696247,0.9999996944397495,6.855154170981592e-7,0.6535350739927669,0.7904700726891282,0.6535349879606177,0.3464649260072331,1.5
12,0.95,0.013594587145690928,Influenza A (H3N2) - HA only,0.9239820817696247,0.9999996665167943,7.120933724902301e-7,0.7260554604018081,0.841288562516167,0.7260553850966055,0.27394453959819187,1.5
12,0.96,0.010803598732981244,Influenza A (H3N2) - HA only,0.9239820817696247,0.9999996388332784,7.407769555545229e-7,0.7997032991707904,0.8887055674104407,0.7997032383655676,0.20029670082920958,1.5
12,0.97,0.008049491769699922,Influenza A (H3N2) - HA only,0.9239820817696247,0.9999996123889293,7.716013676883904e-7,0.870855240271629,0.9309700338110644,0.8708551970855947,0.12914475972837103,1.5
12,0.98,0.005331406132809247,Influenza A (H3N2) - HA only,0.9239820817696247,0.9999995887630636,8.045853260307823e-7,0.9339911462984014,0.9658689106150864,0.9339911220477914,0.06600885370159859,1.5
12,0.99,0.0026485102753974754,Influenza A (H3N2) - HA only,0.9239820817696247,0.9999995706111835,8.397304608331879e-7,0.9809607373052552,0.9903886636915538,0.9809607296413925,0.019039262694744763,1.5
13,0.5,0.2010956579606304,Influenza A (H3N2) - HA only,0.9239820817696247,0.999999999995266,8.026770892399782e-8,0.008052149989501016,0.01597566155597124,0.00805214934841552,0.991947850010499,1.5
13,0.51,0.1947986185334857,Influenza A (H3N2) - HA only,0.9239820817696247,0.9999999999936324,8.031217513249089e-8,0.00860156849518778,0.017056424982603735,0.008601567810373448,0.9913984315048122,1.5
13,0.52,0.18865731155396073,Influenza A (H3N2) - HA only,0.9239820817696247,0.9999999999914532,8.036044607528936e-8,0.00919737549636067,0.018227109423142013,0.00919737476413118,0.9908026245036393,1.5
13,0.53,0.18266499994017857,Influenza A (H3N2) - HA only,0.9239820817696247,0.999999999988551,8.041294308203106e-8,0.00984463921454534,0.019497334208163696,0.00984463843081389,0.9901553607854546,1.5
13,0.54,0.1768153582457923,Influenza A (H3N2) - HA only,0.9239820817696247,0.9999999999846988,8.047014476986192e-8,0.010549090966461984,0.02087793865881653,0.010549090126689795,0.989450909033538,1.5
13,0.55,0.17110244043428807,Influenza A (H3N2) - HA only,0.9239820817696247,0.9999999999795984,8.053259370477406e-8,0.011317223899552298,0.022381155253959728,0.011317222998689749,0.9886827761004477,1.5
13,0.56,0.16552065071011157,Influenza A (H3N2) - HA only,0.9239820817696247,0.9999999999728636,8.060090705974687e-8,0.012156407787168151,0.02402080882685156,0.01215640681958758,0.9878435922128318,1.5
13,0.5700000000000001,0.16006471706779526,Influenza A (H3N2) - HA only,0.9239820817696247,0.9999999999640031,8.067578649573193e-8,0.013075022636803333,0.025812545654843914,0.013075021596222123,0.9869249773631966,1.5
13,0.58,0.15472966726304535,Influenza A (H3N2) - HA only,0.9239820817696247,0.9999999999523798,8.075803314966379e-8,0.014082614342703352,0.02777409679155568,0.014082613222096228,0.9859173856572967,1.5
13,0.59,0.14951080694649097,Influenza A (H3N2) - HA only,0.9239820817696247,0.9999999999371868,8.084856106815863e-8,0.015190076171011181,0.029925580494815824,0.015190074962509882,0.9848099238289888,1.5
13,0.6,0.14440369973244888,Influenza A (H3N2) - HA only,0.9239820817696247,0.999999999917401,8.094841630335026e-8,0.01640986051183717,0.032289849103887505,0.016409859206616216,0.9835901394881629,1.5
13,0.61,0.13940414900236886,Influenza A (H3N2) - HA only,0.9239820817696247,0.9999999998917337,8.10587953425923e-8,0.01775622607909414,0.03489288618251242,0.017756224667240604,0.9822437739209059,1.5
13,0.62,0.13450818126629016,Influenza A (H3N2) - HA only,0.9239820817696247,0.9999999998585737,8.11810698664317e-8,0.01924552659605716,0.03776426011950126,0.01924552506642284,0.9807544734039428,1.5
13,0.63,0.1297120309261595,Influenza A (H3N2) - HA only,0.9239820817696247,0.9999999998159134,8.131681306089433e-8,0.020896547981545385,0.04093764059205023,0.02089654632157934,0.9791034520184546,1.5
13,0.64,0.12501212630272315,Influenza A (H3N2) - HA only,0.9239820817696247,0.9999999997612765,8.146783037066285e-8,0.02273090215473294,0.044451384243346714,0.022730900350292647,0.977269097845267,1.5
13,0.65,0.12040507680327484,Influenza A (H3N2) - HA only,0.9239820817696247,0.9999999996916283,8.16361929167897e-8,0.024773486807311063,0.048349195458419515,0.02477348484245031,0.9752265131926889,1.5
13,0.66,0.1158876611211453,Influenza A (H3N2) - HA only,0.9239820817696247,0.9999999996032768,8.182428046232815e-8,0.027053021843382243,0.05268086703945248,0.027053019700114797,0.9729469781566178,1.5
13,0.67,0.11145681636974225,Influenza A (H3N2) - HA only,0.9239820817696247,0.9999999994917645,8.203482426694109e-8,0.029602674640842104,0.057503103613703935,0.029602672298880254,0.9703973253591579,1.5
13,0.6799999999999999,0.10710962806440108,Influenza A (H3N2) - HA only,0.9239820817696247,0.999999999351759,8.22709570469371e-8,0.03246078780500928,0.06288042739784565,0.032460785241477684,0.9675392121949907,1.5
13,0.69,0.10284332087450637,Influenza A (H3N2) - HA only,0.9239820817696247,0.999999999176938,8.253627026277854e-8,0.03567172460004097,0.06888616103293839,0.03567172178916765,0.964328275399959,1.5
13,0.7,0.09865525007644932,Influenza A (H3N2) - HA only,0.9239820817696247,0.9999999989598717,8.283487717974936e-8,0.03928684865051695,0.07560347501747963,0.03928684556330565,0.9607131513494831,1.5
13,0.71,0.09454289364513643,Influenza A (H3N2) - HA only,0.9239820817696247,0.9999999986919155,8.3171478926225e-8,0.04336565564201312,0.08312647709871425,0.043365652245903996,0.9566343443579869,1.5
13,0.72,0.09050384492809577,Influenza A (H3N2) - HA only,0.9239820817696247,0.9999999983631136,8.355143976679358e-8,0.04797707537351813,0.0915613070120316,0.047977071632048306,0.9520229246264819,1.5
13,0.73,0.08653580585182973,Influenza A (H3N2) - HA only,0.9239820817696247,0.9999999979621224,8.398086481786748e-8,0.053200962273561504,0.10102718127647588,0.053200958146042414,0.9467990377264385,1.5
13,0.74,0.08263658061504456,Influenza A (H3N2) - HA only,0.9239820817696247,0.9999999974761654,8.44666824262319e-8,0.059129790880857215,0.1116573084463022,0.05912978632209313,0.9408702091191428,1.5
13,0.75,0.07880406982780357,Influenza A (H3N2) - HA only,0.9239820817696247,0.9999999968910167,8.501672910110614e-8,0.06587056909548518,0.12359956451134209,0.06587056405556745,0.9341294309045148,1.5
13,0.76,0.07503626505959801,Influenza A (H3N2) - HA only,0.9239820817696247,0.99999999619104,8.563983211473669e-8,0.07354697523081259,0.1370167806505313,0.0735469696550355,0.9264530247691874,1.5
13,0.77,0.07133124376284046,Influenza A (H3N2) - HA only,0.9239820817696247,0.9999999953592692,8.634589410139171e-8,0.08230171365871439,0.1520864516631873,0.0823017074876752,0.9176982863412856,1.5
13,0.78,0.06768716454142513,Influenza A (H3N2) - HA only,0.9239820817696247,0.9999999943775636,8.714596444470146e-8,0.0922990662445663,0.168999624833607,0.09229905941452918,0.9077009337554337,1.5
13,0.79,0.06410226273680944,Influenza A (H3N2) - HA only,0.9239820817696247,0.999999993226816,8.805230655717367e-8,0.10372759022676867,0.18795867944087613,0.10372758267039671,0.8962724097732313,1.5
13,0.8,0.06057484630658951,Influenza A (H3N2) - HA only,0.9239820817696247,0.9999999918872363,8.907844262218134e-8,0.11680287420057506,0.20917366314100602,0.11680286584815845,0.8831971257994249,1.5
13,0.81,0.05710329197279877,Influenza A (H3N2) - HA only,0.9239820817696247,0.9999999903387089,9.023918445816292e-8,0.13177020768824962,0.2328568231340556,0.1317701984695889,0.8682297923117503,1.5
13,0.8200000000000001,0.05368604161919024,Influenza A (H3N2) - HA only,0.9239820817696247,0.9999999885612131,9.155062774546252e-8,0.14890694007143604,0.2592149714778728,0.14890692991856871,0.851093059928564,1.5
13,0.8300000000000001,0.05032159891858897,Influenza A (H3N2) - HA only,0.9239820817696247,0.9999999865353256,9.303012138417444e-8,0.16852419295216783,0.2884393727427326,0.1685241818031556,0.8314758070478322,1.5
13,0.8400000000000001,0.04700852617304747,Influenza A (H3N2) - HA only,0.9239820817696247,0.999999984242777,9.469619055568756e-8,0.19096743502451888,0.3206929575502392,0.19096742282853685,0.8090325649754811,1.5
13,0.8500000000000001,0.04374544135101994,Influenza A (H3N2) - HA only,0.9239820817696247,0.9999999816670897,9.656842026029011e-8,0.21661521534715186,0.3560948636965429,0.216615202071128,0.7833847846528481,1.5
13,0.86,0.040531015307114594,Influenza A (H3N2) - HA only,0.9239820817696247,0.9999999787942776,9.86672845648684e-8,0.24587505979821012,0.3947025937079954,0.2458750454352468,0.7541249402017899,1.5
13,0.87,0.0373639691711951,Influenza A (H3N2) - HA only,0.9239820817696247,0.9999999756136382,1.0101393066452857e-7,0.2791751405429733,0.43649243986814307,0.2791751251227179,0.7208248594570267,1.5
13,0.88,0.03424307189470122,Influenza A (H3N2) - HA only,0.9239820817696247,0.9999999721186489,1.0362990787715631e-7,0.31694979556235464,0.4813392196172798,0.31694977916335004,0.6830502044376454,1.5
13,0.89,0.031167137943053577,Influenza A (H3N2) - HA only,0.9239820817696247,0.9999999683080193,1.0653685023065407e-7,0.35961626025516047,0.5289966996617059,0.35961624301895434,0.6403837397448395,1.5
13,0.9,0.02813502512391347,Influenza A (H3N2) - HA only,0.9239820817696247,0.9999999641869866,1.0975611886010483e-7,0.4075390179569014,0.5790802365430184,0.4075390001032659,0.5924609820430986,1.5
13,0.91,0.02514563254188755,Influenza A (H3N2) - HA only,0.9239820817696247,0.999999959768981,1.1330840554713006e-7,0.46097690570807315,0.6310529592294116,0.4609768875500073,0.5390230942919269,1.5
13,0.9199999999999999,0.02219789867101719,Influenza A (H3N2) - HA only,0.9239820817696247,0.9999999550779112,1.1721332637826265e-7,0.5200064283147061,0.684216080453938,0.5200064102708302,0.4799935716852939,1.5
13,0.9299999999999999,0.019290799537069667,Influenza A (H3N2) - HA only,0.9239820817696247,0.9999999501514558,1.214889928657925e-7,0.5844125117615085,0.7377024564977183,0.5844124943618667,0.41558748823849145,1.5
13,0.94,0.01642334700227208,Influenza A (H3N2) - HA only,0.9239820817696247,0.9999999450460924,1.26151606494318e-7,0.6535350040817012,0.7904700998453349,0.6535349879606177,0.3464649959182988,1.5
13,0.95,0.013594587145690928,Influenza A (H3N2) - HA only,0.9239820817696247,0.9999999398451456,1.3121507580482472e-7,0.7260553992304112,0.8412886181778113,0.7260553850966055,0.2739446007695888,1.5
13,0.96,0.010803598732981244,Influenza A (H3N2) - HA only,0.9239820817696247,0.9999999346723651,1.366906691169234e-7,0.7997032497963544,0.8887056537489081,0.7997032383655676,0.20029675020364557,1.5
13,0.97,0.008049491769699922,Influenza A (H3N2) - HA only,0.9239820817696247,0.999999929716118,1.4258673153300094e-7,0.8708552052172385,0.9309701512951996,0.8708551970855947,0.12914479478276153,1.5
13,0.98,0.005331406132809247,Influenza A (H3N2) - HA only,0.9239820817696247,0.9999999252753735,1.4890848254456301e-7,0.9339911266213532,0.9658690570602385,0.9339911220477914,0.0660088733786468,1.5
13,0.99,0.0026485102753974754,Influenza A (H3N2) - HA only,0.9239820817696247,0.9999999218543563,1.5565783917370624e-7,0.9809607310890708,0.9903888327854411,0.9809607296413925,0.01903926891092922,1.5
14,0.5,0.2010956579606304,Influenza A (H3N2) - HA only,0.9239820817696247,0.9999999999994303,1.3905379181444744e-8,0.008052149459477582,0.0159756605127922,0.00805214934841552,0.9919478505405224,1.5
14,0.51,0.1947986185334857,Influenza A (H3N2) - HA only,0.9239820817696247,0.9999999999992223,1.391308313003492e-8,0.008601567929011764,0.017056423869484024,0.008601567810373448,0.9913984320709882,1.5
14,0.52,0.18865731155396073,Influenza A (H3N2) - HA only,0.9239820817696247,0.9999999999989414,1.3921446773146329e-8,0.009197374890984664,0.018227108234359194,0.00919737476413118,0.9908026251090153,1.5
14,0.53,0.18266499994017857,Influenza A (H3N2) - HA only,0.9239820817696247,0.9999999999985615,1.3930542608342478e-8,0.009844638566590925,0.019497332937400372,0.00984463843081389,0.9901553614334091,1.5
14,0.54,0.1768153582457923,Influenza A (H3N2) - HA only,0.9239820817696247,0.9999999999980513,1.3940454124394819e-8,0.010549090272177234,0.020877937299089093,0.010549090126689795,0.9894509097278228,1.5
14,0.55,0.17110244043428807,Influenza A (H3N2) - HA only,0.9239820817696247,0.9999999999973673,1.3951275357193538e-8,0.011317223154763124,0.022381153797537773,0.011317222998689749,0.9886827768452369,1.5
14,0.56,0.16552065071011157,Influenza A (H3N2) - HA only,0.9239820817696247,0.9999999999964512,1.396311388734972e-8,0.012156406987222817,0.02402080726516758,0.01215640681958758,0.9878435930127771,1.5
14,0.5700000000000001,0.16006471706779526,Influenza A (H3N2) - HA only,0.9239820817696247,0.9999999999952336,1.397609106223996e-8,0.013075021776509014,0.025812543978391847,0.013075021596222123,0.986924978223491,1.5
14,0.58,0.15472966726304535,Influenza A (H3N2) - HA only,0.9239820817696247,0.999999999993616,1.3990346547920751e-8,0.014082613416253663,0.027774094989777478,0.014082613222096228,0.9859173865837464,1.5
14,0.59,0.14951080694649097,Influenza A (H3N2) - HA only,0.9239820817696247,0.9999999999914772,1.4006038995262315e-8,0.01519007517190344,0.02992557855597504,0.015190074962509882,0.9848099248280966,1.5
14,0.6,0.14440369973244888,Influenza A (H3N2) - HA only,0.9239820817696247,0.9999999999886605,1.40233509249299e-8,0.016409859432778152,0.032289847014929395,0.016409859206616216,0.9835901405672218,1.5
14,0.61,0.13940414900236886,Influenza A (H3N2) - HA only,0.9239820817696247,0.9999999999849671,1.4042490392718321e-8,0.017756224911892667,0.03489288392890974,0.017756224667240604,0.9822437750881073,1.5
14,0.62,0.13450818126629016,Influenza A (H3N2) - HA only,0.9239820817696247,0.999999999980147,1.4063696651689384e-8,0.019245525331502287,0.037764257685086434,0.01924552506642284,0.9807544746684977,1.5
14,0.63,0.1297120309261595,Influenza A (H3N2) - HA only,0.9239820817696247,0.9999999999738826,1.4087244482041683e-8,0.020896546609268332,0.04093763795883418,0.02089654632157934,0.9791034533907317,1.5
14,0.64,0.12501212630272315,Influenza A (H3N2) - HA only,0.9239820817696247,0.9999999999657806,1.4113449409158818e-8,0.02273090066305157,0.044451381391326907,0.022730900350292647,0.9772690993369484,1.5
14,0.65,0.12040507680327484,Influenza A (H3N2) - HA only,0.9239820817696247,0.9999999999553559,1.4142672810635304e-8,0.024773485183055298,0.04834919236538067,0.02477348484245031,0.9752265148169447,1.5
14,0.66,0.1158876611211453,Influenza A (H3N2) - HA only,0.9239820817696247,0.9999999999420127,1.41753321303284e-8,0.027053020071699616,0.05268086368076634,0.027053019700114797,0.9729469799283004,1.5
14,0.67,0.11145681636974225,Influenza A (H3N2) - HA only,0.9239820817696247,0.9999999999250241,1.4211906429473231e-8,0.029602672704982735,0.0575030999621368,0.029602672298880254,0.9703973272950173,1.5
14,0.6799999999999999,0.10710962806440108,Influenza A (H3N2) - HA only,0.9239820817696247,0.9999999999035138,1.4252945490511593e-8,0.03246078568609077,0.06288042342338736,0.032460785241477684,0.9675392143139092,1.5
14,0.69,0.10284332087450637,Influenza A (H3N2) - HA only,0.9239820817696247,0.9999999998764368,1.4299080697277589e-8,0.035671722276794826,0.0688861567026725,0.03567172178916765,0.9643282777232052,1.5
14,0.7,0.09865525007644932,Influenza A (H3N2) - HA only,0.9239820817696247,0.9999999998425536,1.4351037136428602e-8,0.039286846099019876,0.07560347029552018,0.03928684556330565,0.9607131539009801,1.5
14,0.71,0.09454289364513643,Influenza A (H3N2) - HA only,0.9239820817696247,0.9999999998004114,1.4409643922519422e-8,0.04336565283540918,0.08312647194624559,0.043365652245903996,0.9566343471645908,1.5
14,0.72,0.09050384492809577,Influenza A (H3N2) - HA only,0.9239820817696247,0.9999999997483244,1.4475849741124591e-8,0.04797707228174135,0.09156130138749878,0.047977071632048306,0.9520229277182587,1.5
14,0.73,0.08653580585182973,Influenza A (H3N2) - HA only,0.9239820817696247,0.9999999996843568,1.45507361715147e-8,0.05320095886307284,0.10102717513598712,0.053200958146042414,0.9467990411369271,1.5
14,0.74,0.08263658061504456,Influenza A (H3N2) - HA only,0.9239820817696247,0.9999999996063146,1.4635532896711823e-8,0.059129787114416306,0.11165730174432148,0.05912978632209313,0.9408702128855837,1.5
14,0.75,0.07880406982780357,Influenza A (H3N2) - HA only,0.9239820817696247,0.999999999511734,1.4731634578879493e-8,0.06587056493198518,0.12359955720177125,0.06587056405556745,0.9341294350680148,1.5
14,0.76,0.07503626505959801,Influenza A (H3N2) - HA only,0.9239820817696247,0.9999999993978894,1.4840614404043606e-8,0.07354697062521601,0.1370167726882964,0.0735469696550355,0.926453029374784,1.5
14,0.77,0.07133124376284046,Influenza A (H3N2) - HA only,0.9239820817696247,0.999999999261798,1.496424328895074e-8,0.08230170856214157,0.1520864430064717,0.0823017074876752,0.9176982914378584,1.5
14,0.78,0.06768716454142513,Influenza A (H3N2) - HA only,0.9239820817696247,0.9999999991002483,1.51045006502315e-8,0.09229906060460226,0.16899961544688338,0.09229905941452918,0.9077009393953978,1.5
14,0.79,0.06410226273680944,Influenza A (H3N2) - HA only,0.9239820817696247,0.99999999890983,1.5263590502634372e-8,0.10372758398807366,0.18795866929890415,0.10372758267039671,0.8962724160119263,1.5
14,0.8,0.06057484630658951,Influenza A (H3N2) - HA only,0.9239820817696247,0.99999999868698,1.5443948342408476e-8,0.11680286730590446,0.20917365223395507,0.11680286584815845,0.8831971326940955,1.5
14,0.81,0.05710329197279877,Influenza A (H3N2) - HA only,0.9239820817696247,0.9999999984280449,1.5648252027489207e-8,0.13177020008001322,0.23285681147388537,0.1317701984695889,0.8682297999199868,1.5
14,0.8200000000000001,0.05368604161919024,Influenza A (H3N2) - HA only,0.9239820817696247,0.9999999981293496,1.5879418224784558e-8,0.14890693169395114,0.25921495910604325,0.14890692991856871,0.8510930683060489,1.5
14,0.8300000000000001,0.05032159891858897,Influenza A (H3N2) - HA only,0.9239820817696247,0.9999999977872904,1.614060241017512e-8,0.16852418375478467,0.28843935973920887,0.1685241818031556,0.8314758162452154,1.5
14,0.8400000000000001,0.04700852617304747,Influenza A (H3N2) - HA only,0.9239820817696247,0.9999999973984277,1.6435184879703968e-8,0.19096742496581443,0.32069294404359266,0.19096742282853685,0.8090325750341856,1.5
14,0.8500000000000001,0.04374544135101994,Influenza A (H3N2) - HA only,0.9239820817696247,0.9999999969596056,1.6766753763164388e-8,0.21661520440039594,0.356094849874727,0.216615202071128,0.7833847955996041,1.5
14,0.86,0.040531015307114594,Influenza A (H3N2) - HA only,0.9239820817696247,0.9999999964680745,1.7139073826832885e-8,0.2458750479582912,0.3947025798290812,0.2458750454352468,0.7541249520417088,1.5
14,0.87,0.0373639691711951,Influenza A (H3N2) - HA only,0.9239820817696247,0.9999999959216392,1.755605183451081e-8,0.27917512783491966,0.4364924262699668,0.2791751251227179,0.7208248721650803,1.5
14,0.88,0.03424307189470122,Influenza A (H3N2) - HA only,0.9239820817696247,0.9999999953188228,1.802168747566668e-8,0.3169497820514721,0.4813392067245937,0.31694977916335004,0.6830502179485278,1.5
14,0.89,0.031167137943053577,Influenza A (H3N2) - HA only,0.9239820817696247,0.9999999946590582,1.8540017632240335e-8,0.3596162460586013,0.5289966879890934,0.35961624301895434,0.6403837539413987,1.5
14,0.9,0.02813502512391347,Influenza A (H3N2) - HA only,0.9239820817696247,0.999999993942931,1.911505387308665e-8,0.407539003256129,0.5790802266915824,0.4075390001032659,0.592460996743871,1.5
14,0.91,0.02514563254188755,Influenza A (H3N2) - HA only,0.9239820817696247,0.9999999931724826,1.975070740289908e-8,0.4609768907611256,0.6310529518751047,0.4609768875500073,0.5390231092388744,1.5
14,0.9199999999999999,0.02219789867101719,Influenza A (H3N2) - HA only,0.9239820817696247,0.9999999923516316,2.0450721116560544e-8,0.5200064134662943,0.6842160763253818,0.5200064102708302,0.4799935865337057,1.5
14,0.9299999999999999,0.019290799537069667,Influenza A (H3N2) - HA only,0.9239820817696247,0.9999999914867708,2.1218583556859016e-8,0.5844124974476739,0.7377024563413632,0.5844124943618667,0.4155875025523261,1.5
14,0.94,0.01642334700227208,Influenza A (H3N2) - HA only,0.9239820817696247,0.9999999905876839,2.2057458082258563e-8,0.6535349908238197,0.7904701043756159,0.6535349879606177,0.3464650091761803,1.5
14,0.95,0.013594587145690928,Influenza A (H3N2) - HA only,0.9239820817696247,0.9999999896690015,2.2970112034670365e-8,0.7260553876105124,0.841288628009134,0.7260553850966055,0.27394461238948764,1.5
14,0.96,0.010803598732981244,Influenza A (H3N2) - HA only,0.9239820817696247,0.9999999887526573,2.3958846240290654e-8,0.7997032404016705,0.8887056693040561,0.7997032383655676,0.2002967595983295,1.5
14,0.97,0.008049491769699922,Influenza A (H3N2) - HA only,0.9239820817696247,0.9999999878722549,2.5025440719694814e-8,0.8708551985361527,0.9309701726796669,0.8708551970855947,0.12914480146384733,1.5
14,0.98,0.005331406132809247,Influenza A (H3N2) - HA only,0.9239820817696247,0.9999999870813663,2.6171123823637288e-8,0.9339911228648302,0.965869083881078,0.9339911220477914,0.06600887713516979,1.5
14,0.99,0.0026485102753974754,Influenza A (H3N2) - HA only,0.9239820817696247,0.9999999864706041,2.7396502177978732e-8,0.9809607299003856,0.9903888638696936,0.9809607296413925,0.01903927009961437,1.5
15,0.5,0.2010956579606304,Influenza A (H3N2) - HA only,0.9239820817696247,0.9999999999999325,2.2984438796669338e-9,0.008052149366773368,0.015975660330334037,0.00805214934841552,0.9919478506332267,1.5
15,0.51,0.1947986185334857,Influenza A (H3N2) - HA only,0.9239820817696247,0.9999999999999064,2.299717305476179e-9,0.008601567829983683,0.01705642367479168,0.008601567810373448,0.9913984321700163,1.5
15,0.52,0.18865731155396073,Influenza A (H3N2) - HA only,0.9239820817696247,0.9999999999998713,2.3011000882533494e-9,0.009197374785099433,0.01822710802643126,0.00919737476413118,0.9908026252149006,1.5
15,0.53,0.18266499994017857,Influenza A (H3N2) - HA only,0.9239820817696247,0.9999999999998225,2.3026036632955993e-9,0.009844638453257303,0.019497332715131235,0.00984463843081389,0.9901553615467427,1.5
15,0.54,0.1768153582457923,Influenza A (H3N2) - HA only,0.9239820817696247,0.999999999999757,2.304242130435341e-9,0.010549090150738493,0.020877937061256294,0.010549090126689795,0.9894509098492615,1.5
15,0.55,0.17110244043428807,Influenza A (H3N2) - HA only,0.9239820817696247,0.9999999999996683,2.3060310327949196e-9,0.011317223024488546,0.022381153542787965,0.011317222998689749,0.9886827769755114,1.5
15,0.56,0.16552065071011157,Influenza A (H3N2) - HA only,0.9239820817696247,0.9999999999995463,2.3079885780319387e-9,0.012156406847297909,0.0240208069920005,0.01215640681958758,0.9878435931527021,1.5
15,0.5700000000000001,0.16006471706779526,Influenza A (H3N2) - HA only,0.9239820817696247,0.9999999999993848,2.3101341950493293e-9,0.013075021626024304,0.025812543685142457,0.013075021596222123,0.9869249783739757,1.5
15,0.58,0.15472966726304535,Influenza A (H3N2) - HA only,0.9239820817696247,0.9999999999991664,2.3124914205752134e-9,0.01408261325419195,0.02777409467459593,0.014082613222096228,0.9859173867458081,1.5
15,0.59,0.14951080694649097,Influenza A (H3N2) - HA only,0.9239820817696247,0.9999999999988746,2.3150863448506698e-9,0.0151900749971252,0.029925578216804305,0.015190074962509882,0.9848099250028748,1.5
15,0.6,0.14440369973244888,Influenza A (H3N2) - HA only,0.9239820817696247,0.9999999999984858,2.317949610031178e-9,0.016409859244004805,0.03228984664948034,0.016409859206616216,0.9835901407559952,1.5
15,0.61,0.13940414900236886,Influenza A (H3N2) - HA only,0.9239820817696247,0.999999999997971,2.3211154109858967e-9,0.017756224707687646,0.03489288353463389,0.017756224667240604,0.9822437752923123,1.5
15,0.62,0.13450818126629016,Influenza A (H3N2) - HA only,0.9239820817696247,0.9999999999972936,2.3246234936991073e-9,0.019245525110249347,0.03776425725914593,0.01924552506642284,0.9807544748897506,1.5
15,0.63,0.1297120309261595,Influenza A (H3N2) - HA only,0.9239820817696247,0.9999999999964042,2.3285198214040292e-9,0.020896546369147024,0.04093763749806923,0.02089654632157934,0.9791034536308529,1.5
15,0.64,0.12501212630272315,Influenza A (H3N2) - HA only,0.9239820817696247,0.9999999999952429,2.3328571296943323e-9,0.022730900402009546,0.04445138089222142,0.022730900350292647,0.9772690995979905,1.5
15,0.65,0.12040507680327484,Influenza A (H3N2) - HA only,0.9239820817696247,0.9999999999937361,2.337694593457229e-9,0.024773484898777134,0.04834919182402617,0.02477348484245031,0.9752265151012228,1.5
15,0.66,0.1158876611211453,Influenza A (H3N2) - HA only,0.9239820817696247,0.9999999999917922,2.343102711854783e-9,0.027053019761571952,0.05268086309282535,0.027053019700114797,0.9729469802384281,1.5
15,0.67,0.11145681636974225,Influenza A (H3N2) - HA only,0.9239820817696247,0.999999999989297,2.3491616429893725e-9,0.029602672366055665,0.05750309932280729,0.029602672298880254,0.9703973276339444,1.5
15,0.6799999999999999,0.10710962806440108,Influenza A (H3N2) - HA only,0.9239820817696247,0.9999999999861124,2.3559627582159237e-9,0.03246078531503545,0.06288042272737072,0.032460785241477684,0.9675392146849645,1.5
15,0.69,0.10284332087450637,Influenza A (H3N2) - HA only,0.9239820817696247,0.9999999999820743,2.363611750766381e-9,0.035671721869857516,0.06888615594414772,0.03567172178916765,0.9643282781301424,1.5
15,0.7,0.09865525007644932,Influenza A (H3N2) - HA only,0.9239820817696247,0.999999999976985,2.3722304121065463e-9,0.039286845651973025,0.07560346946812965,0.03928684556330565,0.960713154348027,1.5
15,0.71,0.09454289364513643,Influenza A (H3N2) - HA only,0.9239820817696247,0.9999999999706114,2.381957742159102e-9,0.04336565234350053,0.08312647104309803,0.043365652245903996,0.9566343476564995,1.5
15,0.72,0.09050384492809577,Influenza A (H3N2) - HA only,0.9239820817696247,0.9999999999626813,2.3929533909949896e-9,0.0479770717396426,0.09156130040119803,0.047977071632048306,0.9520229282603574,1.5
15,0.73,0.08653580585182973,Influenza A (H3N2) - HA only,0.9239820817696247,0.9999999999528794,2.405399768257155e-9,0.05320095826483042,0.1010271740586971,0.053200958146042414,0.9467990417351696,1.5
15,0.74,0.08263658061504456,Influenza A (H3N2) - HA only,0.9239820817696247,0.9999999999408479,2.419504041561993e-9,0.059129786453407676,0.11165730056788199,0.05912978632209313,0.9408702135465923,1.5
15,0.75,0.07880406982780357,Influenza A (H3N2) - HA only,0.9239820817696247,0.9999999999261803,2.4355026884137487e-9,0.06587056420088568,0.12359955591788067,0.06587056405556745,0.9341294357991143,1.5
15,0.76,0.07503626505959801,Influenza A (H3N2) - HA only,0.9239820817696247,0.9999999999084257,2.4536613851822153e-9,0.07354696981598298,0.13701677128878356,0.0735469696550355,0.926453030184017,1.5
15,0.77,0.07133124376284046,Influenza A (H3N2) - HA only,0.9239820817696247,0.9999999998870847,2.4742817794631833e-9,0.0823017076660248,0.15208644148368042,0.0823017074876752,0.9176982923339752,1.5
15,0.78,0.06768716454142513,Influenza A (H3N2) - HA only,0.9239820817696247,0.9999999998616186,2.497700046788509e-9,0.09229905961219283,0.16899961379419878,0.09229905941452918,0.9077009403878071,1.5
15,0.79,0.06410226273680944,Influenza A (H3N2) - HA only,0.9239820817696247,0.9999999998314506,2.524292885830448e-9,0.10372758288940587,0.1879586675114494,0.10372758267039671,0.8962724171105941,1.5
15,0.8,0.06057484630658951,Influenza A (H3N2) - HA only,0.9239820817696247,0.9999999997959723,2.55447596408942e-9,0.11680286609063065,0.2091736503094888,0.11680286584815845,0.8831971339093694,1.5
15,0.81,0.05710329197279877,Influenza A (H3N2) - HA only,0.9239820817696247,0.9999999997545571,2.588709802076039e-9,0.13177019873767468,0.23285680941392464,0.1317701984695889,0.8682298012623253,1.5
15,0.8200000000000001,0.05368604161919024,Influenza A (H3N2) - HA only,0.9239820817696247,0.9999999997065665,2.627494999352109e-9,0.14890693021437293,0.25921495691722474,0.14890692991856871,0.851093069785627,1.5
15,0.8300000000000001,0.05032159891858897,Influenza A (H3N2) - HA only,0.9239820817696247,0.9999999996513712,2.671376231333511e-9,0.16852418212862777,0.28843935743488763,0.1685241818031556,0.8314758178713723,1.5
15,0.8400000000000001,0.04700852617304747,Influenza A (H3N2) - HA only,0.9239820817696247,0.9999999995883613,2.7209379194204075e-9,0.19096742318532103,0.32069294164564344,0.19096742282853685,0.809032576814679,1.5
15,0.8500000000000001,0.04374544135101994,Influenza A (H3N2) - HA only,0.9239820817696247,0.9999999995169707,2.7768034538411257e-9,0.21661520246036556,0.3560948474154761,0.216615202071128,0.7833847975396344,1.5
15,0.86,0.040531015307114594,Influenza A (H3N2) - HA only,0.9239820817696247,0.999999999436695,2.8396281992471017e-9,0.24587504585732387,0.39470257735324693,0.2458750454352468,0.7541249541426761,1.5
15,0.87,0.0373639691711951,Influenza A (H3N2) - HA only,0.9239820817696247,0.9999999993471199,2.910095608932295e-9,0.2791751255769518,0.43649242383642345,0.2791751251227179,0.7208248744230482,1.5
15,0.88,0.03424307189470122,Influenza A (H3N2) - HA only,0.9239820817696247,0.999999999247948,2.988908232026688e-9,0.316949779647613,0.48133920440771116,0.31694977916335004,0.6830502203523869,1.5
15,0.89,0.031167137943053577,Influenza A (H3N2) - HA only,0.9239820817696247,0.9999999991390313,3.076778054555973e-9,0.3596162435292385,0.5289966858793437,0.35961624301895434,0.6403837564707615,1.5
15,0.9,0.02813502512391347,Influenza A (H3N2) - HA only,0.9239820817696247,0.999999999020416,3.174417506635052e-9,0.4075390006332106,0.5790802248950556,0.4075390001032659,0.5924609993667894,1.5
15,0.91,0.02514563254188755,Influenza A (H3N2) - HA only,0.9239820817696247,0.9999999988923932,3.282523142189575e-9,0.46097688809042464,0.6310529505115503,0.4609768875500073,0.5390231119095754,1.5
15,0.9199999999999999,0.02219789867101719,Influenza A (H3N2) - HA only,0.9239820817696247,0.9999999987555744,3.4017700878408164e-9,0.520006410809303,0.68421607552438235,0.5200064102708302,0.479993589190697,1.5
15,0.9299999999999999,0.019290799537069667,Influenza A (H3N2) - HA only,0.9239820817696247,0.9999999986109914,3.532789616400578e-9,0.5844124948825367,0.7377024562362425,0.5844124943618667,0.41558750511746334,1.5
15,0.94,0.01642334700227208,Influenza A (H3N2) - HA only,0.9239820817696247,0.9999999984602576,3.6761613753100164e-9,0.653534988444361,0.7904701050946478,0.6535349879606177,0.346465011555639,1.5
15,0.95,0.013594587145690928,Influenza A (H3N2) - HA only,0.9239820817696247,0.9999999983058163,3.832401840320188e-9,0.7260553855218951,0.8412886296634571,0.7260553850966055,0.2739446144781049,1.5
15,0.96,0.010803598732981244,Influenza A (H3N2) - HA only,0.9239820817696247,0.9999999981513642,4.0019476621466765e-9,0.7997032387104808,0.8887056719713066,0.7997032383655676,0.20029676128951923,1.5
15,0.97,0.008049491769699922,Influenza A (H3N2) - HA only,0.9239820817696247,0.999999998002599,4.185146562640796e-9,0.8708551973316428,0.9309701763814074,0.8708551970855947,0.12914480266835715,1.5
15,0.98,0.005331406132809247,Influenza A (H3N2) - HA only,0.9239820817696247,0.9999999978686425,4.382261220570172e-9,0.9339911221865637,0.9658690885501415,0.9339911220477914,0.06600887781343634,1.5
15,0.99,0.0026485102753974754,Influenza A (H3N2) - HA only,0.9239820817696247,0.999999997764965,4.593423641452432e-9,0.9809607296854399,0.9903888692992956,0.9809607296413925,0.019039270314560097,1.5
0,0.5,0.039017204660087804,Mumps,0.5251365789612482,0.1676819567723579,0.99821506913565,0.446199190167675,0.24375908493200868,0.00850357234636408,0.553800809832325,1.5
0,0.51,0.037888268786278906,Mumps,0.5251365789612482,0.16101722381336508,0.9982489954240463,0.4570360212565949,0.23813699519404027,0.009070621862997275,0.5429639787434051,1.5
0,0.52,0.03678207587052038,Mumps,0.5251365789612482,0.15441744193827975,0.9982832778514247,0.4679966774186012,0.23221468638039744,0.009685128397999027,0.5320033225813988,1.5
0,0.53,0.03569774337399568,Mumps,0.5251365789612482,0.1478882697274332,0.9983179152183158,0.4790817711142281,0.22600944087511965,0.01035225319012948,0.5209182288857719,1.5
0,0.54,0.0346344388578702,Mumps,0.5251365789612482,0.14143563282463914,0.9983529053765062,0.49029171089485246,0.2195400249443054,0.011077829574863847,0.5097082891051475,1.5
0,0.55,0.033591376272233714,Mumps,0.5251365789612482,0.13506571750559446,0.9983882451393591,0.5016266824102219,0.2128266892730174,0.011868462608175569,0.4983733175897781,1.5
0,0.56,0.032567812581844734,Mumps,0.5251365789612482,0.12878496022168565,0.9984239301836487,0.5130866274681718,0.20589115385707074,0.012731644814239013,0.4869133725318282,1.5
0,0.5700000000000001,0.03156304469268237,Mumps,0.5251365789612482,0.12260003245358946,0.9984599549424198,0.5246712209810854,0.19875657501677507,0.013675890806178703,0.47532877901891457,1.5
0,0.58,0.03057640664773235,Mumps,0.5251365789612482,0.11651782018626762,0.9984963124884123,0.5363798456157197,0.19144749223822444,0.014710894002943642,0.4636201543842803,1.5
0,0.59,0.029607267064215806,Mumps,0.5251365789612482,0.1105453973150642,0.9985329944076492,0.5482115639435718,0.1839897525578077,0.01584770921677134,0.45178843605642816,1.5
0,0.6,0.028655026787771022,Mumps,0.5251365789612482,0.10468999231838963,0.998569990662865,0.5601650878674941,0.1764104103092124,0.017098965524630534,0.4398349121325059,1.5
0,0.61,0.027719116741933347,Mumps,0.5251365789612482,0.09895894759277922,0.998607289446581,0.5722387450769623,0.16873760027209267,0.01847911457381609,0.42776125492303774,1.5
0,0.62,0.02679899595374786,Mumps,0.5251365789612482,0.0933596709485071,0.9986448770238056,0.5844304422585197,0.16100038262104363,0.020004720316270264,0.4155695577414803,1.5
0,0.63,0.02589414973849784,Mumps,0.5251365789612482,0.08789957891486291,0.9986827375645688,0.5967376247597181,0.15322855859281184,0.021694797126621968,0.40326237524028186,1.5
0,0.64,0.025004088028426463,Mumps,0.5251365789612482,0.0825860317095689,0.9987208529668081,0.6091572323735582,0.14545245648498398,0.023571204340712186,0.39084276762644177,1.5
0,0.65,0.02412834383196929,Mumps,0.5251365789612482,0.07742625998996286,0.9987592026705077,0.6216856508760331,0.13770268847839268,0.025659106454798693,0.3783143491239669,1.5
0,0.66,0.023266471811473847,Mumps,0.5251365789612482,0.07242728382496749,0.9987977634644833,0.6343186589113357,0.13000987983481258,0.02798750954264356,0.36568134108866435,1.5
0,0.67,0.02241804696864758,Mumps,0.5251365789612482,0.06759582470262052,0.9988365092878047,0.6470513697772173,0.12240437324290158,0.030589885857435398,0.35294863022278267,1.5
0,0.6799999999999999,0.021582663428098742,Mumps,0.5251365789612482,0.06293821180878643,0.998875411028567,0.6598781676165143,0.1149159124325962,0.033504900048034574,0.3401218323834857,1.5
0,0.69,0.02075993331032641,Mumps,0.5251365789612482,0.058460284263255724,0.9989144363235827,0.6727926374692613,0.10757331059544292,0.036777251866428017,0.3272073625307387,1.5
0,0.7,0.0199494856863911,Mumps,0.5251365789612482,0.05416729145753682,0.9989535493635556,0.6857874885828577,0.10040411055922084,0.0404586515676477,0.31421251141714235,1.5
0,0.71,0.019150965607269168,Mumps,0.5251365789612482,0.05006379407583417,0.9989927107094263,0.6988544703143624,0.09343424497540506,0.04460894524000641,0.30114552968563757,1.5
0,0.72,0.018364033201585493,Mumps,0.5251365789612482,0.046153568762805804,0.99903187712682,0.7119842798889133,0.08668770587916018,0.04929740780840224,0.28801572011108667,1.5
0,0.73,0.017588362836034606,Mumps,0.5251365789612482,0.042439519691358,0.999071001446861,0.7251664612001903,0.08018623375985925,0.054604221072510464,0.27483353879980965,1.5
0,0.74,0.016823642333334936,Mumps,0.5251365789612482,0.03892360044287771,0.999110032462991,0.7383892937524932,0.07394903662590462,0.06062215236979756,0.2616107062475068,1.5
0,0.75,0.016069572243060555,Mumps,0.5251365789612482,0.03560674960676056,0.9991489148747612,0.7516396707475591,0.0679925493691562,0.06745844557836392,0.2483603292524409,1.5
0,0.76,0.015325865161117471,Mumps,0.5251365789612482,0.032488843309186916,0.9991875892907802,0.7649029652124779,0.062330242969496116,0.0752369292048434,0.23509703478752209,1.5
0,0.77,0.01459224509402912,Mumps,0.5251365789612482,0.029568667479240852,0.9992259923039519,0.7781628829458885,0.05697249171065328,0.08410033486733216,0.22183711705411147,1.5
0,0.78,0.013868446864537393,Mumps,0.5251365789612482,0.026843912056146682,0.9992640566526716,0.7914013009272446,0.05192650463728958,0.09421280170472549,0.2085986990727554,1.5
0,0.79,0.013154215555345548,Mumps,0.5251365789612482,0.02431118855655878,0.9993017114816138,0.8045980896861818,0.0471963250600255,0.10576251556488667,0.19540191031381815,1.5
0,0.8,0.012449305988104451,Mumps,0.5251365789612482,0.021966071496891476,0.9993388827149225,0.8177309179646768,0.04278289915210635,0.11896439278534535,0.18226908203532322,1.5
0,0.81,0.011753482234997718,Mumps,0.5251365789612482,0.01980316316228311,0.9993754935528382,0.8307750378212286,0.03868421176583769,0.13406266232485547,0.16922496217877137,1.5
0,0.8200000000000001,0.011066517160515928,Mumps,0.5251365789612482,0.01781618020422442,0.9994114650998978,0.8437030481215386,0.034895484743616034,0.1513331206952226,0.15629695187846138,1.5
0,0.8300000000000001,0.010388191991203893,Mumps,0.5251365789612482,0.01599805961402766,0.9994467171287088,0.8564846341319824,0.031409430430103094,0.17108472326457497,0.1435153658680176,1.5
0,0.8400000000000001,0.00971829591136626,Mumps,0.5251365789612482,0.014341080840577926,0.9994811689778978,0.8690862806767661,0.02821655101833295,0.1936600220121401,0.13091371932323392,1.5
0,0.8500000000000001,0.009056625682870098,Mumps,0.5251365789612482,0.012837000272715558,0.9995147405762592,0.8814709560349505,0.025305472959738902,0.21943374910506486,0.11852904396504949,1.5
0,0.86,0.008402985287347826,Mumps,0.5251365789612482,0.011477194052397208,0.9995473535775914,0.8935977634345973,0.022663305068573572,0.24880855848773287,0.10640223656540271,1.5
0,0.87,0.00775718558923346,Mumps,0.5251365789612482,0.010252805274657249,0.9995789325826056,0.9054215566449552,0.020276009240439437,0.2822065487396431,0.09457844335504484,1.5
0,0.88,0.007119044018198839,Mumps,0.5251365789612482,0.009154892106875359,0.9996094064161509,0.9168925157687277,0.01812877393549553,0.3200546666668959,0.08310748423127234,1.5
0,0.89,0.006488384269662579,Mumps,0.5251365789612482,0.00817457427162605,0.9996387094204938,0.9279556788897055,0.016206382802487568,0.36276138924251256,0.07204432111029446,1.5
0,0.9,0.0058650360221551,Mumps,0.5251365789612482,0.007303176767856631,0.9996667827192817,0.9385504247308956,0.01449357415670991,0.4106811453881736,0.06144957526910444,1.5
0,0.91,0.0052488346704134305,Mumps,0.5251365789612482,0.006532371826805952,0.9996935754028465,0.9486099009171979,0.012975391767717337,0.4640616957515124,0.05139009908280212,1.5
0,0.9199999999999999,0.004639621073171854,Mumps,0.5251365789612482,0.005854323277609318,0.9997190455843545,0.9580603918080236,0.011637534245172174,0.5229680437000502,0.041939608191976396,1.5
0,0.9299999999999999,0.004037241314682958,Mumps,0.5251365789612482,0.0052618425042784646,0.9997431612784403,0.9668206191595897,0.010466720733134373,0.5871742824236943,0.03317938084041028,1.5
0,0.94,0.0034415464790891375,Mumps,0.5251365789612482,0.004748573647181901,0.9997659010595803,0.974800968084548,0.009451107863539619,0.6560119345335313,0.02519903191545203,1.5
0,0.95,0.0028523924368194214,Mumps,0.5251365789612482,0.004309241204745674,0.999787254466412,0.9819026298872641,0.008580824051678,0.7281596105713688,0.018097370112735933,1.5
0,0.96,0.002269639642252058,Mumps,0.5251365789612482,0.003940023865712043,0.9998072221299587,0.9880166523535617,0.007848748404680209,0.8013539435717382,0.01198334764643827,1.5
0,0.97,0.001693152941940082,Mumps,0.5251365789612482,0.0036391840585993356,0.9998258156174401,0.9930228869502787,0.007251792087072517,0.8719954187987536,0.006977113049721262,1.5
0,0.98,0.0011228013927430816,Mumps,0.5251365789612482,0.003408235650891572,0.9998430569979253,0.9967888211263793,0.006793243738427909,0.9346144910199101,0.003211178873620657,1.5
0,0.99,5.584580892605828e-4,Mumps,0.5251365789612482,0.0032543254944611545,0.9998589781502996,0.9991682824856054,0.0064875209099723935,0.9811527319686761,8.317175143945921e-4,1.5
1,0.5,0.039017204660087804,Mumps,0.5251365789612482,0.3772350934607823,0.9931285347553803,0.3201162153834907,0.346336398589796,0.00850357234636408,0.6798837846165093,1.5
1,0.51,0.037888268786278906,Mumps,0.5251365789612482,0.36480766535568976,0.9932267153295303,0.3302137801582142,0.3466497875291395,0.009070621862997275,0.6697862198417859,1.5
1,0.52,0.03678207587052038,Mumps,0.5251365789612482,0.35234633103671326,0.99332701155515,0.34054092510471473,0.346343057878389,0.009685128397999027,0.6594590748952853,1.5
1,0.53,0.03569774337399568,Mumps,0.5251365789612482,0.3398636900621099,0.9934294558817277,0.35110242488920584,0.3453916570742629,0.01035225319012948,0.6488975751107942,1.5
1,0.54,0.0346344388578702,Mumps,0.5251365789612482,0.32737333152894077,0.9935340784453889,0.3619029746953452,0.3437732631932291,0.011077829574863847,0.6380970253046547,1.5
1,0.55,0.033591376272233714,Mumps,0.5251365789612482,0.31488985616090137,0.993640906670519,0.37294716631086505,0.341468329614562,0.011868462608175569,0.627052833689135,1.5
1,0.56,0.032567812581844734,Mumps,0.5251365789612482,0.30242888963059245,0.9937499648247965,0.3842394610376892,0.33846066573708283,0.012731644814239013,0.6157605389623109,1.5
1,0.5700000000000001,0.03156304469268237,Mumps,0.5251365789612482,0.29000708504980577,0.9938612735235609,0.3957841590694238,0.3347380453304736,0.013675890806178703,0.6042158409305762,1.5
1,0.58,0.03057640664773235,Mumps,0.5251365789612482,0.2776421123828246,0.9939748491793247,0.40758536493853975,0.33029283104707857,0.014710894002943642,0.5924146350614603,1.5
1,0.59,0.029607267064215806,Mumps,0.5251365789612482,0.2653526323986899,0.9940907033922259,0.419646948589376,0.32512260029603907,0.01584770921677134,0.580353051410624,1.5
1,0.6,0.028655026787771022,Mumps,0.5251365789612482,0.25315825269858355,0.994208842277303,0.4319725015813598,0.319230754220354,0.017098965524630534,0.5680274984186402,1.5
1,0.61,0.027719116741933347,Mumps,0.5251365789612482,0.241079463355644,0.9943292657247351,0.44456528786936583,0.3126270881082615,0.01847911457381609,0.5554347121306342,1.5
1,0.62,0.02679899595374786,Mumps,0.5251365789612482,0.22913754981172402,0.9944519665896417,0.4574281885436181,0.3053282984635391,0.020004720316270264,0.5425718114563819,1.5
1,0.63,0.02589414973849784,Mumps,0.5251365789612482,0.21735448091343276,0.994576929808759,0.4705636398397166,0.2973583994621903,0.021694797126621968,0.5294363601602834,1.5
1,0.64,0.025004088028426463,Mumps,0.5251365789612482,0.20575277036336892,0.994704131442351,0.48397356364882227,0.28874901998918695,0.023571204340712186,0.5160264363511777,1.5
1,0.65,0.02412834383196929,Mumps,0.5251365789612482,0.19435531043249954,0.9948335376411652,0.49765928966800255,0.2795395522550961,0.025659106454798693,0.5023407103319975,1.5
1,0.66,0.023266471811473847,Mumps,0.5251365789612482,0.18318517754120556,0.994965103540172,0.511621468229931,0.2697771245051195,0.02798750954264356,0.48837853177006896,1.5
1,0.67,0.02241804696864758,Mumps,0.5251365789612482,0.17226541027453074,0.9950987720833323,0.5258599727381703,0.2595163738633076,0.030589885857435398,0.4741400272618297,1.5
1,0.6799999999999999,0.021582663428098742,Mumps,0.5251365789612482,0.16161876154282956,0.9952344727868078,0.5403737905077406,0.24881900110465574,0.033504900048034574,0.4596262094922594,1.5
1,0.69,0.02075993331032641,Mumps,0.5251365789612482,0.15126742790649722,0.9953721204519398,0.5551609006686715,0.23775309715504583,0.036777251866428017,0.4448390993313285,1.5
1,0.7,0.0199494856863911,Mumps,0.5251365789612482,0.1412327605063232,0.9955116138440605,0.5702181376311608,0.22639224120526927,0.0404586515676477,0.4297818623688392,1.5
1,0.71,0.019150965607269168,Mumps,0.5251365789612482,0.13153496351173974,0.9956528343587856,0.5855410384321638,0.2148143820627427,0.04460894524000641,0.41445896156783624,1.5
1,0.72,0.018364033201585493,Mumps,0.5251365789612482,0.12219278742870646,0.9957956447038973,0.6011236720827954,0.20310052706607445,0.04929740780840224,0.3988763279172046,1.5
1,0.73,0.017588362836034606,Mumps,0.5251365789612482,0.11322322589106523,0.9959398876321686,0.6169584488103994,0.1913332756361516,0.054604221072510464,0.3830415511896006,1.5
1,0.74,0.016823642333334936,Mumps,0.5251365789612482,0.10464122557615686,0.9960853847683822,0.6330359068361867,0.17959524625205533,0.06062215236979756,0.3669640931638133,1.5
1,0.75,0.016069572243060555,Mumps,0.5251365789612482,0.09645941951938719,0.9962319355820795,0.649344474044348,0.16796745518488468,0.06745844557836392,0.35065552595565197,1.5
1,0.76,0.015325865161117471,Mumps,0.5251365789612482,0.0886878942455942,0.996379316565857,0.665870201578595,0.15652771163866636,0.0752369292048434,0.334129798421405,1.5
1,0.77,0.01459224509402912,Mumps,0.5251365789612482,0.08133400070658585,0.9965272806867624,0.6825964660415521,0.1453490962015541,0.08410033486733216,0.3174035339584479,1.5
1,0.78,0.013868446864537393,Mumps,0.5251365789612482,0.07440221797164151,0.9966755571848102,0.6995036365669023,0.1344985872237372,0.09421280170472549,0.3004963634330977,1.5
1,0.79,0.013154215555345548,Mumps,0.5251365789612482,0.06789407697050266,0.9968238517969805,0.7165687025770807,0.12403589288322765,0.10576251556488667,0.2834312974229193,1.5
1,0.8,0.012449305988104451,Mumps,0.5251365789612482,0.061808149403376124,0.9969718474862854,0.7337648575246561,0.11401253573434411,0.11896439278534535,0.26623514247534386,1.5
1,0.81,0.011753482234997718,Mumps,0.5251365789612482,0.056140104336451405,0.9971192057524909,0.75106103333507,0.1044712223674593,0.13406266232485547,0.24893896666492998,1.5
1,0.8200000000000001,0.011066517160515928,Mumps,0.5251365789612482,0.05088283217350796,0.9972655685928377,0.7684213796137009,0.09544551470601831,0.1513331206952226,0.23157862038629906,1.5
1,0.8300000000000001,0.010388191991203893,Mumps,0.5251365789612482,0.04602663285322425,0.9974105611666647,0.7858046809418794,0.08695980289332021,0.17108472326457497,0.21419531905812061,1.5
1,0.8400000000000001,0.00971829591136626,Mumps,0.5251365789612482,0.04155946250891709,0.997553795196599,0.8031637047524244,0.079029564169286,0.1936600220121401,0.19683629524757562,1.5
1,0.8500000000000001,0.009056625682870098,Mumps,0.5251365789612482,0.037467230685263,0.9976948731107665,0.8204444713340714,0.07166187895460026,0.21943374910506486,0.1795555286659286,1.5
1,0.86,0.008402985287347826,Mumps,0.5251365789612482,0.03373413876450329,0.9978333928957976,0.8375854364500811,0.06485616562298747,0.24880855848773287,0.1624145635499189,1.5
1,0.87,0.00775718558923346,Mumps,0.5251365789612482,0.030343049719894623,0.9979689535905197,0.854516575853978,0.05860508988823042,0.2822065487396431,0.145483424146022,1.5
1,0.88,0.007119044018198839,Mumps,0.5251365789612482,0.027275879882157128,0.9981011613072501,0.8711583596256454,0.05289560377508251,0.3200546666668959,0.12884164037435464,1.5
1,0.89,0.006488384269662579,Mumps,0.5251365789612482,0.02451400529424301,0.9982296356244974,0.887420602712521,0.04771007298574571,0.36276138924251256,0.11257939728747901,1.5
1,0.9,0.0058650360221551,Mumps,0.5251365789612482,0.02203867876365369,0.9983540161552148,0.9032011763197665,0.04302746033799159,0.4106811453881736,0.09679882368023351,1.5
1,0.91,0.0052488346704134305,Mumps,0.5251365789612482,0.019831459486958233,0.9984739690625039,0.9183845628214766,0.03882454747730697,0.4640616957515124,0.08161543717852338,1.5
1,0.9199999999999999,0.004639621073171854,Mumps,0.5251365789612482,0.017874666285296856,0.9985891932737069,0.9328402346318985,0.03507719901193697,0.5229680437000502,0.06715976536810153,1.5
1,0.9299999999999999,0.004037241314682958,Mumps,0.5251365789612482,0.01615188045090502,0.9986994261374595,0.9464208349446498,0.031761706804643734,0.5871742824236943,0.05357916505535021,1.5
1,0.94,0.0034415464790891375,Mumps,0.5251365789612482,0.01464855000645168,0.9988044482787027,0.9589601353781663,0.02885630686774619,0.6560119345335313,0.04103986462183373,1.5
1,0.95,0.0028523924368194214,Mumps,0.5251365789612482,0.013352794788248145,0.9989040874345653,0.9702707423111248,0.026343058339834642,0.7281596105713688,0.029729257688875244,1.5
1,0.96,0.002269639642252058,Mumps,0.5251365789612482,0.012256606212739638,0.9989982210983143,0.9801415199981941,0.024210462164497345,0.8013539435717382,0.0198584800018059,1.5
1,0.97,0.001693152941940082,Mumps,0.5251365789612482,0.011357837805176303,0.9990867778563263,0.9883346943640384,0.022457595299741954,0.8719954187987536,0.011665305635961576,1.5
1,0.98,0.0011228013927430816,Mumps,0.5251365789612482,0.010663853495443168,0.9991697373697939,0.9945825966123525,0.021101458449824428,0.9346144910199101,0.0054174033876475125,1.5
1,0.99,5.584580892605828e-4,Mumps,0.5251365789612482,0.010198911203605545,0.9992471290231247,0.9985840003776635,0.020191598077784288,0.9811527319686761,0.0014159996223365168,1.5
2,0.5,0.039017204660087804,Mumps,0.5251365789612482,0.5599033940675966,0.9834448196521945,0.22484289688013673,0.3208433159795944,0.00850357234636408,0.7751571031198633,1.5
2,0.51,0.037888268786278906,Mumps,0.5251365789612482,0.5451863477917576,0.9836210305750892,0.23353215955428913,0.32699504110474953,0.009070621862997275,0.7664678404457108,1.5
2,0.52,0.03678207587052038,Mumps,0.5251365789612482,0.530223007113241,0.9838028249913822,0.24250941954303548,0.3328036180383849,0.009685128397999027,0.7574905804569645,1.5
2,0.53,0.03569774337399568,Mumps,0.5251365789612482,0.5150260157076698,0.9839903627028882,0.2517843390297619,0.33822048475725236,0.01035225319012948,0.7482156609702382,1.5
2,0.54,0.0346344388578702,Mumps,0.5251365789612482,0.4996098915303702,0.9841838029038972,0.2613667687319843,0.3431942917429577,0.011077829574863847,0.7386332312680157,1.5
2,0.55,0.033591376272233714,Mumps,0.5251365789612482,0.483991135540411,0.9843833033218222,0.2712667313660675,0.3476711706055119,0.011868462608175569,0.7287332686339325,1.5
2,0.56,0.032567812581844734,Mumps,0.5251365789612482,0.468188331976118,0.9845890192229593,0.28149440125021136,0.35159511708312047,0.012731644814239013,0.7185055987497886,1.5
2,0.5700000000000001,0.03156304469268237,Mumps,0.5251365789612482,0.45222223647715365,0.9848011022679909,0.2920600794841767,0.35490850581190425,0.013675890806178703,0.7079399205158232,1.5
2,0.58,0.03057640664773235,Mumps,0.5251365789612482,0.4361158478303232,0.9850196992008072,0.30297416406811345,0.3575527535377,0.014710894002943642,0.6970258359318866,1.5
2,0.59,0.029607267064215806,Mumps,0.5251365789612482,0.41989445862422425,0.9852449503532908,0.3142471142367623,0.3594691454196004,0.01584770921677134,0.6857528857632377,1.5
2,0.6,0.028655026787771022,Mumps,0.5251365789612482,0.4035856796653819,0.9854769879480026,0.32588940818761913,0.36059983538643675,0.017098965524630534,0.6741105918123809,1.5
2,0.61,0.027719116741933347,Mumps,0.5251365789612482,0.387219432675729,0.9857159341803218,0.33791149327120645,0.3608890257941093,0.01847911457381609,0.6620885067287936,1.5
2,0.62,0.02679899595374786,Mumps,0.5251365789612482,0.37082790560709933,0.9859618990616558,0.3503237275861389,0.3602843235894872,0.020004720316270264,0.6496762724138612,1.5
2,0.63,0.02589414973849784,Mumps,0.5251365789612482,0.3544454649257063,0.9862149780060299,0.363136311779718,0.3587382596339433,0.021694797126621968,0.636863688220282,1.5
2,0.64,0.025004088028426463,Mumps,0.5251365789612482,0.3381085194965606,0.9864752491438625,0.3763592096935981,0.3562099448008235,0.023571204340712186,0.6236407903064018,1.5
2,0.65,0.02412834383196929,Mumps,0.5251365789612482,0.3218553312909451,0.9867427703492964,0.3900020563113294,0.35266682126045473,0.025659106454798693,0.6099979436886707,1.5
2,0.66,0.023266471811473847,Mumps,0.5251365789612482,0.3057257691013349,0.9870175759713271,0.4040740512572429,0.3480864507181891,0.02798750954264356,0.5959259487427571,1.5
2,0.67,0.02241804696864758,Mumps,0.5251365789612482,0.2897610028171411,0.9872996732644813,0.41858383586076586,0.34245826444770017,0.030589885857435398,0.5814161641392341,1.5
2,0.6799999999999999,0.021582663428098742,Mumps,0.5251365789612482,0.2740031376110841,0.987589038522256,0.4335393515331263,0.3357851844109944,0.033504900048034574,0.5664606484668737,1.5
2,0.69,0.02075993331032641,Mumps,0.5251365789612482,0.25849478960197253,0.9878856129262946,0.44894767689990916,0.32808501264103196,0.036777251866428017,0.5510523231000908,1.5
2,0.7,0.0199494856863911,Mumps,0.5251365789612482,0.24327860715051308,0.988189298136668,0.4648148407883862,0.31939147969532855,0.0404586515676477,0.5351851592116138,1.5
2,0.71,0.019150965607269168,Mumps,0.5251365789612482,0.22839674482431133,0.9884999516639434,0.48114560777680987,0.3097548446541162,0.04460894524000641,0.5188543922231901,1.5
2,0.72,0.018364033201585493,Mumps,0.5251365789612482,0.2138903001035485,0.9888173820821657,0.4979432325678475,0.29924195070937737,0.04929740780840224,0.5020567674321526,1.5
2,0.73,0.017588362836034606,Mumps,0.5251365789612482,0.19979872591333975,0.9891413441634915,0.5152091789420747,0.28793566289955924,0.054604221072510464,0.48479082105792526,1.5
2,0.74,0.016823642333334936,Mumps,0.5251365789612482,0.18615923484752434,0.9894715340398774,0.5329427984720879,0.2759336477552869,0.06062215236979756,0.4670572015279121,1.5
2,0.75,0.016069572243060555,Mumps,0.5251365789612482,0.17300621325457646,0.9898075845244434,0.5511409635226278,0.26334649675190197,0.06745844557836392,0.44885903647737224,1.5
2,0.76,0.015325865161117471,Mumps,0.5251365789612482,0.16037066494764632,0.9901490607541166,0.5697976483170983,0.25029524312728163,0.0752369292048434,0.43020235168290166,1.5
2,0.77,0.01459224509402912,Mumps,0.5251365789612482,0.1482797049604693,0.9904954563445836,0.5889034510021932,0.2369083700800949,0.08410033486733216,0.4110965489978068,1.5
2,0.78,0.013868446864537393,Mumps,0.5251365789612482,0.13675612333196957,0.990846190276632,0.6084450486762586,0.22331845209867146,0.09421280170472549,0.3915549513237414,1.5
2,0.79,0.013154215555345548,Mumps,0.5251365789612482,0.12581803727837731,0.9912006047572338,0.628404576246012,0.20965860472033418,0.10576251556488667,0.371595423753988,1.5
2,0.8,0.012449305988104451,Mumps,0.5251365789612482,0.11547864731681041,0.9915579643162937,0.6487589187220242,0.19605893690111792,0.11896439278534535,0.3512410812779758,1.5
2,0.81,0.011753482234997718,Mumps,0.5251365789612482,0.10574610906892265,0.9919174564074626,0.6694789051332389,0.18264320171459456,0.13406266232485547,0.33052109486676107,1.5
2,0.8200000000000001,0.011066517160515928,Mumps,0.5251365789612482,0.09662352784286829,0.992278193775201,0.6905283906098323,0.16952582497044222,0.1513331206952226,0.3094716093901677,1.5
2,0.8300000000000001,0.010388191991203893,Mumps,0.5251365789612482,0.08810907801500707,0.9926392188268325,0.7118632113236386,0.1568094596736125,0.17108472326457497,0.2881367886763614,1.5
2,0.8400000000000001,0.00971829591136626,Mumps,0.5251365789612482,0.08019624413748785,0.9929995102046553,0.733429994851903,0.14458317125553427,0.1936600220121401,0.26657000514809703,1.5
2,0.8500000000000001,0.009056625682870098,Mumps,0.5251365789612482,0.07287417605818897,0.9933579916873113,0.7551648061069739,0.13292130978976285,0.21943374910506486,0.2448351938930261,1.5
2,0.86,0.008402985287347826,Mumps,0.5251365789612482,0.06612814664846536,0.9937135434612214,0.7769916062065216,0.12188307700267781,0.24880855848773287,0.22300839379347837,1.5
2,0.87,0.00775718558923346,Mumps,0.5251365789612482,0.059940098483398194,0.9940650156937973,0.798820498497284,0.11151275342355173,0.2822065487396431,0.20117950150271602,1.5
2,0.88,0.007119044018198839,Mumps,0.5251365789612482,0.054289265512248525,0.9944112442147398,0.8205457323323507,0.10184051904024637,0.3200546666668959,0.17945426766764927,1.5
2,0.89,0.006488384269662579,Mumps,0.5251365789612482,0.04915285796938469,0.9947510679771122,0.8420434310714586,0.09288378257511334,0.36276138924251256,0.15795656892854137,1.5
2,0.9,0.0058650360221551,Mumps,0.5251365789612482,0.044506804307152856,0.9950833478356652,0.8631690060509384,0.08464893213613954,0.4106811453881736,0.13683099394906162,1.5
2,0.91,0.0052488346704134305,Mumps,0.5251365789612482,0.040326554119938865,0.9954069860575143,0.8837542128664552,0.07713343544657457,0.4640616957515124,0.11624578713354483,1.5
2,0.9199999999999999,0.004639621073171854,Mumps,0.5251365789612482,0.036587963386929115,0.9957209458820313,0.9036038001291409,0.07032825438030958,0.5229680437000502,0.09639619987085912,1.5
2,0.9299999999999999,0.004037241314682958,Mumps,0.5251365789612482,0.03326831291097783,0.9960242703843041,0.9224916937781594,0.06422060373231676,0.5871742824236943,0.07750830622184057,1.5
2,0.94,0.0034415464790891375,Mumps,0.5251365789612482,0.03034756300686863,0.9963160998792012,0.9401566519280378,0.05879719591455139,0.6560119345335313,0.05984334807196223,1.5
2,0.95,0.0028523924368194214,Mumps,0.5251365789612482,0.0278100448911756,0.9965956871366547,0.956297315946205,0.054048312905911375,0.7281596105713688,0.04370268405379496,1.5
2,0.96,0.002269639642252058,Mumps,0.5251365789612482,0.025646983371404537,0.9968624097641191,0.9705665728188801,0.049973431096680065,0.8013539435717382,0.029433427181119853,1.5
2,0.97,0.001693152941940082,Mumps,0.5251365789612482,0.02386066173516349,0.9971157792447316,0.9825651316714789,0.04658993120639708,0.8719954187987536,0.017434868328521147,1.5
2,0.98,0.0011228013927430816,Mumps,0.5251365789612482,0.022472009479706817,0.9973554462897698,0.9918342033308478,0.04394828176747287,0.9346144910199101,0.008165796669152181,1.5
2,0.99,5.584580892605828e-4,Mumps,0.5251365789612482,0.02153588608224535,0.9975812023576891,0.9978471557845867,0.042161821007174825,0.9811527319686761,0.0021528442154132854,1.5
3,0.5,0.039017204660087804,Mumps,0.5251365789612482,0.7008837638289251,0.9680169323979734,0.15821183148581947,0.258150791457435,0.00850357234636408,0.8417881685141806,1.5
3,0.51,0.037888268786278906,Mumps,0.5251365789612482,0.6866292710712142,0.9682692235383239,0.1653297174208351,0.2664922253124095,0.009070621862997275,0.8346702825791649,1.5
3,0.52,0.03678207587052038,Mumps,0.5251365789612482,0.6719262718582848,0.9685318056492709,0.17275019736529734,0.2748398950550675,0.009685128397999027,0.8272498026347026,1.5
3,0.53,0.03569774337399568,Mumps,0.5251365789612482,0.6567789899666989,0.9688050917406235,0.1804868994015282,0.2831597584385128,0.01035225319012948,0.8195131005984718,1.5
3,0.54,0.0346344388578702,Mumps,0.5251365789612482,0.641194038322148,0.9690895040093673,0.1885539795096987,0.2914130192909633,0.011077829574863847,0.8114460204903013,1.5
3,0.55,0.033591376272233714,Mumps,0.5251365789612482,0.6251806508271786,0.9693854727407283,0.19696612534142904,0.29955578249840037,0.011868462608175569,0.803033874658571,1.5
3,0.56,0.032567812581844734,Mumps,0.5251365789612482,0.6087509148563548,0.9696934349415044,0.20573855662126342,0.307538744085194,0.012731644814239013,0.7942614433787366,1.5
3,0.5700000000000001,0.03156304469268237,Mumps,0.5251365789612482,0.5919199997268705,0.9700138326671934,0.21488702147734243,0.3153069379696974,0.013675890806178703,0.7851129785226576,1.5
3,0.58,0.03057640664773235,Mumps,0.5251365789612482,0.5747063754782151,0.9703471110005993,0.22442778788895604,0.32279956594721193,0.014710894002943642,0.775572212111044,1.5
3,0.59,0.029607267064215806,Mumps,0.5251365789612482,0.5571320152821191,0.9706937156357914,0.23437762930784078,0.329949942734985,0.01584770921677134,0.7656223706921592,1.5
3,0.6,0.028655026787771022,Mumps,0.5251365789612482,0.5392225737946807,0.9710540900176248,0.24475380335927593,0.3366855931872254,0.017098965524630534,0.755246196640724,1.5
3,0.61,0.027719116741933347,Mumps,0.5251365789612482,0.5210075328099395,0.9714286719837524,0.2555740223556146,0.34292854356919267,0.01847911457381609,0.7444259776443853,1.5
3,0.62,0.02679899595374786,Mumps,0.5251365789612482,0.5025203047480364,0.971817889853401,0.2668564141549421,0.34859585238377966,0.020004720316270264,0.7331435858450579,1.5
3,0.63,0.02589414973849784,Mumps,0.5251365789612482,0.4837982838937315,0.9722221579055015,0.27861947166766454,0.3536004277679481,0.021694797126621968,0.7213805283323355,1.5
3,0.64,0.025004088028426463,Mumps,0.5251365789612482,0.4648828349889564,0.9726418711884934,0.29088198904897394,0.35785217680236164,0.023571204340712186,0.709118010951026,1.5
3,0.65,0.02412834383196929,Mumps,0.5251365789612482,0.44581920888003806,0.973077399605766,0.30366298231038735,0.36125952592614274,0.025659106454798693,0.6963370176896126,1.5
3,0.66,0.023266471811473847,Mumps,0.5251365789612482,0.426656375533191,0.9735290812249194,0.3169815917327623,0.36373133969119764,0.02798750954264356,0.6830184082672377,1.5
3,0.67,0.02241804696864758,Mumps,0.5251365789612482,0.40744676596096296,0.9739972147665346,0.33085696305936174,0.3651792461432676,0.030589885857435398,0.6691430369406383,1.5
3,0.6799999999999999,0.021582663428098742,Mumps,0.5251365789612482,0.3882459165292771,0.9744820512398045,0.34530810398279843,0.3655203504227309,0.033504900048034574,0.6546918960172016,1.5
3,0.69,0.02075993331032641,Mumps,0.5251365789612482,0.3691120117899178,0.9749837847090981,0.3603537119045475,0.3646802837655007,0.036777251866428017,0.6396462880954525,1.5
3,0.7,0.0199494856863911,Mumps,0.5251365789612482,0.3501053254094877,0.975502542198303,0.3760119683298887,0.36259649416158446,0.0404586515676477,0.6239880316701113,1.5
3,0.71,0.019150965607269168,Mumps,0.5251365789612482,0.33128756288579575,0.9760383727695581,0.39230029455188686,0.3592216402350762,0.04460894524000641,0.6076997054481131,1.5
3,0.72,0.018364033201585493,Mumps,0.5251365789612482,0.3127211144253414,0.9765912358506369,0.4092350624616358,0.35452690590376856,0.04929740780840224,0.5907649375383641,1.5
3,0.73,0.017588362836034606,Mumps,0.5251365789612482,0.29446823139238354,0.9771609889313875,0.42683125338156885,0.34850501612559515,0.054604221072510464,0.5731687466184312,1.5
3,0.74,0.016823642333334936,Mumps,0.5251365789612482,0.27659014484426186,0.9777473748045833,0.44510205673601455,0.3411727106750483,0.06062215236979756,0.5548979432639854,1.5
3,0.75,0.016069572243060555,Mumps,0.5251365789612482,0.2591461494896098,0.9783500085899555,0.46405839912556435,0.3325724305854546,0.06745844557836392,0.5359416008744357,1.5
3,0.76,0.015325865161117471,Mumps,0.5251365789612482,0.24219268055319612,0.9789683648510209,0.48370839293511536,0.3227729964031266,0.0752369292048434,0.5162916070648846,1.5
3,0.77,0.01459224509402912,Mumps,0.5251365789612482,0.22578241410712852,0.9796017651904535,0.5040566919495613,0.3118691114542313,0.08410033486733216,0.49594330805043874,1.5
3,0.78,0.013868446864537393,Mumps,0.5251365789612482,0.2099634230722064,0.9802493667878641,0.5251037395432043,0.29997960521110084,0.09421280170472549,0.47489626045679567,1.5
3,0.79,0.013154215555345548,Mumps,0.5251365789612482,0.1947784210310338,0.9809101524191751,0.54684489280937,0.28724443469482297,0.10576251556488667,0.45315510719063,1.5
3,0.8,0.012449305988104451,Mumps,0.5251365789612482,0.1802641240803221,0.9815829225631123,0.5692694034614176,0.27382057402358245,0.11896439278534535,0.43073059653858237,1.5
3,0.81,0.011753482234997718,Mumps,0.5251365789612482,0.1664507572053454,0.9822662902500348,0.5923592334125511,0.2598770289221114,0.13406266232485547,0.40764076658744886,1.5
3,0.8200000000000001,0.011066517160515928,Mumps,0.5251365789612482,0.15336172629200748,0.9829586793327002,0.6160876795696573,0.24558929896172169,0.1513331206952226,0.38391232043034274,1.5
3,0.8300000000000001,0.010388191991203893,Mumps,0.5251365789612482,0.14101347029598785,0.9836583268484235,0.64041777848685,0.2311336628125418,0.17108472326457497,0.35958222151315,1.5
3,0.8400000000000001,0.00971829591136626,Mumps,0.5251365789612482,0.12941550082840042,0.9843632900885698,0.6653004570357475,0.21668167348758155,0.1936600220121401,0.33469954296425253,1.5
3,0.8500000000000001,0.009056625682870098,Mumps,0.5251365789612482,0.11857062919114066,0.9850714588871773,0.6906723900702453,0.20239522098151402,0.21943374910506486,0.3093276099297547,1.5
3,0.86,0.008402985287347826,Mumps,0.5251365789612482,0.10847537450034986,0.9857805734812782,0.7164535200840236,0.18842245534959728,0.24880855848773287,0.28354647991597637,1.5
3,0.87,0.00775718558923346,Mumps,0.5251365789612482,0.09912054184227594,0.9864882480811386,0.7425441869557222,0.17489477611351348,0.2822065487396431,0.2574558130442778,1.5
3,0.88,0.007119044018198839,Mumps,0.5251365789612482,0.09049195737079688,0.9871920000246349,0.768821807904357,0.16192499894224993,0.3200546666668959,0.23117819209564305,1.5
3,0.89,0.006488384269662579,Mumps,0.5251365789612482,0.08257134901970252,0.9878892840882068,0.7951370385682821,0.14960672327751398,0.36276138924251256,0.2048629614317179,1.5
3,0.9,0.0058650360221551,Mumps,0.5251365789612482,0.07533736862685426,0.9885775312056634,0.8213093354816396,0.1380148588743825,0.4106811453881736,0.17869066451836035,1.5
3,0.91,0.0052488346704134305,Mumps,0.5251365789612482,0.06876676625484282,0.9892541905295783,0.8471218279260969,0.12720723699472264,0.4640616957515124,0.15287817207390308,1.5
3,0.9199999999999999,0.004639621073171854,Mumps,0.5251365789612482,0.06283575486297394,0.989916773485935,0.8723153929237506,0.11722724464955997,0.5229680437000502,0.1276846070762494,1.5
3,0.9299999999999999,0.004037241314682958,Mumps,0.5251365789612482,0.05752165204449859,0.9905628982497889,0.8965818107058052,0.10810749349170501,0.5871742824236943,0.10341818929419477,1.5
3,0.94,0.0034415464790891375,Mumps,0.5251365789612482,0.05280497337014241,0.9911903329341464,0.9195558589903152,0.09987469883678268,0.6560119345335313,0.08044414100968478,1.5
3,0.95,0.0028523924368194214,Mumps,0.5251365789612482,0.048672317931135065,0.9917970357559039,0.9408061824257483,0.09255626596452086,0.7281596105713688,0.059193817574251684,1.5
3,0.96,0.002269639642252058,Mumps,0.5251365789612482,0.04512071962638862,0.9923811905318609,0.9598247481321902,0.0861897182292595,0.8013539435717382,0.04017525186780979,1.5
3,0.97,0.001693152941940082,Mumps,0.5251365789612482,0.042164853336091726,0.9929412360631729,0.9760146688531668,0.08083744461405175,0.8719954187987536,0.02398533114683321,1.5
3,0.98,0.0011228013927430816,Mumps,0.5251365789612482,0.039850153252458345,0.9934758882745185,0.9886761411833419,0.07661232572535769,0.9346144910199101,0.011323858816658094,1.5
3,0.99,5.584580892605828e-4,Mumps,0.5251365789612482,0.03827918894375805,0.9939841543600071,0.996990206925487,0.07372762424592579,0.9811527319686761,0.0030097930745129897,1.5
4,0.5,0.039017204660087804,Mumps,0.5251365789612482,0.802836891609216,0.9458506186588751,0.11281302299705857,0.1978276965273183,0.00850357234636408,0.8871869770029415,1.5
4,0.51,0.037888268786278906,Mumps,0.5251365789612482,0.7905470488187196,0.9461665507333556,0.11849370784247908,0.20609604212360358,0.009070621862997275,0.881506292157521,1.5
4,0.52,0.03678207587052038,Mumps,0.5251365789612482,0.7776853842905308,0.9464979084241183,0.12446287391045745,0.21458326178000256,0.009685128397999027,0.8755371260895426,1.5
4,0.53,0.03569774337399568,Mumps,0.5251365789612482,0.7642431596823527,0.9468454697833422,0.13073652908747319,0.2232776884870975,0.01035225319012948,0.8692634709125269,1.5
4,0.54,0.0346344388578702,Mumps,0.5251365789612482,0.7502138639487792,0.9472100434379571,0.13733153376096213,0.23216394530506576,0.011077829574863847,0.8626684662390378,1.5
4,0.55,0.033591376272233714,Mumps,0.5251365789612482,0.7355935552371908,0.9475924680219707,0.14426563335065323,0.24122239447262886,0.011868462608175569,0.8557343666493468,1.5
4,0.56,0.032567812581844734,Mumps,0.5251365789612482,0.7203812203261323,0.9479936112083652,0.15155748928800838,0.2504285401692404,0.012731644814239013,0.8484425107119916,1.5
4,0.5700000000000001,0.03156304469268237,Mumps,0.5251365789612482,0.7045791473390232,0.9484143682670627,0.15922670774464012,0.2597523906930511,0.013675890806178703,0.8407732922553599,1.5
4,0.58,0.03057640664773235,Mumps,0.5251365789612482,0.6881933060763178,0.9488556600660971,0.16729386526730483,0.26915779004323187,0.014710894002943642,0.8327061347326952,1.5
4,0.59,0.029607267064215806,Mumps,0.5251365789612482,0.6712337287726367,0.9493184304232675,0.17578053030871846,0.2786017343621124,0.01584770921677134,0.8242194696912816,1.5
4,0.6,0.028655026787771022,Mumps,0.5251365789612482,0.6537148824373444,0.9498036427053825,0.18470927944560186,0.2880336955621418,0.017098965524630534,0.8152907205543981,1.5
4,0.61,0.027719116741933347,Mumps,0.5251365789612482,0.6356560222311591,0.9503122755620356,0.19410370684344178,0.2973949828344399,0.01847911457381609,0.8058962931565582,1.5
4,0.62,0.02679899595374786,Mumps,0.5251365789612482,0.6170815136451259,0.9508453176710774,0.20398842525532562,0.30661818259042034,0.020004720316270264,0.7960115747446743,1.5
4,0.63,0.02589414973849784,Mumps,0.5251365789612482,0.5980211096814723,0.9514037613641463,0.21438905652364826,0.31562672851502754,0.021694797126621968,0.7856109434763517,1.5
4,0.64,0.025004088028426463,Mumps,0.5251365789612482,0.5785101679145717,0.9519885949934922,0.22533220918036115,0.32433466531236915,0.023571204340712186,0.7746677908196389,1.5
4,0.65,0.02412834383196929,Mumps,0.5251365789612482,0.5585897913814823,0.9526007938968385,0.23684544030492727,0.33264668151320226,0.025659106454798693,0.7631545596950727,1.5
4,0.66,0.023266471811473847,Mumps,0.5251365789612482,0.5383068768801715,0.9532413098163286,0.2489571982886486,0.34045849700143344,0.02798750954264356,0.7510428017113514,1.5
4,0.67,0.02241804696864758,Mumps,0.5251365789612482,0.5177140546118382,0.953911058632124,0.2616967425572275,0.3476576977381136,0.030589885857435398,0.7383032574427725,1.5
4,0.6799999999999999,0.021582663428098742,Mumps,0.5251365789612482,0.4968695043578424,0.9546109062826463,0.2750940356060905,0.35412511095998916,0.033504900048034574,0.7249059643939095,1.5
4,0.69,0.02075993331032641,Mumps,0.5251365789612482,0.4758366356744948,0.9553416527637187,0.2891796018882901,0.35973680586595586,0.036777251866428017,0.7108203981117098,1.5
4,0.7,0.0199494856863911,Mumps,0.5251365789612482,0.45468362301692794,0.9561040141301209,0.30398434714352685,0.36436678424798163,0.0404586515676477,0.6960156528564732,1.5
4,0.71,0.019150965607269168,Mumps,0.5251365789612482,0.43348279129574274,0.9568986024675974,0.31953933064597395,0.3678903897803708,0.04460894524000641,0.680460669354026,1.5
4,0.72,0.018364033201585493,Mumps,0.5251365789612482,0.4123098530641122,0.9577259038634395,0.3358754815520846,0.37018841198649705,0.04929740780840224,0.6641245184479154,1.5
4,0.73,0.017588362836034606,Mumps,0.5251365789612482,0.39124300515771016,0.9585862544814612,0.3530232490161126,0.3711517916096333,0.054604221072510464,0.6469767509838874,1.5
4,0.74,0.016823642333334936,Mumps,0.5251365789612482,0.37036189987421936,0.9594798149441242,0.37101217397539993,0.3706867517405676,0.06062215236979756,0.6289878260246,1.5
4,0.75,0.016069572243060555,Mumps,0.5251365789612482,0.3497465132785256,0.9604065433414533,0.38987036844665685,0.3687200910741182,0.06745844557836392,0.6101296315533431,1.5
4,0.76,0.015325865161117471,Mumps,0.5251365789612482,0.32947594044955586,0.961366167322743,0.4096238857706752,0.36520429367461377,0.0752369292048434,0.5903761142293248,1.5
4,0.77,0.01459224509402912,Mumps,0.5251365789612482,0.3096271538822743,0.9623581558805389,0.43029596243803037,0.36012204846171336,0.08410033486733216,0.5697040375619696,1.5
4,0.78,0.013868446864537393,Mumps,0.5251365789612482,0.29027376624954493,0.9633816916024196,0.4519061088565271,0.353489747186188,0.09421280170472549,0.548093891143473,1.5
4,0.79,0.013154215555345548,Mumps,0.5251365789612482,0.27148484179661647,0.9644356443373058,0.4744690226039066,0.34535955556054226,0.10576251556488667,0.5255309773960934,1.5
4,0.8,0.012449305988104451,Mumps,0.5251365789612482,0.253323801391811,0.9655185473889082,0.4979932932567332,0.33581973580525404,0.11896439278534535,0.5020067067432668,1.5
4,0.81,0.011753482234997718,Mumps,0.5251365789612482,0.23584746448770766,0.9666285774957993,0.5224798626917139,0.3249930378219668,0.13406266232485547,0.47752013730828613,1.5
4,0.8200000000000001,0.011066517160515928,Mumps,0.5251365789612482,0.2191052669941368,0.967763539968783,0.5479201986954149,0.3130331567771693,0.1513331206952226,0.45207980130458514,1.5
4,0.8300000000000001,0.010388191991203893,Mumps,0.5251365789612482,0.20313868763342532,0.9689208604130504,0.5742941326485952,0.30011945309819044,0.17108472326457497,0.4257058673514048,1.5
4,0.8400000000000001,0.00971829591136626,Mumps,0.5251365789612482,0.18798090732010725,0.970097584445456,0.6015673038021634,0.28645031675039545,0.1936600220121401,0.3984326961978366,1.5
4,0.8500000000000001,0.009056625682870098,Mumps,0.5251365789612482,0.17365671731419063,0.9712903867080029,0.6296881430378232,0.2722357016230901,0.21943374910506486,0.37031185696217683,1.5
4,0.86,0.008402985287347826,Mumps,0.5251365789612482,0.16018268339865224,0.9724955902628507,0.6585843177757438,0.257689435735135,0.24880855848773287,0.3414156822242562,1.5
4,0.87,0.00775718558923346,Mumps,0.5251365789612482,0.1475675663906352,0.9737091971243765,0.6881585465867146,0.24302191934373665,0.2822065487396431,0.3118414534132854,1.5
4,0.88,0.007119044018198839,Mumps,0.5251365789612482,0.13581299541092334,0.97492693024208,0.7182836767725416,0.22843376136301238,0.3200546666668959,0.28171632322745843,1.5
4,0.89,0.006488384269662579,Mumps,0.5251365789612482,0.12491439137899309,0.9761442867085346,0.7487969003285664,0.21411079371130937,0.36276138924251256,0.2512030996714336,1.5
4,0.9,0.0058650360221551,Mumps,0.5251365789612482,0.11486214676794673,0.9773566013565042,0.7794929628686176,0.20022077168425972,0.4106811453881736,0.22050703713138242,1.5
4,0.91,0.0052488346704134305,Mumps,0.5251365789612482,0.10564308784293103,0.9785591192687648,0.8101161957724088,0.186911949382791,0.4640616957515124,0.1898838042275912,1.5
4,0.9199999999999999,0.004639621073171854,Mumps,0.5251365789612482,0.09724228464434057,0.9797470751035813,0.8403511734250796,0.1743136479976522,0.5229680437000502,0.1596488265749204,1.5
4,0.9299999999999999,0.004037241314682958,Mumps,0.5251365789612482,0.08964534568916596,0.98091577659429,0.8698117642725335,0.1625389514197821,0.5871742824236943,0.13018823572746652,1.5
4,0.94,0.0034415464790891375,Mumps,0.5251365789612482,0.08284146683931501,0.9820606891687179,0.89802830571473935,0.15168982507213327,0.6560119345335313,0.10197169428526065,1.5
4,0.95,0.0028523924368194214,Mumps,0.5251365789612482,0.07682775725045748,0.9831775184013093,0.9244325876691414,0.1418653655869296,0.7281596105713688,0.07556741233085862,1.5
4,0.96,0.002269639642252058,Mumps,0.5251365789612482,0.07161587658420505,0.9842622869911429,0.9483402768636093,0.1331747840299098,0.8013539435717382,0.05165972313639067,1.5
4,0.97,0.001693152941940082,Mumps,0.5251365789612482,0.06724311940088004,0.9853114031657368,0.9689303522878032,0.12575867101450153,0.8719954187987536,0.03106964771219678,1.5
4,0.98,0.0011228013927430816,Mumps,0.5251365789612482,0.06379265342122359,0.9863217178336147,0.985221050250853,0.11982658526183287,0.9346144910199101,0.014778949749146952,1.5
4,0.99,5.584580892605828e-4,Mumps,0.5251365789612482,0.0614342290674355,0.9872905684151714,0.9960417334188776,0.1157303961173923,0.9811527319686761,0.003958266581122416,1.5
5,0.5,0.039017204660087804,Mumps,0.5251365789612482,0.8732869487578049,0.9161698736987435,0.082016629921468,0.1499503489572155,0.00850357234636408,0.917983370078532,1.5
5,0.51,0.037888268786278906,Mumps,0.5251365789612482,0.8634872546965453,0.9165319295609367,0.08650406842402993,0.15725440589959414,0.009070621862997275,0.9134959315759701,1.5
5,0.52,0.03678207587052038,Mumps,0.5251365789612482,0.8530822920743553,0.9169141852434837,0.09125146576713375,0.1648675776448049,0.009685128397999027,0.9087485342328663,1.5
5,0.53,0.03569774337399568,Mumps,0.5251365789612482,0.8420507325352454,0.9173178462872528,0.09627569948843255,0.17279492618520217,0.01035225319012948,0.9037243005115675,1.5
5,0.54,0.0346344388578702,Mumps,0.5251365789612482,0.8303726978500252,0.9177441817893777,0.10159475337009025,0.18103960461899216,0.011077829574863847,0.8984052466299097,1.5
5,0.55,0.033591376272233714,Mumps,0.5251365789612482,0.818030155351109,0.9181945255916385,0.10722778104345494,0.18960239071654286,0.011868462608175569,0.892772218956545,1.5
5,0.56,0.032567812581844734,Mumps,0.5251365789612482,0.8050073504312039,0.9186702770072106,0.1131951709146782,0.1984811465907679,0.012731644814239013,0.8868048290853218,1.5
5,0.5700000000000001,0.03156304469268237,Mumps,0.5251365789612482,0.791291273851104,0.9191729009712255,0.11951861187555232,0.2076701979677549,0.013675890806178703,0.8804813881244477,1.5
5,0.58,0.03057640664773235,Mumps,0.5251365789612482,0.7768721600065545,0.919703927482693,0.12622115910835213,0.21715962778052608,0.014710894002943642,0.8737788408916478,1.5
5,0.59,0.029607267064215806,Mumps,0.5251365789612482,0.7617440104356328,0.9202649501858147,0.1333272991058752,0.22693448094875113,0.01584770921677134,0.8666727008941248,1.5
5,0.6,0.028655026787771022,Mumps,0.5251365789612482,0.7459051347212825,0.9208576239177295,0.14086301280196434,0.2369738805678978,0.017098965524630534,0.8591369871980357,1.5
5,0.61,0.027719116741933347,Mumps,0.5251365789612482,0.7293586985946093,0.9214836610276051,0.1488558354367047,0.24725006067471222,0.01847911457381609,0.8511441645632953,1.5
5,0.62,0.02679899595374786,Mumps,0.5251365789612482,0.7121132665383442,0.9221448262491994,0.15733491145544856,0.25772732768406703,0.020004720316270264,0.8426650885445515,1.5
5,0.63,0.02589414973849784,Mumps,0.5251365789612482,0.6941833236223428,0.9228429298863237,0.16633104235228735,0.26836097191916874,0.021694797126621968,0.8336689576477126,1.5
5,0.64,0.025004088028426463,Mumps,0.5251365789612482,0.67558975880766,0.9235798190490523,0.17587672490448333,0.2790961627522403,0.023571204340712186,0.8241232750955166,1.5
5,0.65,0.02412834383196929,Mumps,0.5251365789612482,0.6563602897023133,0.9243573666594205,0.1860061766911244,0.2898668759741056,0.025659106454798693,0.8139938233088756,1.5
5,0.66,0.023266471811473847,Mumps,0.5251365789612482,0.6365298069461575,0.9251774579305629,0.19675534513042947,0.3005949200928184,0.02798750954264356,0.8032446548695705,1.5
5,0.67,0.02241804696864758,Mumps,0.5251365789612482,0.6161406152783035,0.9260419740150252,0.2081618954865183,0.3111891488564294,0.030589885857435398,0.7918381045134817,1.5
5,0.6799999999999999,0.021582663428098742,Mumps,0.5251365789612482,0.59524254814792,0.9269527725191552,0.22026517236541227,0.32154496927263687,0.033504900048034574,0.7797348276345877,1.5
5,0.69,0.02075993331032641,Mumps,0.5251365789612482,0.5738929337151338,0.9279116645944155,0.23310612811469955,0.33154427572043366,0.036777251866428017,0.7668938718853004,1.5
5,0.7,0.0199494856863911,Mumps,0.5251365789612482,0.5521563924707736,0.9289203883470474,0.24672721023038183,0.3410559582511475,0.0404586515676477,0.7532727897696182,1.5
5,0.71,0.019150965607269168,Mumps,0.5251365789612482,0.5301044506418251,0.9299805783591026,0.2611721983204573,0.34993714245239455,0.04460894524000641,0.7388278016795427,1.5
5,0.72,0.018364033201585493,Mumps,0.5251365789612482,0.5078149591104522,0.9310937311911008,0.27648597933431257,0.3580353137628059,0.04929740780840224,0.7235140206656874,1.5
5,0.73,0.017588362836034606,Mumps,0.5251365789612482,0.48537131470243916,0.9322611668440808,0.29271424758796893,0.3651914546921781,0.054604221072510464,0.7072857524120311,1.5
5,0.74,0.016823642333334936,Mumps,0.5251365789612482,0.4628614891893591,0.9334839863009041,0.30990311353739025,0.3712442731724264,0.06062215236979756,0.6900968864626098,1.5
5,0.75,0.016069572243060555,Mumps,0.5251365789612482,0.4403768808308096,0.9347630254465364,0.32809860220283427,0.37603552028141174,0.06745844557836392,0.6719013977971657,1.5
5,0.76,0.015325865161117471,Mumps,0.5251365789612482,0.41801101323117307,0.9360988058863375,0.34734601854310604,0.37941628579911885,0.0752369292048434,0.6526539814568939,1.5
5,0.77,0.01459224509402912,Mumps,0.5251365789612482,0.3958581160437546,0.9374914834390483,0.3676891528189845,0.38125402646371853,0.08410033486733216,0.6323108471810155,1.5
5,0.78,0.013868446864537393,Mumps,0.5251365789612482,0.37401163088454015,0.9389407953726333,0.3891692939534047,0.38143993798745707,0.09421280170472549,0.6108307060465953,1.5
5,0.79,0.013154215555345548,Mumps,0.5251365789612482,0.3525626929717849,0.9404460077672085,0.4118240129531016,0.37989614919195197,0.10576251556488667,0.5881759870468983,1.5
5,0.8,0.012449305988104451,Mumps,0.5251365789612482,0.3315986438155665,0.9420058647153691,0.43568567144014186,0.37658212192511176,0.11896439278534535,0.5643143285598582,1.5
5,0.81,0.011753482234997718,Mumps,0.5251365789612482,0.3112016322448885,0.9436185413856447,0.46077960205921964,0.3714996113739502,0.13406266232485547,0.5392203979407804,1.5
5,0.8200000000000001,0.011066517160515928,Mumps,0.5251365789612482,0.2914473599352277,0.9452816032528497,0.4871218977514784,0.3646955994335825,0.1513331206952226,0.5128781022485216,1.5
5,0.8300000000000001,0.010388191991203893,Mumps,0.5251365789612482,0.27240402346618847,0.9469919740078557,0.5147167353517492,0.3562627667596018,0.17108472326457497,0.4852832646482508,1.5
5,0.8400000000000001,0.00971829591136626,Mumps,0.5251365789612482,0.254131498243377,0.9487459147632908,0.5435531453577089,0.3463373058833361,0.1936600220121401,0.45644685464229107,1.5
5,0.8500000000000001,0.009056625682870098,Mumps,0.5251365789612482,0.23668080118354046,0.9505390171350767,0.573601123667846,0.33509416746371246,0.21943374910506486,0.426398876332154,1.5
5,0.86,0.008402985287347826,Mumps,0.5251365789612482,0.22009386009094184,0.9523662125701492,0.604806962151689,0.32274012904472055,0.24880855848773287,0.39519303784831095,1.5
5,0.87,0.00775718558923346,Mumps,0.5251365789612482,0.20440360973071497,0.9542217998846052,0.6370876525876356,0.30950533115462053,0.2822065487396431,0.36291234741236444,1.5
5,0.88,0.007119044018198839,Mumps,0.5251365789612482,0.18963442976631473,0.9560994923641922,0.6703241921741,0.29563409842830496,0.3200546666668959,0.3296758078259,1.5
5,0.89,0.006488384269662579,Mumps,0.5251365789612482,0.17580294065824137,0.9579924849697609,0.7043535877740923,0.28137593256149546,0.36276138924251256,0.2956464122259077,1.5
5,0.9,0.0058650360221551,Mumps,0.5251365789612482,0.16291918414934062,0.9598935412158893,0.738959319451657,0.26697753403351604,0.4106811453881736,0.26104068054834295,1.5
5,0.91,0.0052488346704134305,Mumps,0.5251365789612482,0.15098824114482154,0.9617950982065859,0.7738599807075435,0.25267661140197223,0.4640616957515124,0.22614001929245653,1.5
5,0.9199999999999999,0.004639621073171854,Mumps,0.5251365789612482,0.14001239220335288,0.9636893871946317,0.8086957619559145,0.23869812375862087,0.5229680437000502,0.19130423804408547,1.5
5,0.9299999999999999,0.004037241314682958,Mumps,0.5251365789612482,0.12999402448428218,0.9655685659728972,0.8430123838268991,0.22525354720726504,0.5871742824236943,0.15698761617310086,1.5
5,0.94,0.0034415464790891375,Mumps,0.5251365789612482,0.1209396741489023,0.9674248585052655,0.876242016211603,0.21254386224820648,0.6560119345335313,0.12375798378839697,1.5
5,0.95,0.0028523924368194214,Mumps,0.5251365789612482,0.11286595093841864,0.9692506965545864,0.907680635680989,0.2007673915874424,0.7281596105713688,0.092319364319011,1.5
5,0.96,0.002269639642252058,Mumps,0.5251365789612482,0.10580881704760466,0.9710388577400952,0.9364611757595217,0.19013470579011477,0.8013539435717382,0.0635388242404783,1.5
5,0.97,0.001693152941940082,Mumps,0.5251365789612482,0.09983925951493172,0.9727825945027019,0.9615217088757441,0.18089531889842464,0.8719954187987536,0.03847829112425594,1.5
5,0.98,0.0011228013927430816,Mumps,0.5251365789612482,0.09509205582474013,0.974475748882244,0.9815677625310703,0.17338679289231795,0.9346144910199101,0.018432237468929746,1.5
5,0.99,5.584580892605828e-4,Mumps,0.5251365789612482,0.09182374876858532,0.9761128487855408,0.9950277116613317,0.16813185230892383,0.9811527319686761,0.0049722883386682515,1.5
6,0.5,0.039017204660087804,Mumps,0.5251365789612482,0.920298245755743,0.8785180166947056,0.06100827463357669,0.11443072466203559,0.00850357234636408,0.9389917253664233,1.5
6,0.51,0.037888268786278906,Mumps,0.5251365789612482,0.9129199294565569,0.8789075928510726,0.06455479231504874,0.12058287571779723,0.009070621862997275,0.9354452076849513,1.5
6,0.52,0.03678207587052038,Mumps,0.5251365789612482,0.9049727884163717,0.8793212129202315,0.06832814666719654,0.12706268161845846,0.009685128397999027,0.9316718533328034,1.5
6,0.53,0.03569774337399568,Mumps,0.5251365789612482,0.8964265375263646,0.8797605096507829,0.0723449678198759,0.1338849226104135,0.01035225319012948,0.9276550321801241,1.5
6,0.54,0.0346344388578702,Mumps,0.5251365789612482,0.8872512412777319,0.8802272204165338,0.0766231554631424,0.14106400175201744,0.011077829574863847,0.9233768445368576,1.5
6,0.55,0.033591376272233714,Mumps,0.5251365789612482,0.8774176900597954,0.8807231915202682,0.0811819707440444,0.14861365000903617,0.011868462608175569,0.9188180292559556,1.5
6,0.56,0.032567812581844734,Mumps,0.5251365789612482,0.8668978295365688,0.8812503821146576,0.08604213291366178,0.15654656370955997,0.012731644814239013,0.9139578670863382,1.5
6,0.5700000000000001,0.03156304469268237,Mumps,0.5251365789612482,0.8556652439673677,0.8818108675893206,0.0912259205000309,0.16487396323887482,0.013675890806178703,0.9087740794999691,1.5
6,0.58,0.03057640664773235,Mumps,0.5251365789612482,0.8436956928422814,0.8824068422444354,0.09675727663752878,0.17360506096415626,0.014710894002943642,0.9032427233624712,1.5
6,0.59,0.029607267064215806,Mumps,0.5251365789612482,0.8309676983287997,0.8830406210392058,0.1026619180014472,0.1827464258106971,0.01584770921677134,0.8973380819985528,1.5
6,0.6,0.028655026787771022,Mumps,0.5251365789612482,0.8174631787550186,0.8837146401679048,0.1089674465699364,0.19230123188691703,0.017098965524630534,0.8910325534300636,1.5
6,0.61,0.027719116741933347,Mumps,0.5251365789612482,0.8031681206910258,0.8844314561773645,0.11570346315508578,0.20226837937623496,0.01847911457381609,0.8842965368449143,1.5
6,0.62,0.02679899595374786,Mumps,0.5251365789612482,0.7880732791661353,0.8851937432980705,0.12290168129914783,0.21264147797647798,0.020004720316270264,0.8770983187008522,1.5
6,0.63,0.02589414973849784,Mumps,0.5251365789612482,0.77217489224335,0.8860042886172428,0.1305960397077015,0.22340768697716643,0.021694797126621968,0.8694039602922985,1.5
6,0.64,0.025004088028426463,Mumps,0.5251365789612482,0.7554753926765316,0.8868659846776151,0.13882281087256892,0.23454641223743825,0.023571204340712186,0.8611771891274311,1.5
6,0.65,0.02412834383196929,Mumps,0.5251365789612482,0.7379840958615381,0.8877818190417952,0.14762070290456125,0.24602786957625875,0.025659106454798693,0.8523792970954387,1.5
6,0.66,0.023266471811473847,Mumps,0.5251365789612482,0.7197178399744748,0.8887548603214771,0.15703095082665444,0.25781153717891647,0.02798750954264356,0.8429690491733456,1.5
6,0.67,0.02241804696864758,Mumps,0.5251365789612482,0.7007015513330093,0.8897882401365405,0.1670973926446271,0.2698445372913672,0.030589885857435398,0.8329026073553729,1.5
6,0.6799999999999999,0.021582663428098742,Mumps,0.5251365789612482,0.6809687059275494,0.8908851304452623,0.17786652438195033,0.2820600102596138,0.033504900048034574,0.8221334756180496,1.5
6,0.69,0.02075993331032641,Mumps,0.5251365789612482,0.6605616570819388,0.8920487156785181,0.18938752689970928,0.2943755719923684,0.036777251866428017,0.8106124731002907,1.5
6,0.7,0.0199494856863911,Mumps,0.5251365789612482,0.6395317996528277,0.8932821591240383,0.20171225567435014,0.30669197854426933,0.0404586515676477,0.7982877443256499,1.5
6,0.71,0.019150965607269168,Mumps,0.5251365789612482,0.6179395433668813,0.8945885630485565,0.21489518272038222,0.31889215692493034,0.04460894524000641,0.7851048172796178,1.5
6,0.72,0.018364033201585493,Mumps,0.5251365789612482,0.5958540720561106,0.8959709221239663,0.22899327745614292,0.33084079600037686,0.04929740780840224,0.771006722543857,1.5
6,0.73,0.017588362836034606,Mumps,0.5251365789612482,0.5733528717998916,0.8974320698467904,0.24406581043928058,0.34238472000713344,0.054604221072510464,0.7559341895607194,1.5
6,0.74,0.016823642333334936,Mumps,0.5251365789612482,0.5505210192749745,0.8989746178168456,0.2601740604515831,0.3533542820983331,0.06062215236979756,0.7398259395484169,1.5
6,0.75,0.016069572243060555,Mumps,0.5251365789612482,0.5274502317214106,0.9006008879785431,0.2773809012777384,0.3635660069680518,0.06745844557836392,0.7226190987222616,1.5
6,0.76,0.015325865161117471,Mumps,0.5251365789612482,0.504237691413521,0.9023128382326896,0.2957502395675894,0.3728266696515408,0.0752369292048434,0.7042497604324106,1.5
6,0.77,0.01459224509402912,Mumps,0.5251365789612482,0.48098466974593046,0.9041119822004884,0.3153462692373184,0.3809389130563805,0.08410033486733216,0.6846537307626817,1.5
6,0.78,0.013868446864537393,Mumps,0.5251365789612482,0.45779498820568987,0.9059993043625484,0.33623250076413647,0.38770837498684313,0.09421280170472549,0.6637674992358635,1.5
6,0.79,0.013154215555345548,Mumps,0.5251365789612482,0.4347733647091144,0.9079751722952749,0.35847051523660994,0.3929521197669867,0.10576251556488667,0.6415294847633901,1.5
6,0.8,0.012449305988104451,Mumps,0.5251365789612482,0.4120237031371322,0.9100392482680837,0.3821183828728586,0.3965079648129038,0.11896439278534535,0.6178816171271414,1.5
6,0.81,0.011753482234997718,Mumps,0.5251365789612482,0.38964739061584086,0.9121904030206781,0.4072286735935518,0.3982440863174998,0.13406266232485547,0.5927713264064483,1.5
6,0.8200000000000001,0.011066517160515928,Mumps,0.5251365789612482,0.3677416705917197,0.9144266350730371,0.4338459727586935,0.3980681192512531,0.1513331206952226,0.5661540272413065,1.5
6,0.8300000000000001,0.010388191991203893,Mumps,0.5251365789612482,0.3463981598063086,0.9167449993846587,0.4620037978985614,0.3959348784111023,0.17108472326457497,0.5379962021014386,1.5
6,0.8400000000000001,0.00971829591136626,Mumps,0.5251365789612482,0.3257015740663733,0.9191415495184674,0.4917207916549689,0.3918518566637382,0.1936600220121401,0.5082792083450312,1.5
6,0.8500000000000001,0.009056625682870098,Mumps,0.5251365789612482,0.30572872189433087,0.9216112976189165,0.5229960415668874,0.3858818232394268,0.21943374910506486,0.4770039584331126,1.5
6,0.86,0.008402985287347826,Mumps,0.5251365789612482,0.2865478179226814,0.9241481964242856,0.555803348028522,0.3781421407349716,0.24880855848773287,0.44419665197147795,1.5
6,0.87,0.00775718558923346,Mumps,0.5251365789612482,0.2682181610377877,0.9267451471500627,0.590084226824026,0.36880080590344727,0.2822065487396431,0.40991577317597405,1.5
6,0.88,0.007119044018198839,Mumps,0.5251365789612482,0.2507902182622641,0.9293940363706742,0.6257393910361713,0.35806963458738633,0.3200546666668959,0.37426060896382873,1.5
6,0.89,0.006488384269662579,Mumps,0.5251365789612482,0.23430615766982482,0.9320858039837402,0.6626184075718065,0.34619538609163214,0.36276138924251256,0.33738159242819354,1.5
6,0.9,0.0058650360221551,Mumps,0.5251365789612482,0.21880088739444437,0.9348105429908575,0.7005071645447039,0.3334499005099387,0.4106811453881736,0.29949283545529615,1.5
6,0.91,0.0052488346704134305,Mumps,0.5251365789612482,0.20430369127092834,0.9375576302351822,0.7391127155211821,0.32012047905698954,0.4640616957515124,0.2608872844788179,1.5
6,0.9199999999999999,0.004639621073171854,Mumps,0.5251365789612482,0.19084061920543802,0.9403158854996759,0.7780449830516528,0.3065017913143941,0.5229680437000502,0.22195501694834718,1.5
6,0.9299999999999999,0.004037241314682958,Mumps,0.5251365789612482,0.17843791907068812,0.9430737546222719,0.816794704467927,0.2928906145680816,0.5871742824236943,0.183205295532073,1.5
6,0.94,0.0034415464790891375,Mumps,0.5251365789612482,0.1671270409948568,0.9458195106759892,0.8547068846405116,0.27958483069365986,0.6560119345335313,0.1452931153594884,1.5
6,0.95,0.0028523924368194214,Mumps,0.5251365789612482,0.15695221980000978,0.9485414659462166,0.8909488797272288,0.2668885536327957,0.7281596105713688,0.1090511202727712,1.5
6,0.96,0.002269639642252058,Mumps,0.5251365789612482,0.1479826083455662,0.9512281865497728,0.9244720687071325,0.2551264701383376,0.8013539435717382,0.0755279312928675,1.5
6,0.97,0.001693152941940082,Mumps,0.5251365789612482,0.1403330280880301,0.9538687011811624,0.9539658707093278,0.24467340591569908,0.8719954187987536,0.04603412929067219,1.5
6,0.98,0.0011228013927430816,Mumps,0.5251365789612482,0.13420229809468714,0.9564526956899168,0.9778026299174537,0.2360121915152493,0.9346144910199101,0.022197370082546297,1.5
6,0.99,5.584580892605828e-4,Mumps,0.5251365789612482,0.12995070038705575,0.9589706859792023,0.9939716091696195,0.22985095264705652,0.9811527319686761,0.006028390830380537,1.5
7,0.5,0.039017204660087804,Mumps,0.5251365789612482,0.9508011489894261,0.8328571548831737,0.0465183706235872,0.08869719155839843,0.00850357234636408,0.9534816293764128,1.5
7,0.51,0.037888268786278906,Mumps,0.5251365789612482,0.9454890263280032,0.833256970263771,0.049343157944470216,0.09379152604513681,0.009070621862997275,0.9506568420555298,1.5
7,0.52,0.03678207587052038,Mumps,0.5251365789612482,0.9396856790887783,0.8336834390091901,0.05236262095091723,0.09919759960308806,0.009685128397999027,0.9476373790490827,1.5
7,0.53,0.03569774337399568,Mumps,0.5251365789612482,0.93335659914279,0.8341385640529663,0.05559245757651105,0.10493480283753326,0.01035225319012948,0.9444075424234889,1.5
7,0.54,0.0346344388578702,Mumps,0.5251365789612482,0.92646653002459,0.8346244964839842,0.0590497141520432,0.11102320046503907,0.011077829574863847,0.9409502858479568,1.5
7,0.55,0.033591376272233714,Mumps,0.5251365789612482,0.9189797631322203,0.8351435440749054,0.06275289982390675,0.11748339887640252,0.011868462608175569,0.9372471001760933,1.5
7,0.56,0.032567812581844734,Mumps,0.5251365789612482,0.9108604952065987,0.8356981796830479,0.0667221092061151,0.12433636433050328,0.012731644814239013,0.9332778907938849,1.5
7,0.5700000000000001,0.03156304469268237,Mumps,0.5251365789612482,0.9020732513289826,0.8362910493526667,0.07097915345659639,0.13160318071312907,0.013675890806178703,0.9290208465434036,1.5
7,0.58,0.03057640664773235,Mumps,0.5251365789612482,0.8925833765738836,0.8369249799078281,0.07554769985652704,0.13930473398077364,0.014710894002943642,0.924452300143473,1.5
7,0.59,0.029607267064215806,Mumps,0.5251365789612482,0.8823575979181492,0.8376029857793388,0.08045341982154854,0.14746130850204756,0.01584770921677134,0.9195465801784515,1.5
7,0.6,0.028655026787771022,Mumps,0.5251365789612482,0.8713646559834828,0.8383282747571725,0.08572414507639468,0.1560920786059801,0.017098965524630534,0.9142758549236053,1.5
7,0.61,0.027719116741933347,Mumps,0.5251365789612482,0.859576003642547,0.8391042523014156,0.0913900314686314,0.16521447690482163,0.01847911457381609,0.9086099685313687,1.5
7,0.62,0.02679899595374786,Mumps,0.5251365789612482,0.8469665654359729,0.8399345239800734,0.09748372956891588,0.1748434196178561,0.020004720316270264,0.9025162704310841,1.5
7,0.63,0.02589414973849784,Mumps,0.5251365789612482,0.8335155481500552,0.8408228955317222,0.10404056078800132,0.18499036853010262,0.021694797126621968,0.8959594392119987,1.5
7,0.64,0.025004088028426463,Mumps,0.5251365789612482,0.8192072888595688,0.8417733699760366,0.11109869721416753,0.1956622098601322,0.023571204340712186,0.8889013027858325,1.5
7,0.65,0.02412834383196929,Mumps,0.5251365789612482,0.804032122368251,0.8427901411174782,0.11869934271448113,0.2068599328362205,0.025659106454798693,0.8813006572855189,1.5
7,0.66,0.023266471811473847,Mumps,0.5251365789612482,0.7879872454667196,0.8438775827096099,0.12688691201950472,0.21857709602980677,0.02798750954264356,0.8731130879804953,1.5
7,0.67,0.02241804696864758,Mumps,0.5251365789612482,0.7710775510278306,0.8450402324734029,0.13570920348782461,0.23079807850352257,0.030589885857435398,0.8642907965121753,1.5
7,0.6799999999999999,0.021582663428098742,Mumps,0.5251365789612482,0.7533164009938018,0.8462827700976681,0.14521755998068328,0.24349612679549298,0.033504900048034574,0.8547824400193167,1.5
7,0.69,0.02075993331032641,Mumps,0.5251365789612482,0.7347263041571321,0.8476099883000227,0.1554670107154377,0.25663122895426843,0.036777251866428017,0.8445329892845623,1.5
7,0.7,0.0199494856863911,Mumps,0.5251365789612482,0.715339462715045,0.849026756000945,0.16651638504640365,0.27014787442803917,0.0404586515676477,0.8334836149535964,1.5
7,0.71,0.019150965607269168,Mumps,0.5251365789612482,0.6951981513097276,0.8505379726715376,0.17842838676616932,0.2839727943572191,0.04460894524000641,0.8215716132338307,1.5
7,0.72,0.018364033201585493,Mumps,0.5251365789612482,0.6743548940433779,0.8521485129693853,0.19126961463781705,0.2980128206150569,0.04929740780840224,0.808730385362183,1.5
7,0.73,0.017588362836034606,Mumps,0.5251365789612482,0.6528724090837024,0.8538631608894844,0.20511051134729677,0.3121530521946308,0.054604221072510464,0.7948894886527033,1.5
7,0.74,0.016823642333334936,Mumps,0.5251365789612482,0.6308232971178136,0.8556865328426304,0.22002521877223655,0.3262555704402413,0.06062215236979756,0.7799747812277634,1.5
7,0.75,0.016069572243060555,Mumps,0.5251365789612482,0.6082894590488669,0.857622989345669,0.23609131223705238,0.3401589934079271,0.06745844557836392,0.7639086877629476,1.5
7,0.76,0.015325865161117471,Mumps,0.5251365789612482,0.5853612397081848,0.8596765353790861,0.25338938007151973,0.35367919414833976,0.0752369292048434,0.7466106199284803,1.5
7,0.77,0.01459224509402912,Mumps,0.5251365789612482,0.5621363074815373,0.8618507099464601,0.27200240707727114,0.3666115145401928,0.08410033486733216,0.7279975929227289,1.5
7,0.78,0.013868446864537393,Mumps,0.5251365789612482,0.5387182938922543,0.8641484659608276,0.292014911154621,0.3787347701346282,0.09421280170472549,0.7079850888453789,1.5
7,0.79,0.013154215555345548,Mumps,0.5251365789612482,0.5152152314336759,0.8665720422799802,0.3135117710135758,0.38981724785834326,0.10576251556488667,0.6864882289864243,1.5
7,0.8,0.012449305988104451,Mumps,0.5251365789612482,0.49173784128340564,0.8691228305002141,0.33657666918440937,0.39962473828359035,0.11896439278534535,0.6634233308155906,1.5
7,0.81,0.011753482234997718,Mumps,0.5251365789612482,0.46839773396095225,0.8718012399662256,0.3612900579688073,0.407930419372826,0.13406266232485547,0.6387099420311927,1.5
7,0.8200000000000001,0.011066517160515928,Mumps,0.5251365789612482,0.4453055946534627,0.8746065653182294,0.38772653594983664,0.41452613725481996,0.1513331206952226,0.6122734640501634,1.5
7,0.8300000000000001,0.010388191991203893,Mumps,0.5251365789612482,0.42256943026335503,0.8775368617143228,0.415951498509507,0.41923434874685916,0.17108472326457497,0.584048501490493,1.5
7,0.8400000000000001,0.00971829591136626,Mumps,0.5251365789612482,0.40029295708132623,0.880588833559718,0.44601689664669664,0.4219197535760199,0.1936600220121401,0.5539831033533034,1.5
7,0.8500000000000001,0.009056625682870098,Mumps,0.5251365789612482,0.378574206748112,0.8837577430571811,0.4779559032421579,0.42249951243986683,0.21943374910506486,0.5220440967578421,1.5
7,0.86,0.008402985287347826,Mumps,0.5251365789612482,0.35750442487736916,0.8870373450726727,0.511776243574139,0.42095097306326273,0.24880855848773287,0.488223756425861,1.5
7,0.87,0.00775718558923346,Mumps,0.5251365789612482,0.337167333174371,0.8904198546007389,0.5474518959054463,0.4173160377164674,0.2822065487396431,0.4525481040945537,1.5
7,0.88,0.007119044018198839,Mumps,0.5251365789612482,0.31763882487981077,0.8938959524472243,0.5849128066103055,0.4117016912198314,0.3200546666668959,0.41508719338969446,1.5
7,0.89,0.006488384269662579,Mumps,0.5251365789612482,0.2989871690562653,0.8974548335851424,0.6240321905156356,0.4042767166417509,0.36276138924251256,0.37596780948436437,1.5
7,0.9,0.0058650360221551,Mumps,0.5251365789612482,0.28127381802608487,0.9010843009895293,0.6646108984187933,0.3952651769289779,0.4106811453881736,0.3353891015812067,1.5
7,0.91,0.0052488346704134305,Mumps,0.5251365789612482,0.26455495464568135,0.9047709056775435,0.7063582271437298,0.38493775190322865,0.4640616957515124,0.29364177285627024,1.5
7,0.9199999999999999,0.004639621073171854,Mumps,0.5251365789612482,0.24888400045236753,0.908500131286019,0.7488684194644285,0.37360243749504746,0.5229680437000502,0.2511315805355715,1.5
7,0.9299999999999999,0.004037241314682958,Mumps,0.5251365789612482,0.23431546660559882,0.9122566189762026,0.7915919475141007,0.3615964442603389,0.5871742824236943,0.20840805248589933,1.5
7,0.94,0.0034415464790891375,Mumps,0.5251365789612482,0.22091083608767606,0.9160244259690586,0.8338004888399232,0.34928147402339604,0.6560119345335313,0.1661995111600768,1.5
7,0.95,0.0028523924368194214,Mumps,0.5251365789612482,0.20874776461191116,0.9197873088064139,0.8745442829992499,0.33704514776563405,0.7281596105713688,0.1254557170007501,1.5
7,0.96,0.002269639642252058,Mumps,0.5251365789612482,0.1979351109519458,0.9235290207159457,0.9126002912854592,0.32531270871047835,0.8013539435717382,0.08739970871454084,1.5
7,0.97,0.001693152941940082,Mumps,0.5251365789612482,0.1886389601999719,0.9272336114075784,0.9464092641824189,0.31457634254462563,0.8719954187987536,0.053590735817581114,1.5
7,0.98,0.0011228013927430816,Mumps,0.5251365789612482,0.1811310109964538,0.9308857173591838,0.9739994401649847,0.30545728082863494,0.9346144910199101,0.026000559835015258,1.5
7,0.99,5.584580892605828e-4,Mumps,0.5251365789612482,0.17588667774899158,0.9344708311960048,0.992894143190838,0.2988359306954414,0.9811527319686761,0.007105856809161981,1.5
8,0.5,0.039017204660087804,Mumps,0.5251365789612482,0.9701352997227813,0.7796345702674035,0.03638340738686346,0.0701364566418253,0.00850357234636408,0.9636165926131366,1.5
8,0.51,0.037888268786278906,Mumps,0.5251365789612482,0.9664476252927083,0.7800298629599982,0.03866206411839068,0.07434981564653993,0.009070621862997275,0.9613379358816093,1.5
8,0.52,0.03678207587052038,Mumps,0.5251365789612482,0.9623621675734404,0.780453109267013,0.04110679104093995,0.07884572848725195,0.009685128397999027,0.95889320895906,1.5
8,0.53,0.03569774337399568,Mumps,0.5251365789612482,0.9578444502854184,0.7809065857038493,0.04373201854096825,0.08364507865950356,0.01035225319012948,0.9562679814590318,1.5
8,0.54,0.0346344388578702,Mumps,0.5251365789612482,0.9528583864645089,0.7813927569668999,0.04655353789152105,0.08877006151014608,0.011077829574863847,0.9534464621084789,1.5
8,0.55,0.033591376272233714,Mumps,0.5251365789612482,0.9473664610453225,0.7819142892505669,0.049588631427275015,0.09424417733164775,0.011868462608175569,0.950411368572725,1.5
8,0.56,0.032567812581844734,Mumps,0.5251365789612482,0.9413299739117669,0.7824740638588252,0.05285621410883638,0.10009219449569462,0.012731644814239013,0.9471437858911637,1.5
8,0.5700000000000001,0.03156304469268237,Mumps,0.5251365789612482,0.9347093504400594,0.7830751909451654,0.05637698713137751,0.10634007356102648,0.013675890806178703,0.9436230128686225,1.5
8,0.58,0.03057640664773235,Mumps,0.5251365789612482,0.9274645260404355,0.7837210231656134,0.06017360417287186,0.11301484130079893,0.014710894002943642,0.9398263958271281,1.5
8,0.59,0.029607267064215806,Mumps,0.5251365789612482,0.9195554102583962,0.7844151689716172,0.06427085078184057,0.1201444013008196,0.01584770921677134,0.9357291492181594,1.5
8,0.6,0.028655026787771022,Mumps,0.5251365789612482,0.9109424345433972,0.7851615052020855,0.06869583726337787,0.12775726518786193,0.017098965524630534,0.9313041627366221,1.5
8,0.61,0.027719116741933347,Mumps,0.5251365789612482,0.9015871857573491,0.7859641885561416,0.07347820522277757,0.135882185695698,0.01847911457381609,0.9265217947772224,1.5
8,0.62,0.02679899595374786,Mumps,0.5251365789612482,0.8914531248182441,0.7868276654398294,0.07865034765249654,0.14454766975380345,0.020004720316270264,0.9213496523475034,1.5
8,0.63,0.02589414973849784,Mumps,0.5251365789612482,0.8805063865221812,0.7877566795811439,0.08424764208132043,0.15378134675304797,0.021694797126621968,0.9157523579186796,1.5
8,0.64,0.025004088028426463,Mumps,0.5251365789612482,0.8687166525665657,0.7887562766990237,0.09030869582041945,0.1636091643723891,0.023571204340712186,0.9096913041795806,1.5
8,0.65,0.02412834383196929,Mumps,0.5251365789612482,0.8560580851669927,0.7898318053948219,0.09687560171025524,0.17405438225454214,0.025659106454798693,0.9031243982897448,1.5
8,0.66,0.023266471811473847,Mumps,0.5251365789612482,0.8425103035459471,0.7909889133118837,0.1039942019589332,0.18513633300182444,0.02798750954264356,0.8960057980410668,1.5
8,0.67,0.02241804696864758,Mumps,0.5251365789612482,0.8280593801760902,0.7922335374842224,0.11171435662231939,0.1968689212716144,0.030589885857435398,0.8882856433776806,1.5
8,0.6799999999999999,0.021582663428098742,Mumps,0.5251365789612482,0.8126988282720922,0.7935718876746645,0.12009021195492356,0.2092588363151459,0.033504900048034574,0.8799097880450765,1.5
8,0.69,0.02075993331032641,Mumps,0.5251365789612482,0.7964305470144742,0.7950104213941043,0.12918046219174237,0.22230346256400385,0.036777251866428017,0.8708195378082576,1.5
8,0.7,0.0199494856863911,Mumps,0.5251365789612482,0.7792656868007873,0.7965558092069569,0.1390485962240911,0.23598848855608223,0.0404586515676477,0.860951403775909,1.5
8,0.71,0.019150965607269168,Mumps,0.5251365789612482,0.761225393948293,0.7982148888763982,0.14976311800770886,0.2502852385252667,0.04460894524000641,0.8502368819922912,1.5
8,0.72,0.018364033201585493,Mumps,0.5251365789612482,0.7423413932246018,0.799994606902249,0.16139772626863277,0.26514778523413624,0.04929740780840224,0.8386022737313672,1.5
8,0.73,0.017588362836034606,Mumps,0.5251365789612482,0.7226563678287076,0.801901946072503,0.1740314350040546,0.28050994852553784,0.054604221072510464,0.8259685649959454,1.5
8,0.74,0.016823642333334936,Mumps,0.5251365789612482,0.7022241003570079,0.8039438378068965,0.18774861123290365,0.2962823419175899,0.06062215236979756,0.8122513887670963,1.5
8,0.75,0.016069572243060555,Mumps,0.5251365789612482,0.6811093450816519,0.806127058338751,0.20263890021559602,0.3123496976618905,0.06745844557836392,0.797361099784404,1.5
8,0.76,0.015325865161117471,Mumps,0.5251365789612482,0.659387411536372,0.8084581081805643,0.218797000670021,0.3285687742082578,0.0752369292048434,0.7812029993299789,1.5
8,0.77,0.01459224509402912,Mumps,0.5251365789612482,0.6371434516847609,0.8109430748673939,0.23632224303867133,0.3447672199357978,0.08410033486733216,0.7636777569613287,1.5
8,0.78,0.013868446864537393,Mumps,0.5251365789612482,0.614471457297029,0.8135874796823961,0.255317912219554,0.3607438193519867,0.09421280170472549,0.744682087780446,1.5
8,0.79,0.013154215555345548,Mumps,0.5251365789612482,0.5914729897894379,0.8163961099437897,0.2758902418861857,0.37627056407938714,0.10576251556488667,0.7241097581138143,1.5
8,0.8,0.012449305988104451,Mumps,0.5251365789612482,0.5682556806957278,0.8193728394616187,0.2981469900151011,0.39109694945748974,0.11896439278534535,0.701853009984899,1.5
8,0.81,0.011753482234997718,Mumps,0.5251365789612482,0.5449315560617385,0.8225204409278234,0.32219548381522534,0.4049567785970729,0.13406266232485547,0.6778045161847747,1.5
8,0.8200000000000001,0.011066517160515928,Mumps,0.5251365789612482,0.5216152513460249,0.8258403952351188,0.3481399960679586,0.4175775474595262,0.1513331206952226,0.6518600039320415,1.5
8,0.8300000000000001,0.010388191991203893,Mumps,0.5251365789612482,0.49842219403640386,0.8293327039565518,0.37607828291851897,0.4286921913510946,0.17108472326457497,0.623921717081481,1.5
8,0.8400000000000001,0.00971829591136626,Mumps,0.5251365789612482,0.47546683869461576,0.8329957123624503,0.40609707417016083,0.4380526227108318,0.1936600220121401,0.5939029258298392,1.5
8,0.8500000000000001,0.009056625682870098,Mumps,0.5251365789612482,0.45286104359548435,0.8368259512893844,0.4382662596299339,0.4454441357375754,0.21943374910506486,0.5617337403700662,1.5
8,0.86,0.008402985287347826,Mumps,0.5251365789612482,0.43071268032582305,0.8408180067784045,0.4726314572285876,0.4506994694189027,0.24880855848773287,0.5273685427714123,1.5
8,0.87,0.00775718558923346,Mumps,0.5251365789612482,0.409124569354569,0.8449644265385311,0.5092045783067851,0.4537111869827354,0.2822065487396431,0.4907954216932149,1.5
8,0.88,0.007119044018198839,Mumps,0.5251365789612482,0.3881938385979581,0.8492556718521425,0.5479519199889027,0.4544411107704159,0.3200546666668959,0.4520480800110973,1.5
8,0.89,0.006488384269662579,Mumps,0.5251365789612482,0.3680118130588364,0.8536801224403725,0.5887792107737969,0.4529258729461453,0.36276138924251256,0.4112207892262031,1.5
8,0.9,0.0058650360221551,Mumps,0.5251365789612482,0.34866456923505024,0.8582241400192582,0.6315129095249604,0.4492781793853164,0.4106811453881736,0.3684870904750396,1.5
8,0.91,0.0052488346704134305,Mumps,0.5251365789612482,0.33023434075307956,0.8628721938377247,0.6758769053144877,0.4436840660098776,0.4640616957515124,0.32412309468551226,1.5
8,0.9199999999999999,0.004639621073171854,Mumps,0.5251365789612482,0.3128020638849874,0.8676070485093439,0.7214635804983628,0.43639716396514877,0.5229680437000502,0.2785364195016372,1.5
8,0.9299999999999999,0.004037241314682958,Mumps,0.5251365789612482,0.29645154523989165,0.8724100111185116,0.7676979752647134,0.4277317175068455,0.5871742824236943,0.2323020247352866,1.5
8,0.94,0.0034415464790891375,Mumps,0.5251365789612482,0.28127610291348004,0.8772612311488088,0.8137935206277862,0.418056834264472,0.6560119345335313,0.1862064793722138,1.5
8,0.95,0.0028523924368194214,Mumps,0.5251365789612482,0.26738925473976305,0.8821400435371316,0.8586974787280908,0.40779537145763245,0.7281596105713688,0.14130252127190923,1.5
8,0.96,0.002269639642252058,Mumps,0.5251365789612482,0.25494250511289546,0.887025342398328,0.9010238326633635,0.3974324607194248,0.8013539435717382,0.0989761673366365,1.5
8,0.97,0.001693152941940082,Mumps,0.5251365789612482,0.24415649040313364,0.8918959709581635,0.9389708888852712,0.38754210380766463,0.8719954187987536,0.06102911111472875,1.5
8,0.98,0.0011228013927430816,Mumps,0.5251365789612482,0.2353792557111274,0.8967311121775084,0.9702202765991932,0.37884839942519155,0.9346144910199101,0.029779723400806812,1.5
8,0.99,5.584580892605828e-4,Mumps,0.5251365789612482,0.22920478110535056,0.9015106645536155,0.9918133303704336,0.3723586982836208,0.9811527319686761,0.008186669629566379,1.5
9,0.5,0.039017204660087804,Mumps,0.5251365789612482,0.9821461623610582,0.7197965246305928,0.029184324381870613,0.056684283858715385,0.00850357234636408,0.9708156756181294,1.5
9,0.51,0.037888268786278906,Mumps,0.5251365789612482,0.9796635236203769,0.7201754791680289,0.03105175202516403,0.06019552595389248,0.009070621862997275,0.9689482479748359,1.5
9,0.52,0.03678207587052038,Mumps,0.5251365789612482,0.9768748735505719,0.7205824681149156,0.03306103388083148,0.06395751067793785,0.009685128397999027,0.9669389661191685,1.5
9,0.53,0.03569774337399568,Mumps,0.5251365789612482,0.9737487819042653,0.7210199257792773,0.03522523681383654,0.0679909111700246,0.01035225319012948,0.9647747631861635,1.5
9,0.54,0.0346344388578702,Mumps,0.5251365789612482,0.970251683729889,0.7214905062996484,0.03755875548894508,0.0723180557252302,0.011077829574863847,0.962441244511055,1.5
9,0.55,0.033591376272233714,Mumps,0.5251365789612482,0.9663479441296496,0.7219971016460702,0.04007745192171291,0.07696300872861844,0.011868462608175569,0.9599225480782871,1.5
9,0.56,0.032567812581844734,Mumps,0.5251365789612482,0.9619999751883408,0.7225428604522663,0.04279880902439798,0.08195163821146553,0.012731644814239013,0.957201190975602,1.5
9,0.5700000000000001,0.03156304469268237,Mumps,0.5251365789612482,0.9571684137613843,0.7231312075452322,0.04574209926614683,0.087311663459433,0.013675890806178703,0.9542579007338532,1.5
9,0.58,0.03057640664773235,Mumps,0.5251365789612482,0.9518123689188329,0.723765863983683,0.04892856957179377,0.09307267429706564,0.014710894002943642,0.9510714304282062,1.5
9,0.59,0.029607267064215806,Mumps,0.5251365789612482,0.945889747591521,0.7244508673505519,0.052381643559102783,0.09926611148785856,0.01584770921677134,0.9476183564408972,1.5
9,0.6,0.028655026787771022,Mumps,0.5251365789612482,0.9393576662566482,0.7251905919655528,0.05612714214973621,0.10592519507722747,0.017098965524630534,0.9438728578502638,1.5
9,0.61,0.027719116741933347,Mumps,0.5251365789612482,0.932172955230049,0.7259897685904521,0.06019352347150334,0.11308478443076381,0.01847911457381609,0.9398064765284967,1.5
9,0.62,0.02679899595374786,Mumps,0.5251365789612482,0.9242927602035687,0.7268535030909494,0.06461214278158363,0.12078115016718377,0.020004720316270264,0.9353878572184163,1.5
9,0.63,0.02589414973849784,Mumps,0.5251365789612482,0.9156752429948921,0.7277872933943035,0.0694175328614946,0.1290516341789146,0.021694797126621968,0.9305824671385055,1.5
9,0.64,0.025004088028426463,Mumps,0.5251365789612482,0.9062803800090486,0.7287970439408544,0.07464770493791584,0.13793416956064705,0.023571204340712186,0.9253522950620842,1.5
9,0.65,0.02412834383196929,Mumps,0.5251365789612482,0.8960708526335487,0.7298890766712277,0.08034446963603037,0.14746662771289662,0.025659106454798693,0.9196555303639696,1.5
9,0.66,0.023266471811473847,Mumps,0.5251365789612482,0.8850130187511949,0.731070137421195,0.08655377673237916,0.1576859554820693,0.02798750954264356,0.9134462232676208,1.5
9,0.67,0.02241804696864758,Mumps,0.5251365789612482,0.8730779488809312,0.7323473964166083,0.0933260714907909,0.16862706147053,0.030589885857435398,0.9066739285092091,1.5
9,0.6799999999999999,0.021582663428098742,Mumps,0.5251365789612482,0.8602425043631675,0.7337284413772267,0.10071666407377003,0.18032140840042268,0.033504900048034574,0.89928333592623,1.5
9,0.69,0.02075993331032641,Mumps,0.5251365789612482,0.8464904288069073,0.7352212615589904,0.10878610684327353,0.19279526879056177,0.036777251866428017,0.8912138931567265,1.5
9,0.7,0.0199494856863911,Mumps,0.5251365789612482,0.8318134181250807,0.7368342209008748,0.11760057220092447,0.20606760577085406,0.0404586515676477,0.8823994277990755,1.5
9,0.71,0.019150965607269168,Mumps,0.5251365789612482,0.8162121294024336,0.7385760183098604,0.12723222084662866,0.2201475516354775,0.04460894524000641,0.8727677791533713,1.5
9,0.72,0.018364033201585493,Mumps,0.5251365789612482,0.7996970851265589,0.7404556330347744,0.13775954680645822,0.2350314761810804,0.04929740780840224,0.8622404531935418,1.5
9,0.73,0.017588362836034606,Mumps,0.5251365789612482,0.7822894275440045,0.7424822530695749,0.1492676811102816,0.2506996677321656,0.054604221072510464,0.8507323188897185,1.5
9,0.74,0.016823642333334936,Mumps,0.5251365789612482,0.7640214786150779,0.744665184615613,0.16184863035960134,0.26711269470856097,0.06062215236979756,0.8381513696403986,1.5
9,0.75,0.016069572243060555,Mumps,0.5251365789612482,0.7449370646615424,0.7470137408495613,0.17560141933568293,0.2842075766399323,0.06745844557836392,0.824398580664317,1.5
9,0.76,0.015325865161117471,Mumps,0.5251365789612482,0.7250915715792564,0.7495371086194571,0.1906320979138861,0.3018939710193119,0.0752369292048434,0.8093679020861139,1.5
9,0.77,0.01459224509402912,Mumps,0.5251365789612482,0.7045517064328499,0.752244192254378,0.20705356144909576,0.32005067364496853,0.08410033486733216,0.7929464385509042,1.5
9,0.78,0.013868446864537393,Mumps,0.5251365789612482,0.6833949540869684,0.7551434344476832,0.22498511996195825,0.3385228278760596,0.09421280170472549,0.7750148800380418,1.5
9,0.79,0.013154215555345548,Mumps,0.5251365789612482,0.6617087326920162,0.7582426151739249,0.24455173425126428,0.3571203292025904,0.10576251556488667,0.7554482657487357,1.5
9,0.8,0.012449305988104451,Mumps,0.5251365789612482,0.6395892685013344,0.7615486308253456,0.26588281570843086,0.3756179755766708,0.11896439278534535,0.7341171842915691,1.5
9,0.81,0.011753482234997718,Mumps,0.5251365789612482,0.6171402276378288,0.7650672571845304,0.28911046016542713,0.3937579250427094,0.13406266232485547,0.7108895398345729,1.5
9,0.8200000000000001,0.011066517160515928,Mumps,0.5251365789612482,0.5944711589741736,0.7688029014386566,0.3143669534073399,0.41125495198597417,0.1513331206952226,0.6856330465926601,1.5
9,0.8300000000000001,0.010388191991203893,Mumps,0.5251365789612482,0.5716958172619202,0.7727583501111012,0.34178134560883977,0.427804817996023,0.17108472326457497,0.6582186543911602,1.5
9,0.8400000000000001,0.00971829591136626,Mumps,0.5251365789612482,0.5489304483488251,0.7769345214288972,0.3714748421802067,0.4430957834913878,0.1936600220121401,0.6285251578197932,1.5
9,0.8500000000000001,0.009056625682870098,Mumps,0.5251365789612482,0.5262921285575647,0.7813302321210078,0.403554697227495,0.4568228975002313,0.21943374910506486,0.596445302772505,1.5
9,0.86,0.008402985287347826,Mumps,0.5251365789612482,0.5038972585853269,0.7859419897902546,0.4381062204733813,0.4687042635687702,0.24880855848773287,0.5618937795266187,1.5
9,0.87,0.00775718558923346,Mumps,0.5251365789612482,0.4818603201412148,0.7907638226485658,0.47518241592591764,0.47849807001194805,0.2822065487396431,0.5248175840740823,1.5
9,0.88,0.007119044018198839,Mumps,0.5251365789612482,0.4602930138878807,0.7957871583858181,0.5147906570184624,0.48601889275840376,0.3200546666668959,0.4852093429815376,1.5
9,0.89,0.006488384269662579,Mumps,0.5251365789612482,0.43930391509979566,0.8010007631219557,0.5568756637518688,0.49115172505743754,0.36276138924251256,0.4431243362481312,1.5
9,0.9,0.0058650360221551,Mumps,0.5251365789612482,0.418998817181371,0.8063907496900631,0.6012978769345508,0.4938624238659381,0.4106811453881736,0.39870212306544917,1.5
9,0.91,0.0052488346704134305,Mumps,0.5251365789612482,0.39948199718903143,0.8119406619110239,0.6478061161159865,0.49420379696778516,0.4640616957515124,0.3521938838840135,1.5
9,0.9199999999999999,0.004639621073171854,Mumps,0.5251365789612482,0.38085875755641724,0.8176316381386634,0.6960031529745877,0.49231734079356376,0.5229680437000502,0.3039968470254123,1.5
9,0.9299999999999999,0.004037241314682958,Mumps,0.5251365789612482,0.3632398230956351,0.8234426533664772,0.7453025207198012,0.4884316008122913,0.5871742824236943,0.2546974792801988,1.5
9,0.94,0.0034415464790891375,Mumps,0.5251365789612482,0.3467485995773685,0.8293508348724339,0.7948745003484853,0.4828592200937399,0.6560119345335313,0.20512549965151472,1.5
9,0.95,0.0028523924368194214,Mumps,0.5251365789612482,0.33153313657053274,0.8353318420834207,0.8435787616459394,0.47599605317117494,0.7281596105713688,0.15642123835406063,1.5
9,0.96,0.002269639642252058,Mumps,0.5251365789612482,0.3177863496247826,0.8413602974417179,0.8898805728376377,0.4683276383317241,0.8013539435717382,0.11011942716236234,1.5
9,0.97,0.001693152941940082,Mumps,0.5251365789612482,0.30578177733914236,0.8474102519138667,0.9317468062562605,0.46045190102899086,0.8719954187987536,0.0682531937437395,1.5
9,0.98,0.0011228013927430816,Mumps,0.5251365789612482,0.295940863990032,0.8534556666963735,0.9665171322816593,0.4531349415716258,0.9346144910199101,0.03348286771834075,1.5
9,0.99,5.584580892605828e-4,Mumps,0.5251365789612482,0.28897020492890263,0.8594708918396606,0.9907447787378112,0.4474366955113621,0.9811527319686761,0.009255221262188806,1.5
10,0.5,0.039017204660087804,Mumps,0.5251365789612482,0.9894762083552555,0.6547429975778283,0.023989845653639947,0.04684395974092115,0.00850357234636408,0.9760101543463601,1.5
10,0.51,0.037888268786278906,Mumps,0.5251365789612482,0.9878485622247927,0.6550967467293702,0.02554748313747655,0.04980687383045116,0.009070621862997275,0.9744525168625234,1.5
10,0.52,0.03678207587052038,Mumps,0.5251365789612482,0.9859952699877281,0.6554775798679416,0.027227069558092662,0.05299086045011583,0.009685128397999027,0.9727729304419074,1.5
10,0.53,0.03569774337399568,Mumps,0.5251365789612482,0.9838895983682563,0.6558879723507078,0.02904035634409488,0.05641555846371726,0.01035225319012948,0.9709596436559051,1.5
10,0.54,0.0346344388578702,Mumps,0.5251365789612482,0.9815024880256459,0.6563306396387273,0.031000362413626945,0.06010241418178898,0.011077829574863847,0.9689996375863731,1.5
10,0.55,0.033591376272233714,Mumps,0.5251365789612482,0.9788025182454642,0.6568085592599745,0.033121517828967086,0.06407481965715543,0.011868462608175569,0.9668784821710329,1.5
10,0.56,0.032567812581844734,Mumps,0.5251365789612482,0.9757559110347739,0.6573249941770936,0.035419823422021955,0.06835825048830331,0.012731644814239013,0.964580176577978,1.5
10,0.5700000000000001,0.03156304469268237,Mumps,0.5251365789612482,0.9723265837086595,0.6578835174820947,0.03791302793703693,0.07298039892143665,0.013675890806178703,0.9620869720629631,1.5
10,0.58,0.03057640664773235,Mumps,0.5251365789612482,0.9684762597060552,0.6584880382846301,0.04062082431273404,0.07797129655731115,0.014710894002943642,0.9593791756872659,1.5
10,0.59,0.029607267064215806,Mumps,0.5251365789612482,0.9641646477704516,0.6591428285912795,0.04356506678134335,0.08336341910293289,0.01584770921677134,0.9564349332186567,1.5
10,0.6,0.028655026787771022,Mumps,0.5251365789612482,0.9593496996718344,0.6598525508883615,0.046770010486479885,0.08919176328787523,0.017098965524630534,0.9532299895135201,1.5
10,0.61,0.027719116741933347,Mumps,0.5251365789612482,0.9539879562145079,0.6606222860380856,0.05026257530251942,0.09549388321357401,0.01847911457381609,0.9497374246974806,1.5
10,0.62,0.02679899595374786,Mumps,0.5251365789612482,0.9480349902499267,0.6614575609753711,0.05407263545791058,0.10230986994619211,0.020004720316270264,0.9459273645420894,1.5
10,0.63,0.02589414973849784,Mumps,0.5251365789612482,0.9414459536747073,0.6623643755487202,0.05823333640202105,0.10968225403659784,0.021694797126621968,0.9417666635979789,1.5
10,0.64,0.025004088028426463,Mumps,0.5251365789612482,0.9341762328365724,0.6633492276819186,0.06278144008152199,0.11765580581920965,0.023571204340712186,0.937218559918478,1.5
10,0.65,0.02412834383196929,Mumps,0.5251365789612482,0.9261822133185037,0.6644191358437614,0.06775769937239715,0.12627720282244598,0.025659106454798693,0.9322423006276028,1.5
10,0.66,0.023266471811473847,Mumps,0.5251365789612482,0.9174221506945219,0.6655816576013369,0.07320726180210421,0.13559452752301981,0.02798750954264356,0.9267927381978958,1.5
10,0.67,0.02241804696864758,Mumps,0.5251365789612482,0.9078571385859768,0.666844902801332,0.07918010183593022,0.1456565522390768,0.030589885857435398,0.9208198981640698,1.5
10,0.6799999999999999,0.021582663428098742,Mumps,0.5251365789612482,0.8974521593172857,0.6682175396783083,0.08573147981996138,0.1565117616346955,0.033504900048034574,0.9142685201800387,1.5
10,0.69,0.02075993331032641,Mumps,0.5251365789612482,0.8861771958991066,0.6697087919369229,0.09292242407937121,0.16820705784486953,0.036777251866428017,0.9070775759206288,1.5
10,0.7,0.0199494856863911,Mumps,0.5251365789612482,0.8740083772905339,0.6713284246082993,0.10082023055101984,0.18078608976620594,0.0404586515676477,0.8991797694489801,1.5
10,0.71,0.019150965607269168,Mumps,0.5251365789612482,0.8609291223575574,0.6730867162552332,0.10949897154070375,0.1942871482397057,0.04460894524000641,0.8905010284592962,1.5
10,0.72,0.018364033201585493,Mumps,0.5251365789612482,0.8469312421965671,0.6749944149176889,0.11904000155957226,0.20874057492622755,0.04929740780840224,0.8809599984404277,1.5
10,0.73,0.017588362836034606,Mumps,0.5251365789612482,0.8320159561396083,0.6770626750754153,0.1295324434884766,0.22416564753651488,0.054604221072510464,0.8704675565115234,1.5
10,0.74,0.016823642333334936,Mumps,0.5251365789612482,0.8161947744298952,0.6793029728901887,0.14107363226661485,0.24056693119793,0.06062215236979756,0.8589263677333852,1.5
10,0.75,0.016069572243060555,Mumps,0.5251365789612482,0.7994902008347512,0.6817269971123462,0.15376948555677333,0.25793012889364564,0.06745844557836392,0.8462305144432267,1.5
10,0.76,0.015325865161117471,Mumps,0.5251365789612482,0.7819362118109404,0.6843465133344655,0.1677347609767431,0.27621752658642296,0.0752369292048434,0.8322652390232569,1.5
10,0.77,0.01459224509402912,Mumps,0.5251365789612482,0.7635784755253144,0.6871731997892226,0.18309314697436094,0.29536321301500257,0.08410033486733216,0.816906853025639,1.5
10,0.78,0.013868446864537393,Mumps,0.5251365789612482,0.7444742840754685,0.6902184536556005,0.19997711860619458,0.3152683595642931,0.09421280170472549,0.8000228813938054,1.5
10,0.79,0.013154215555345548,Mumps,0.5251365789612482,0.7246921853719269,0.6934931678862328,0.21852746954495153,0.3357969665767495,0.10576251556488667,0.7814725304550485,1.5
10,0.8,0.012449305988104451,Mumps,0.5251365789612482,0.7043113167600911,0.6970074799127943,0.238892406586207,0.35677260655796555,0.11896439278534535,0.761107593413793,1.5
10,0.81,0.011753482234997718,Mumps,0.5251365789612482,0.6834204597539373,0.7007704952179141,0.2612260615134713,0.3779768009301962,0.13406266232485547,0.7387739384865287,1.5
10,0.8200000000000001,0.011066517160515928,Mumps,0.5251365789612482,0.662116853247671,0.7047899906437886,0.28568623588725434,0.3991497256977456,0.1513331206952226,0.7143137641127457,1.5
10,0.8300000000000001,0.010388191991203893,Mumps,0.5251365789612482,0.6405048202818326,0.7090721043663797,0.31243114527189775,0.4199939172965149,0.17108472326457497,0.6875688547281023,1.5
10,0.8400000000000001,0.00971829591136626,Mumps,0.5251365789612482,0.6186942800663212,0.713621021586271,0.34161486829309456,0.4401815089643261,0.1936600220121401,0.6583851317069054,1.5
10,0.8500000000000001,0.009056625682870098,Mumps,0.5251365789612482,0.5967992321110434,0.7184386670194725,0.3733811298930794,0.45936524863197886,0.21943374910506486,0.6266188701069206,1.5
10,0.86,0.008402985287347826,Mumps,0.5251365789612482,0.5749363132764933,0.7235244170246933,0.4078549537335456,0.47719313616718206,0.24880855848773287,0.5921450462664544,1.5
10,0.87,0.00775718558923346,Mumps,0.5251365789612482,0.5532235426425456,0.7288748454665407,0.4451316016162865,0.49332601330187165,0.2822065487396431,0.5548683983837135,1.5
10,0.88,0.007119044018198839,Mumps,0.5251365789612482,0.5317793861314365,0.7344835179717708,0.4852620728104572,0.507456927981058,0.3200546666668959,0.5147379271895428,1.5
10,0.89,0.006488384269662579,Mumps,0.5251365789612482,0.5107222979640784,0.7403408488957146,0.5282342568798851,0.5193306924706963,0.36276138924251256,0.4717657431201149,1.5
10,0.9,0.0058650360221551,Mumps,0.5251365789612482,0.49017093825553226,0.7464340339384004,0.5739486121502918,0.5287618851112676,0.4106811453881736,0.4260513878497082,1.5
10,0.91,0.0052488346704134305,Mumps,0.5251365789612482,0.47024534112076405,0.7527470688761381,0.6221869687526048,0.5356497070209829,0.4640616957515124,0.3778130312473952,1.5
10,0.9199999999999999,0.004639621073171854,Mumps,0.5251365789612482,0.4510694441497098,0.7592608613526755,0.6725727185161509,0.5399886411730442,0.5229680437000502,0.32742728148384914,1.5
10,0.9299999999999999,0.004037241314682958,Mumps,0.5251365789612482,0.43277564236289734,0.765953438271456,0.7245202395715935,0.5418747564562155,0.5871742824236943,0.2754797604284065,1.5
10,0.94,0.0034415464790891375,Mumps,0.5251365789612482,0.41551250664608635,0.7728002463312691,0.7771708939339129,0.5415087123268799,0.6560119345335313,0.22282910606608708,1.5
10,0.95,0.0028523924368194214,Mumps,0.5251365789612482,0.3994577390460081,0.7797745380327399,0.8293123103469631,0.5391980714664614,0.7281596105713688,0.17068768965303693,1.5
10,0.96,0.002269639642252058,Mumps,0.5251365789612482,0.38484034630222336,0.786847830491757,0.8792768964444956,0.5353636733694054,0.8013539435717382,0.12072310355550442,1.5
10,0.97,0.001693152941940082,Mumps,0.5251365789612482,0.3719801618819276,0.793990420075492,0.9248145823992409,0.5305584088595732,0.8719954187987536,0.07518541760075914,1.5
10,0.98,0.0011228013927430816,Mumps,0.5251365789612482,0.3613625681037539,0.8011719326255915,0.9629336445094174,0.525514112898958,0.9346144910199101,0.03706635549058257,1.5
10,0.99,5.584580892605828e-4,Mumps,0.5251365789612482,0.3537913118504241,0.8083618871492335,0.9897020452544638,0.5212500427782735,0.9811527319686761,0.010297954745536186,1.5
11,0.5,0.039017204660087804,Mumps,0.5251365789612482,0.9938783928390844,0.5862283860945332,0.0201849154290497,0.03956626996095242,0.00850357234636408,0.9798150845709503,1.5
11,0.51,0.037888268786278906,Mumps,0.5251365789612482,0.99283597115647,0.5865508044855247,0.02150833737727055,0.04210454152158944,0.009070621862997275,0.9784916626227295,1.5
11,0.52,0.03678207587052038,Mumps,0.5251365789612482,0.9916330419776834,0.5868985589687208,0.022937635449643272,0.04483811275599215,0.009685128397999027,0.9770623645503568,1.5
11,0.53,0.03569774337399568,Mumps,0.5251365789612482,0.9902480925469981,0.587274061694876,0.02448336876452534,0.04778527155718659,0.01035225319012948,0.9755166312354746,1.5
11,0.54,0.0346344388578702,Mumps,0.5251365789612482,0.9886573554586731,0.5876799728316877,0.02615729049091839,0.050966149820427874,0.011077829574863847,0.9738427095090816,1.5
11,0.55,0.033591376272233714,Mumps,0.5251365789612482,0.9868347024155419,0.5881192253240559,0.027972491674501315,0.054402896743710745,0.011868462608175569,0.9720275083254987,1.5
11,0.56,0.032567812581844734,Mumps,0.5251365789612482,0.9847515633558223,0.588595051588168,0.029943562402955506,0.058119861109420495,0.012731644814239013,0.9700564375970445,1.5
11,0.5700000000000001,0.03156304469268237,Mumps,0.5251365789612482,0.9823768793570252,0.5891110121323164,0.03208677222398189,0.06214378034522996,0.013675890806178703,0.9679132277760181,1.5
11,0.58,0.03057640664773235,Mumps,0.5251365789612482,0.9796770987513145,0.5896710260459218,0.034420271876357225,0.06650397302418756,0.014710894002943642,0.9655797281236428,1.5
11,0.59,0.029607267064215806,Mumps,0.5251365789612482,0.9766162267780013,0.5902794032319105,0.0369643185314798,0.07123252997838747,0.01584770921677134,0.9630356814685201,1.5
11,0.6,0.028655026787771022,Mumps,0.5251365789612482,0.9731559397605695,0.5909408781736661,0.03974152686099181,0.07636449728505053,0.017098965524630534,0.9602584731390081,1.5
11,0.61,0.027719116741933347,Mumps,0.5251365789612482,0.9692557751143078,0.5916606449234677,0.04277714833309168,0.08193804194340619,0.01847911457381609,0.9572228516669083,1.5
11,0.62,0.02679899595374786,Mumps,0.5251365789612482,0.9648734083383981,0.5924443928717424,0.04609938117962675,0.08799458798942168,0.020004720316270264,0.9539006188203732,1.5
11,0.63,0.02589414973849784,Mumps,0.5251365789612482,0.9599650273858467,0.5932983427029219,0.049739713446556144,0.09457890698130934,0.021694797126621968,0.9502602865534439,1.5
11,0.64,0.025004088028426463,Mumps,0.5251365789612482,0.9544858132991731,0.5942292817617697,0.05373330141354607,0.10173914212204153,0.023571204340712186,0.946266698586454,1.5
11,0.65,0.02412834383196929,Mumps,0.5251365789612482,0.9483905336251307,0.5952445978421421,0.058119385407648605,0.10952673967424537,0.025659106454798693,0.9418806145923514,1.5
11,0.66,0.023266471811473847,Mumps,0.5251365789612482,0.9416342517839695,0.5963523101676911,0.0629417445936724,0.11799625471871267,0.02798750954264356,0.9370582554063276,1.5
11,0.67,0.02241804696864758,Mumps,0.5251365789612482,0.9341731512233524,0.5975610960622096,0.06824919163882193,0.12720499074201266,0.030589885857435398,0.9317508083611781,1.5
11,0.6799999999999999,0.021582663428098742,Mumps,0.5251365789612482,0.925965467860996,0.598880311509703,0.07409610714311801,0.13721242417932816,0.033504900048034574,0.925903892856882,1.5
11,0.69,0.02075993331032641,Mumps,0.5251365789612482,0.9169725181335625,0.6003200034875337,0.08054301229988993,0.14807935626746563,0.036777251866428017,0.9194569877001101,1.5
11,0.7,0.0199494856863911,Mumps,0.5251365789612482,0.9071598031526455,0.6018909116309463,0.08765717627505706,0.1598667260792898,0.0404586515676477,0.9123428237249429,1.5
11,0.71,0.019150965607269168,Mumps,0.5251365789612482,0.8964981623738686,0.6036044564696282,0.09551325210833217,0.17263401155956798,0.04460894524000641,0.9044867478916678,1.5
11,0.72,0.018364033201585493,Mumps,0.5251365789612482,0.8849649432834732,0.6054727111883486,0.10419393133971899,0.18643714150300073,0.04929740780840224,0.895806068660281,1.5
11,0.73,0.017588362836034606,Mumps,0.5251365789612482,0.8725451474731214,0.607508353632245,0.1137906027926318,0.20132584318879407,0.054604221072510464,0.8862093972073682,1.5
11,0.74,0.016823642333334936,Mumps,0.5251365789612482,0.8592325087505174,0.6097245951380891,0.12440399467622254,0.21734036114327246,0.06062215236979756,0.8755960053237775,1.5
11,0.75,0.016069572243060555,Mumps,0.5251365789612482,0.8450304562797012,0.6121350827673648,0.13614477099545252,0.23450750641938067,0.06745844557836392,0.8638552290045475,1.5
11,0.76,0.015325865161117471,Mumps,0.5251365789612482,0.8299529157654373,0.614753771692444,0.14913404266677843,0.2528360376679434,0.0752369292048434,0.8508659573332216,1.5
11,0.77,0.01459224509402912,Mumps,0.5251365789612482,0.8140249048685162,0.617594764893574,0.1635037400885339,0.27231143999276525,0.08410033486733216,0.836496259911466,1.5
11,0.78,0.013868446864537393,Mumps,0.5251365789612482,0.7972828856364154,0.620672118011427,0.17939677640742976,0.2928902589589615,0.09421280170472549,0.8206032235925702,1.5
11,0.79,0.013154215555345548,Mumps,0.5251365789612482,0.7797748467699713,0.6239996082108696,0.1969669083556057,0.314494266218814,0.10576251556488667,0.8030330916443943,1.5
11,0.8,0.012449305988104451,Mumps,0.5251365789612482,0.7615601017431544,0.6275904672767834,0.21637817306064927,0.33700487594500883,0.11896439278534535,0.7836218269393507,1.5
11,0.81,0.011753482234997718,Mumps,0.5251365789612482,0.7427088045955751,0.6314570808906791,0.23780374310248564,0.36025838564258417,0.13406266232485547,0.7621962568975144,1.5
11,0.8200000000000001,0.011066517160515928,Mumps,0.5251365789612482,0.7233012028582476,0.635610658105416,0.26142399637836333,0.38404275869667476,0.1513331206952226,0.7385760036216367,1.5
11,0.8300000000000001,0.010388191991203893,Mumps,0.5251365789612482,0.7034266656908789,0.6400608773828531,0.28742353964803274,0.40809676588103727,0.17108472326457497,0.7125764603519673,1.5
11,0.8400000000000001,0.00971829591136626,Mumps,0.5251365789612482,0.6831825441255229,0.6448155180774153,0.31598685199793514,0.43211231708199865,0.1936600220121401,0.6840131480020648,1.5
11,0.8500000000000001,0.009056625682870098,Mumps,0.5251365789612482,0.6626729388579795,0.6498800887799946,0.34729212321387065,0.45574069950548585,0.21943374910506486,0.6527078767861294,1.5
11,0.86,0.008402985287347826,Mumps,0.5251365789612482,0.6420074694441147,0.6552574662769655,0.38150274764079023,0.4786031629394522,0.24880855848773287,0.6184972523592098,1.5
11,0.87,0.00775718558923346,Mumps,0.5251365789612482,0.6213001581713853,0.6609475607885849,0.41875579092381493,0.5003058525120462,0.2822065487396431,0.5812442090761851,1.5
11,0.88,0.007119044018198839,Mumps,0.5251365789612482,0.6006685649689474,0.6669470243729365,0.4591465681379279,0.5204585244698786,0.3200546666668959,0.5408534318620721,1.5
11,0.89,0.006488384269662579,Mumps,0.5251365789612482,0.5802333416438991,0.6732490196699334,0.502708248683675,0.5386958809430332,0.36276138924251256,0.49729175131632497,1.5
11,0.9,0.0058650360221551,Mumps,0.5251365789612482,0.5601184237612588,0.6798430653135485,0.5493851254361963,0.5546998578234192,0.4106811453881736,0.45061487456380367,1.5
11,0.91,0.0052488346704134305,Mumps,0.5251365789612482,0.540452163234972,0.6867149722377313,0.5989978400428436,0.5682209443028985,0.4640616957515124,0.4010021599571564,1.5
11,0.9199999999999999,0.004639621073171854,Mumps,0.5251365789612482,0.5213698546581393,0.6938468817335,0.651198427071043,0.5790967307677072,0.5229680437000502,0.34880157292895697,1.5
11,0.9299999999999999,0.004037241314682958,Mumps,0.5251365789612482,0.5030183818616625,0.7012174116056693,0.7054125073873405,0.5872664480324161,0.5871742824236943,0.2945874926126595,1.5
11,0.94,0.0034415464790891375,Mumps,0.5251365789612482,0.485564225180062,0.7088019113911335,0.7607653017547306,0.5927812930805075,0.6560119345335313,0.23923469824526944,1.5
11,0.95,0.0028523924368194214,Mumps,0.5251365789612482,0.46920707272366363,0.7165728217249405,0.8159873198307855,0.5958118459518723,0.7281596105713688,0.18401268016921446,1.5
11,0.96,0.002269639642252058,Mumps,0.5251365789612482,0.45420333110087796,0.7245001270518527,0.8692945716167797,0.5966560118085547,0.8013539435717382,0.1307054283832203,1.5
11,0.97,0.001693152941940082,Mumps,0.5251365789612482,0.44090829113275265,0.7325518854924831,0.9182369040323227,0.5957542514988601,0.8719954187987536,0.08176309596767728,1.5
11,0.98,0.0011228013927430816,Mumps,0.5251365789612482,0.4298561559275219,0.7406948152696675,0.9595065310172259,0.5937251559812741,0.9346144910199101,0.04049346898277406,1.5
11,0.99,5.584580892605828e-4,Mumps,0.5251365789612482,0.4219240649513611,0.7488949140786625,0.9886969359121207,0.5914487731993847,0.9811527319686761,0.011303064087879289,1.5
12,0.5,0.039017204660087804,Mumps,0.5251365789612482,0.9964834494273109,0.5162219233524756,0.017359170506638388,0.03412388819633329,0.00850357234636408,0.9826408294933616,1.5
12,0.51,0.037888268786278906,Mumps,0.5251365789612482,0.9958297141749205,0.5165093298567338,0.018504596150942174,0.036334030128577895,0.009070621862997275,0.9814954038490579,1.5
12,0.52,0.03678207587052038,Mumps,0.5251365789612482,0.9950653155545174,0.5168197688905443,0.01974305881389384,0.038717916692174656,0.009685128397999027,0.9802569411861062,1.5
12,0.53,0.03569774337399568,Mumps,0.5251365789612482,0.9941737189304212,0.5171555057197647,0.021084078846552334,0.04129244241806615,0.01035225319012948,0.9789159211534477,1.5
12,0.54,0.0346344388578702,Mumps,0.5251365789612482,0.9931363768361532,0.5175190499116648,0.022538293871056395,0.04407631727112743,0.011077829574863847,0.9774617061289436,1.5
12,0.55,0.033591376272233714,Mumps,0.5251365789612482,0.991932582840588,0.5179131815128384,0.02411760012029944,0.047090259478189594,0.011868462608175569,0.9758823998797006,1.5
12,0.56,0.032567812581844734,Mumps,0.5251365789612482,0.9905393379893269,0.5183409795789091,0.02583531195926316,0.05035720402151057,0.012731644814239013,0.9741646880407369,1.5
12,0.5700000000000001,0.03156304469268237,Mumps,0.5251365789612482,0.9889312368412484,0.518805853123275,0.027706341798974476,0.05390252620851162,0.013675890806178703,0.9722936582010255,1.5
12,0.58,0.03057640664773235,Mumps,0.5251365789612482,0.98708038132746,0.5193115745089256,0.02974740282767031,0.0577542789136821,0.014710894002943642,0.9702525971723297,1.5
12,0.59,0.029607267064215806,Mumps,0.5251365789612482,0.9849563318423079,0.51986231524898,0.031977237199300526,0.061943440974138494,0.01584770921677134,0.9680227628006994,1.5
12,0.6,0.028655026787771022,Mumps,0.5251365789612482,0.982526106055472,0.5204626841049009,0.03441687252935397,0.06650417272349171,0.017098965524630534,0.965583127470646,1.5
12,0.61,0.027719116741933347,Mumps,0.5251365789612482,0.9797542368112937,0.521117767272963,0.0370899097415053,0.07147407266960433,0.01847911457381609,0.9629100902584947,1.5
12,0.62,0.02679899595374786,Mumps,0.5251365789612482,0.9766029010370672,0.5218331703258283,0.040022845470763596,0.07689442674213226,0.020004720316270264,0.9599771545292364,1.5
12,0.63,0.02589414973849784,Mumps,0.5251365789612482,0.9730321316790616,0.522615061423411,0.04324543233947842,0.08281043821980441,0.021694797126621968,0.9567545676605216,1.5
12,0.64,0.025004088028426463,Mumps,0.5251365789612482,0.9690001241754836,0.5234702151219939,0.046791080454296835,0.08927142224477852,0.023571204340712186,0.9532089195457032,1.5
12,0.65,0.02412834383196929,Mumps,0.5251365789612482,0.964463647709471,0.5244060558898541,0.05069730338863418,0.09633094358553704,0.025659106454798693,0.9493026966113658,1.5
12,0.66,0.023266471811473847,Mumps,0.5251365789612482,0.9593785693254108,0.5254307001792983,0.05500621166831258,0.1040468698725143,0.02798750954264356,0.9449937883316875,1.5
12,0.67,0.02241804696864758,Mumps,0.5251365789612482,0.9537004958316746,0.5265529956084618,0.0597650563046668,0.11248130478834618,0.030589885857435398,0.9402349436953332,1.5
12,0.6799999999999999,0.021582663428098742,Mumps,0.5251365789612482,0.9473855341978021,0.5277825554731128,0.06502682413744346,0.12170035660951235,0.033504900048034574,0.9349731758625566,1.5
12,0.69,0.02075993331032641,Mumps,0.5251365789612482,0.9403911659056797,0.5291297864437949,0.07085088555255603,0.13177368716844695,0.036777251866428017,0.929149114447444,1.5
12,0.7,0.0199494856863911,Mumps,0.5251365789612482,0.932677224551768,0.5306059069158919,0.07730369338969378,0.1427737750634994,0.0404586515676477,0.9226963066103062,1.5
12,0.71,0.019150965607269168,Mumps,0.5251365789612482,0.9242069591575897,0.5322229530837479,0.08445952937482742,0.15477481546742536,0.04460894524000641,0.9155404706251726,1.5
12,0.72,0.018364033201585493,Mumps,0.5251365789612482,0.9149481584914632,0.5339937694254853,0.09240129097623913,0.16785116836191702,0.04929740780840224,0.9075987090237608,1.5
12,0.73,0.017588362836034606,Mumps,0.5251365789612482,0.9048743047228789,0.5359319799405893,0.101221306900067,0.1820752593415851,0.054604221072510464,0.898778693099933,1.5
12,0.74,0.016823642333334936,Mumps,0.5251365789612482,0.8939657185125961,0.5380519362139484,0.11102216314401513,0.19751483506897516,0.06062215236979756,0.8889778368559849,1.5
12,0.75,0.016069572243060555,Mumps,0.5251365789612482,0.882210652843544,0.5403686382322536,0.12191751314697152,0.2142294828675626,0.06745844557836392,0.8780824868530285,1.5
12,0.76,0.015325865161117471,Mumps,0.5251365789612482,0.8696062901853191,0.5428976239037104,0.13403283451473505,0.23226634577486246,0.0752369292048434,0.865967165485265,1.5
12,0.77,0.01459224509402912,Mumps,0.5251365789612482,0.85615959756423,0.5456548234876604,0.14750608031685888,0.2516550065336023,0.08410033486733216,0.8524939196831411,1.5
12,0.78,0.013868446864537393,Mumps,0.5251365789612482,0.8418879972497423,0.548656375687065,0.1624881540901839,0.27240158269646975,0.09421280170472549,0.8375118459098161,1.5
12,0.79,0.013154215555345548,Mumps,0.5251365789612482,0.8268198173303595,0.5519184030507474,0.17914311325787763,0.2944821755872407,0.10576251556488667,0.8208568867421224,1.5
12,0.8,0.012449305988104451,Mumps,0.5251365789612482,0.8109944964447606,0.5554567456203894,0.19764797417996452,0.31783595071924203,0.11896439278534535,0.8023520258200355,1.5
12,0.81,0.011753482234997718,Mumps,0.5251365789612482,0.7944625300961214,0.5592866534662946,0.21819195161044688,0.3423582930891042,0.13406266232485547,0.7818080483895531,1.5
12,0.8200000000000001,0.011066517160515928,Mumps,0.5251365789612482,0.7772851618094616,0.56342244088266,0.24097491358974257,0.3678946650799238,0.1513331206952226,0.7590250864102575,1.5
12,0.8300000000000001,0.010388191991203893,Mumps,0.5251365789612482,0.7595338402440742,0.5678771075135844,0.26620476680068167,0.39423597285068906,0.17108472326457497,0.7337952331993183,1.5
12,0.8400000000000001,0.00971829591136626,Mumps,0.5251365789612482,0.7412894825977064,0.5726619344610061,0.29409340347664775,0.4211163808688777,0.1936600220121401,0.7059065965233522,1.5
12,0.8500000000000001,0.009056625682870098,Mumps,0.5251365789612482,0.7226416048022442,0.5777860663352847,0.3248507344779101,0.44821455447708053,0.21943374910506486,0.6751492655220899,1.5
12,0.86,0.008402985287347826,Mumps,0.5251365789612482,0.7036874001925795,0.5832560930417383,0.35867619842096116,0.47515920520469335,0.24880855848773287,0.6413238015790388,1.5
12,0.87,0.00775718558923346,Mumps,0.5251365789612482,0.6845308715281926,0.5890756475979207,0.3957469666364176,0.5015395232702834,0.2822065487396431,0.6042530333635824,1.5
12,0.88,0.007119044018198839,Mumps,0.5251365789612482,0.6652821489822278,0.5952450381616811,0.4362018493967504,0.5269205983632392,0.3200546666668959,0.5637981506032497,1.5
12,0.89,0.006488384269662579,Mumps,0.5251365789612482,0.6460571640126476,0.6017609334306347,0.4801196393185719,0.5508632954388841,0.36276138924251256,0.5198803606814282,1.5
12,0.9,0.0058650360221551,Mumps,0.5251365789612482,0.6269779051843111,0.6086161203936347,0.5274902895040897,0.5729473678702858,0.4106811453881736,0.4725097104959103,1.5
12,0.91,0.0052488346704134305,Mumps,0.5251365789612482,0.6081735739486378,0.6157993518895881,0.5781769000032202,0.5927960065260981,0.4640616957515124,0.4218230999967798,1.5
12,0.9199999999999999,0.004639621073171854,Mumps,0.5251365789612482,0.5897831174999982,0.6232952984851117,0.6318659557398436,0.6100997109260642,0.5229680437000502,0.3681340442601564,1.5
12,0.9299999999999999,0.004037241314682958,Mumps,0.5251365789612482,0.571959902444014,0.6310846148859746,0.6880025964488297,0.6246374765786863,0.5871742824236943,0.31199740355117034,1.5
12,0.94,0.0034415464790891375,Mumps,0.5251365789612482,0.5548798285393535,0.6391441256682457,0.745706872714424,0.6362939145441232,0.6560119345335313,0.25429312728557596,1.5
12,0.95,0.0028523924368194214,Mumps,0.5251365789612482,0.5387552240108437,0.6474471289209894,0.803665912835187,0.6450720969973239,0.7281596105713688,0.19633408716481304,1.5
12,0.96,0.002269639642252058,Mumps,0.5251365789612482,0.5238589949124408,0.6559638099163784,0.8599956449071614,0.6511037231899888,0.8013539435717382,0.1400043550928386,1.5
12,0.97,0.001693152941940082,Mumps,0.5251365789612482,0.5105681315735061,0.6646617507141822,0.912064128149783,0.6546609281519167,0.8719954187987536,0.087935871850217,1.5
12,0.98,0.0011228013927430816,Mumps,0.5251365789612482,0.4994465266121604,0.6735065162138452,0.956266574575603,0.6561787742342922,0.9346144910199101,0.043733425424396954,1.5
12,0.99,5.584580892605828e-4,Mumps,0.5251365789612482,0.4914150161283107,0.6824622930677642,0.9877396976857022,0.6563074368565673,0.9811527319686761,0.012260302314297755,1.5
13,0.5,0.039017204660087804,Mumps,0.5251365789612482,0.998003933940612,0.4467469773378089,0.015235306116126356,0.03001244886219001,0.00850357234636408,0.9847646938838737,1.5
13,0.51,0.037888268786278906,Mumps,0.5251365789612482,0.9976017249116584,0.4469977999582042,0.0162447029550495,0.03196883323391359,0.009070621862997275,0.9837552970449505,1.5
13,0.52,0.03678207587052038,Mumps,0.5251365789612482,0.9971252940254771,0.4472690217957107,0.01733694759192745,0.034081325565243896,0.009685128397999027,0.9826630524080725,1.5
13,0.53,0.03569774337399568,Mumps,0.5251365789612482,0.9965624206031596,0.4475627014997481,0.018520679320048597,0.03636552123820957,0.01035225319012948,0.9814793206799514,1.5
13,0.54,0.0346344388578702,Mumps,0.5251365789612482,0.995899196985334,0.4478811286031885,0.019805580785004346,0.038838769751408764,0.011077829574863847,0.9801944192149956,1.5
13,0.55,0.033591376272233714,Mumps,0.5251365789612482,0.995119869153688,0.4482268497433278,0.02120251524664639,0.04152037684463873,0.011868462608175569,0.9787974847533536,1.5
13,0.56,0.032567812581844734,Mumps,0.5251365789612482,0.9942066798480571,0.4486026975004571,0.022723682445960895,0.044431826831400054,0.012731644814239013,0.9772763175540391,1.5
13,0.5700000000000001,0.03156304469268237,Mumps,0.5251365789612482,0.9931397194995405,0.44901182198881995,0.024382795516033173,0.04759702579954647,0.013675890806178703,0.9756172044839668,1.5
13,0.58,0.03057640664773235,Mumps,0.5251365789612482,0.9918967915166351,0.449457725302285,0.02619528164921416,0.05104256580631963,0.014710894002943642,0.9738047183507859,1.5
13,0.59,0.029607267064215806,Mumps,0.5251365789612482,0.9904532997379529,0.4499442988701471,0.02817850951937644,0.05479800941129484,0.01584770921677134,0.9718214904806236,1.5
13,0.6,0.028655026787771022,Mumps,0.5251365789612482,0.9887821671449699,0.45047586371371107,0.030352046752983333,0.05889619278095474,0.017098965524630534,0.9696479532470167,1.5
13,0.61,0.027719116741933347,Mumps,0.5251365789612482,0.9868537961335888,0.4510572135079427,0.032737951036888986,0.06337354406417645,0.01847911457381609,0.967262048963111,1.5
13,0.62,0.02679899595374786,Mumps,0.5251365789612482,0.9846360816738734,0.4516936602403049,0.03536109873141086,0.06827041165887322,0.020004720316270264,0.9646389012685891,1.5
13,0.63,0.02589414973849784,Mumps,0.5251365789612482,0.9820944894205621,0.4523910821165843,0.03824955510610139,0.07363139422236058,0.021694797126621968,0.9617504448938986,1.5
13,0.64,0.025004088028426463,Mumps,0.5251365789612482,0.9791922111313596,0.45315597318653444,0.04143499050727859,0.0795056606523685,0.023571204340712186,0.9585650094927214,1.5
13,0.65,0.02412834383196929,Mumps,0.5251365789612482,0.9758904094509026,0.4539954939463282,0.04495314686597878,0.0859472435902393,0.025659106454798693,0.9550468531340213,1.5
13,0.66,0.023266471811473847,Mumps,0.5251365789612482,0.9721485630689568,0.4549175219165117,0.04884435891542415,0.09301528406556454,0.02798750954264356,0.9511556410845758,1.5
13,0.67,0.02241804696864758,Mumps,0.5251365789612482,0.9679249213173987,0.4559307008910296,0.05315413424525108,0.1007741975055571,0.030589885857435398,0.9468458657547489,1.5
13,0.6799999999999999,0.021582663428098742,Mumps,0.5251365789612482,0.9631770743192752,0.4570444872045255,0.05793379579187253,0.10929372229472448,0.033504900048034574,0.9420662042081275,1.5
13,0.69,0.02075993331032641,Mumps,0.5251365789612482,0.9578626407867971,0.45826919097394425,0.06324118943993685,0.11864880128788696,0.036777251866428017,0.9367588105600632,1.5
13,0.7,0.0199494856863911,Mumps,0.5251365789612482,0.9519400705040812,0.4596160098429487,0.0691414579442451,0.1289192341971359,0.0404586515676477,0.9308585420557549,1.5
13,0.71,0.019150965607269168,Mumps,0.5251365789612482,0.9453695525475974,0.461097052305421,0.0757078801858684,0.1401890248892106,0.04460894524000641,0.9242921198141316,1.5
13,0.72,0.018364033201585493,Mumps,0.5251365789612482,0.9381140136348024,0.46272534722563785,0.083022771605802,0.15254533304439305,0.04929740780840224,0.916977228394198,1.5
13,0.73,0.017588362836034606,Mumps,0.5251365789612482,0.9301401840199169,0.4645148357336407,0.09117843719758584,0.16607692563660764,0.054604221072510464,0.9088215628024141,1.5
13,0.74,0.016823642333334936,Mumps,0.5251365789612482,0.9214197015680333,0.46648034129003424,0.10027816227950627,0.1808720124233545,0.06062215236979756,0.8997218377204937,1.5
13,0.75,0.016069572243060555,Mumps,0.5251365789612482,0.9119302186278372,0.46863751342951365,0.11043721788351271,0.19701534429308626,0.06745844557836392,0.8895627821164873,1.5
13,0.76,0.015325865161117471,Mumps,0.5251365789612482,0.9016564717399509,0.47100274056106595,0.12178384632245519,0.21458445842335802,0.0752369292048434,0.8782161536775448,1.5
13,0.77,0.01459224509402912,Mumps,0.5251365789612482,0.8905912717142368,0.47359302728707653,0.13446017747412253,0.23364497566716017,0.08410033486733216,0.8655398225258775,1.5
13,0.78,0.013868446864537393,Mumps,0.5251365789612482,0.8787363717674668,0.47642583207087663,0.14862300646141616,0.2542449005220088,0.09421280170472549,0.8513769935385839,1.5
13,0.79,0.013154215555345548,Mumps,0.5251365789612482,0.8661031746756257,0.4795188617999582,0.16444433732920463,0.27640795006370567,0.10576251556488667,0.8355556626707954,1.5
13,0.8,0.012449305988104451,Mumps,0.5251365789612482,0.8527132465047133,0.4828898209208192,0.18211156326703018,0.30012605201015746,0.11896439278534535,0.8178884367329698,1.5
13,0.81,0.011753482234997718,Mumps,0.5251365789612482,0.8385986144482949,0.48655611440526625,0.20182710968426829,0.3253513068997641,0.13406266232485547,0.7981728903157317,1.5
13,0.8200000000000001,0.011066517160515928,Mumps,0.5251365789612482,0.8238018393965695,0.4905345058638284,0.22380730920976943,0.35198790167627075,0.1513331206952226,0.7761926907902306,1.5
13,0.8300000000000001,0.010388191991203893,Mumps,0.5251365789612482,0.8083758696936633,0.4948407346270799,0.2482802039319923,0.379884677315257,0.17108472326457497,0.7517197960680078,1.5
13,0.8400000000000001,0.00971829591136626,Mumps,0.5251365789612482,0.7923837006570944,0.4994890984964647,0.27548187547587544,0.408829262469549,0.1936600220121401,0.7245181245241246,1.5
13,0.8500000000000001,0.009056625682870098,Mumps,0.5251365789612482,0.7758978845199284,0.5044920119899952,0.3056507822522708,0.43854484340342437,0.21943374910506486,0.6943492177477292,1.5
13,0.86,0.008402985287347826,Mumps,0.5251365789612482,0.7589999576149943,0.509859553079175,0.33901942841753213,0.4686906899327623,0.24880855848773287,0.6609805715824679,1.5
13,0.87,0.00775718558923346,Mumps,0.5251365789612482,0.7417798767745926,0.5155990143783494,0.3758024919871922,0.49886743740722544,0.2822065487396431,0.6241975080128078,1.5
13,0.88,0.007119044018198839,Mumps,0.5251365789612482,0.7243355874308175,0.5217144772094509,0.41618028920775685,0.528627791046451,0.3200546666668959,0.5838197107922432,1.5
13,0.89,0.006488384269662579,Mumps,0.5251365789612482,0.7067728865800016,0.5282064286087772,0.4602761350339124,0.5574927643260986,0.36276138924251256,0.5397238649660876,1.5
13,0.9,0.0058650360221551,Mumps,0.5251365789612482,0.689205803669628,0.535071441870612,0.5081257583456501,0.5849728391965406,0.4106811453881736,0.4918742416543499,1.5
13,0.91,0.0052488346704134305,Mumps,0.5251365789612482,0.6717578182908832,0.5423019403960674,0.5596364241553559,0.6105926605274448,0.4640616957515124,0.44036357584464414,1.5
13,0.9199999999999999,0.004639621073171854,Mumps,0.5251365789612482,0.6545643965748763,0.5498860622979311,0.6145327771309923,0.6339172204814292,0.5229680437000502,0.3854672228690077,1.5
13,0.9299999999999999,0.004037241314682958,Mumps,0.5251365789612482,0.6377776187622015,0.557807639404082,0.672285618558145,0.6545771360001023,0.5871742824236943,0.32771438144185505,1.5
13,0.94,0.0034415464790891375,Mumps,0.5251365789612482,0.621574210307194,0.566046299164018,0.7320188217911565,0.6722907259347958,0.6560119345335313,0.2679811782088435,1.5
13,0.95,0.0028523924368194214,Mumps,0.5251365789612482,0.6061693368822102,0.5745776918177004,0.792388329046675,0.6868812343928753,0.7281596105713688,0.207611670953325,1.5
13,0.96,0.002269639642252058,Mumps,0.5251365789612482,0.5918406642017706,0.5833738384932856,0.8514255929195684,0.6982887404808756,0.8013539435717382,0.14857440708043157,1.5
13,0.97,0.001693152941940082,Mumps,0.5251365789612482,0.5789718334139169,0.592403589213103,0.9063358524975949,0.70657808504811,0.8719954187987536,0.09366414750240515,1.5
13,0.98,0.0011228013927430816,Mumps,0.5251365789612482,0.5681353987284582,0.601633173685345,0.9532391717396541,0.7119468504764846,0.9346144910199101,0.04676082826034589,1.5
13,0.99,5.584580892605828e-4,Mumps,0.5251365789612482,0.5602633459331995,0.6110268227785405,0.9868391002284257,0.714742294621032,0.9811527319686761,0.013160899771574308,1.5
14,0.5,0.039017204660087804,Mumps,0.5251365789612482,0.9988799268525712,0.37972032153073454,0.013623190912030222,0.026879782793658703,0.00850357234636408,0.9863768090879698,1.5
14,0.51,0.037888268786278906,Mumps,0.5251365789612482,0.9986367913299936,0.3799347461932222,0.014528098327907352,0.028639550474763943,0.009070621862997275,0.9854719016720926,1.5
14,0.52,0.03678207587052038,Mumps,0.5251365789612482,0.9983450917907779,0.3801668032317187,0.015507800871943157,0.030541189943862287,0.009685128397999027,0.9844921991280569,1.5
14,0.53,0.03569774337399568,Mumps,0.5251365789612482,0.9979960986458327,0.3804183086837243,0.016570204749192935,0.032599150273608976,0.01035225319012948,0.9834297952508071,1.5
14,0.54,0.0346344388578702,Mumps,0.5251365789612482,0.9975797389901722,0.38069128890842474,0.017724191983116474,0.03482956043591681,0.011077829574863847,0.9822758080168835,1.5
14,0.55,0.033591376272233714,Mumps,0.5251365789612482,0.997084443318696,0.38098800565204605,0.018979752825670423,0.037250434278310464,0.011868462608175569,0.9810202471743296,1.5
14,0.56,0.032567812581844734,Mumps,0.5251365789612482,0.9964969878578798,0.38131098383179673,0.020348136885710334,0.039881898672117305,0.012731644814239013,0.9796518631142896,1.5
14,0.5700000000000001,0.03156304469268237,Mumps,0.5251365789612482,0.9958023361543012,0.38166304222609904,0.021842025580197308,0.04274644643445114,0.013675890806178703,0.9781579744198027,1.5
14,0.58,0.03057640664773235,Mumps,0.5251365789612482,0.9949834846613871,0.38204732723795065,0.023475728836095926,0.045869215325945435,0.014710894002943642,0.9765242711639041,1.5
14,0.59,0.029607267064215806,Mumps,0.5251365789612482,0.9940213182807474,0.3824673498644301,0.02526540931945827,0.04927829392571307,0.01584770921677134,0.9747345906805417,1.5
14,0.6,0.028655026787771022,Mumps,0.5251365789612482,0.9928944831087126,0.38292702595515327,0.02722933783825836,0.05300505441234167,0.017098965524630534,0.9727706621617417,1.5
14,0.61,0.027719116741933347,Mumps,0.5251365789612482,0.991579284957831,0.3834307197719852,0.029388183950610172,0.05708451114335853,0.01847911457381609,0.9706118160493898,1.5
14,0.62,0.02679899595374786,Mumps,0.5251365789612482,0.9900496234910702,0.38398329076706916,0.03176534619958896,0.06155570230975847,0.020004720316270264,0.9682346538004111,1.5
14,0.63,0.02589414973849784,Mumps,0.5251365789612482,0.9882769729236542,0.384590143371467,0.0343873267743961,0.06646208970347513,0.021694797126621968,0.9656126732256038,1.5
14,0.64,0.025004088028426463,Mumps,0.5251365789612482,0.9862304210913442,0.38525727942724053,0.03728415574219536,0.07185196859905757,0.023571204340712186,0.9627158442578047,1.5
14,0.65,0.02412834383196929,Mumps,0.5251365789612482,0.9838767791118371,0.3859913526965649,0.04048987027337241,0.07777887570847923,0.025659106454798693,0.9595101297266276,1.5
14,0.66,0.023266471811473847,Mumps,0.5251365789612482,0.9811807737221389,0.3867997246376058,0.044043054450320966,0.08430197788064454,0.02798750954264356,0.955956945549679,1.5
14,0.67,0.02241804696864758,Mumps,0.5251365789612482,0.9781053335011356,0.38769052034451734,0.047987445244620244,0.0914864174216876,0.030589885857435398,0.9520125547553797,1.5
14,0.6799999999999999,0.021582663428098742,Mumps,0.5251365789612482,0.974611978438463,0.3886726832056251,0.05237260998635663,0.099403581339187,0.033504900048034574,0.9476273900136434,1.5
14,0.69,0.02075993331032641,Mumps,0.5251365789612482,0.9706613195768933,0.38975602643973883,0.057254700020522846,0.10813125121965864,0.036777251866428017,0.9427452999794772,1.5
14,0.7,0.0199494856863911,Mumps,0.5251365789612482,0.9662136716808494,0.3909512792293056,0.06269728410020878,0.11775357767260602,0.0404586515676477,0.9373027158997912,1.5
14,0.71,0.019150965607269168,Mumps,0.5251365789612482,0.961229777094369,0.3922701246892696,0.06877226320783394,0.12836080832256602,0.04460894524000641,0.9312277367921661,1.5
14,0.72,0.018364033201585493,Mumps,0.5251365789612482,0.955671633276794,0.393725226407066,0.07556086566546501,0.140048681507596,0.04929740780840224,0.924439134334535,1.5
14,0.73,0.017588362836034606,Mumps,0.5251365789612482,0.94950341019199,0.39533023978483073,0.08315471725485164,0.15291737993142704,0.054604221072510464,0.9168452827451483,1.5
14,0.74,0.016823642333334936,Mumps,0.5251365789612482,0.942692437150253,0.397099803941814,0.09165697517690466,0.1670699210181547,0.06062215236979756,0.9083430248230954,1.5
14,0.75,0.016069572243060555,Mumps,0.5251365789612482,0.9352102323512399,0.39904950953535023,0.10118350646709857,0.18260984614032882,0.06745844557836392,0.8988164935329014,1.5
14,0.76,0.015325865161117471,Mumps,0.5251365789612482,0.9270335428313116,0.40119583758563526,0.11186408020953728,0.19963806306280452,0.0752369292048434,0.8881359197904627,1.5
14,0.77,0.01459224509402912,Mumps,0.5251365789612482,0.9181453584076797,0.4035560643057525,0.12384352760613626,0.2182487002820099,0.08410033486733216,0.8761564723938637,1.5
14,0.78,0.013868446864537393,Mumps,0.5251365789612482,0.9085358611518101,0.4061481271144357,0.13728280343651772,0.23852385554933295,0.09421280170472549,0.8627171965634823,1.5
14,0.79,0.013154215555345548,Mumps,0.5251365789612482,0.8982032724581109,0.40899044751874314,0.15235985512244835,0.2605271722745339,0.10576251556488667,0.8476401448775517,1.5
14,0.8,0.012449305988104451,Mumps,0.5251365789612482,0.8871545633050184,0.41210170746797126,0.16927016948744594,0.28429626575526673,0.11896439278534535,0.8307298305125541,1.5
14,0.81,0.011753482234997718,Mumps,0.5251365789612482,0.8754060000553867,0.4155005771571839,0.18822681982634532,0.30983415398116165,0.13406266232485547,0.8117731801736547,1.5
14,0.8200000000000001,0.011066517160515928,Mumps,0.5251365789612482,0.8629835081333511,0.4192053941339212,0.20945977382666786,0.33710002844979337,0.1513331206952226,0.7905402261733321,1.5
14,0.8300000000000001,0.010388191991203893,Mumps,0.5251365789612482,0.8499228489972026,0.4232337959342295,0.23321414209599836,0.3659999237522368,0.17108472326457497,0.7667858579040017,1.5
14,0.8400000000000001,0.00971829591136626,Mumps,0.5251365789612482,0.8362696217731405,0.42760231129452597,0.2597469423298061,0.3963780919618908,0.1936600220121401,0.7402530576701939,1.5
14,0.8500000000000001,0.009056625682870098,Mumps,0.5251365789612482,0.8220791195700567,0.4323259181453666,0.2893218189085939,0.4280101229469191,0.21943374910506486,0.7106781810914061,1.5
14,0.86,0.008402985287347826,Mumps,0.5251365789612482,0.8074160920406399,0.43741757991739205,0.3222009836175894,0.4605990200574374,0.24880855848773287,0.6777990163824106,1.5
14,0.87,0.00775718558923346,Mumps,0.5251365789612482,0.7923544910822812,0.44288777494013454,0.3586334197532189,0.49377547430082935,0.2822065487396431,0.6413665802467812,1.5
14,0.88,0.007119044018198839,Mumps,0.5251365789612482,0.7769773078921023,0.4487440365989399,0.39883810593291497,0.5271034112819657,0.3200546666668959,0.6011618940670851,1.5
14,0.89,0.006488384269662579,Mumps,0.5251365789612482,0.7613766514212263,0.45499052411069374,0.44298065090428124,0.5600914678370753,0.36276138924251256,0.5570193490957187,1.5
14,0.9,0.0058650360221551,Mumps,0.5251365789612482,0.745654279204513,0.4616276449640768,0.4911412658084094,0.5922103908292057,0.4106811453881736,0.5088587341915907,1.5
14,0.91,0.0052488346704134305,Mumps,0.5251365789612482,0.7299228875905109,0.46865174996594816,0.543271409720014,0.6229155078150413,0.4640616957515124,0.456728590279986,1.5
14,0.9199999999999999,0.004639621073171854,Mumps,0.5251365789612482,0.7143086297256352,0.4760549202516988,0.599135695418352,0.6516725367359324,0.5229680437000502,0.400864304581648,1.5
14,0.9299999999999999,0.004037241314682958,Mumps,0.5251365789612482,0.6989556147461264,0.4838248624910626,0.6582346947503204,0.6779842627776198,0.5871742824236943,0.34176530524967963,1.5
14,0.94,0.0034415464790891375,Mumps,0.5251365789612482,0.6840336687298341,0.4919449239460524,0.7197030861916093,0.7014151915846655,0.6560119345335313,0.2802969138083907,1.5
14,0.95,0.0028523924368194214,Mumps,0.5251365789612482,0.6697516585709147,0.5003942332753502,0.7821760785486273,0.7216112930547394,0.7281596105713688,0.21782392145137275,1.5
14,0.96,0.002269639642252058,Mumps,0.5251365789612482,0.6563807622524239,0.5091479664417408,0.8436151462219899,0.7383123508490891,0.8013539435717382,0.15638485377801015,1.5
14,0.97,0.001693152941940082,Mumps,0.5251365789612482,0.6442965904548852,0.5181777302918346,0.9010817263793521,0.7513550277018564,0.8719954187987536,0.09891827362064787,1.5
14,0.98,0.0011228013927430816,Mumps,0.5251365789612482,0.6340596583212954,0.5274520499192413,0.9504445369774502,0.7606651218183,0.9346144910199101,0.04955546302254976,1.5
14,0.99,5.584580892605828e-4,Mumps,0.5251365789612482,0.6265809995123693,0.5369369403557805,0.9860024286521101,0.7662368054590323,0.9811527319686761,0.013997571347889926,1.5
15,0.5,0.039017204660087804,Mumps,0.5251365789612482,0.9993784056433259,0.31681108125908086,0.012390382546049076,0.02447729342657628,0.00850357234636408,0.9876096174539509,1.5
15,0.51,0.037888268786278906,Mumps,0.5251365789612482,0.999233819534319,0.31699069406875013,0.013214706751074518,0.026084450830006878,0.009070621862997275,0.9867852932489255,1.5
15,0.52,0.03678207587052038,Mumps,0.5251365789612482,0.9990581636566694,0.31718519865101147,0.014107481802729823,0.02782209390304467,0.009685128397999027,0.9858925181972702,1.5
15,0.53,0.03569774337399568,Mumps,0.5251365789612482,0.9988453877336285,0.317396153587035,0.015076012780361622,0.029703694632431565,0.01035225319012948,0.9849239872196384,1.5
15,0.54,0.0346344388578702,Mumps,0.5251365789612482,0.998588416932505,0.31762530277823564,0.016128521106319727,0.031744329389337696,0.011077829574863847,0.9838714788936803,1.5
15,0.55,0.033591376272233714,Mumps,0.5251365789612482,0.9982790163859626,0.31787459843802424,0.017274271911983028,0.033960882942892553,0.011868462608175569,0.982725728088017,1.5
15,0.56,0.032567812581844734,Mumps,0.5251365789612482,0.9979076474253038,0.3181462267502133,0.01852372002388203,0.03637227748487647,0.012731644814239013,0.981476279976118,1.5
15,0.5700000000000001,0.03156304469268237,Mumps,0.5251365789612482,0.9974633177224372,0.31844263641586357,0.01988867728664797,0.038999728960621156,0.013675890806178703,0.980111322713352,1.5
15,0.58,0.03057640664773235,Mumps,0.5251365789612482,0.9969334284507955,0.3187665703004048,0.02138250430414618,0.04186703289052096,0.014710894002943642,0.9786174956958538,1.5
15,0.59,0.029607267064215806,Mumps,0.5251365789612482,0.9963036226290272,0.31912110037194663,0.02302033008036707,0.04500088159848125,0.01584770921677134,0.9769796699196329,1.5
15,0.6,0.028655026787771022,Mumps,0.5251365789612482,0.9955576399880179,0.31950966608655373,0.024819303475773356,0.048431214273833983,0.017098965524630534,0.9751806965242267,1.5
15,0.61,0.027719116741933347,Mumps,0.5251365789612482,0.9946771849690861,0.3199361163230706,0.026798880858726656,0.05219160049781042,0.01847911457381609,0.9732011191412734,1.5
15,0.62,0.02679899595374786,Mumps,0.5251365789612482,0.9936418157674404,0.32040475489442066,0.028981154817518843,0.05631965665595088,0.020004720316270264,0.9710188451824812,1.5
15,0.63,0.02589414973849784,Mumps,0.5251365789612482,0.9924288636064275,0.3209203895592545,0.03139122929373758,0.06085749289593331,0.021694797126621968,0.9686087707062624,1.5
15,0.64,0.025004088028426463,Mumps,0.5251365789612482,0.9910133925676745,0.3214883843219474,0.03405764698247649,0.06585218580321617,0.023571204340712186,0.9659423530175235,1.5
15,0.65,0.02412834383196929,Mumps,0.5251365789612482,0.989368211189613,0.3221147146346226,0.037012875290263404,0.07135626854252271,0.025659106454798693,0.9629871247097366,1.5
15,0.66,0.023266471811473847,Mumps,0.5251365789612482,0.9874639475423665,0.32280602489647436,0.04029385750580984,0.07742822559743343,0.02798750954264356,0.9597061424941902,1.5
15,0.67,0.02241804696864758,Mumps,0.5251365789612482,0.985269199438161,0.3235696873780931,0.0439426360631254,0.08413297313867493,0.030589885857435398,0.9560573639368746,1.5
15,0.6799999999999999,0.021582663428098742,Mumps,0.5251365789612482,0.9827507706899037,0.3244138613777652,0.04800705478006096,0.09154229813806461,0.033504900048034574,0.951992945219939,1.5
15,0.69,0.02075993331032641,Mumps,0.5251365789612482,0.9798740027480698,0.32534755104080226,0.05254154662696423,0.09973521928278463,0.036777251866428017,0.9474584533730358,1.5
15,0.7,0.0199494856863911,Mumps,0.5251365789612482,0.976603208524243,0.32638065984293196,0.05760801276989203,0.10879822022697129,0.0404586515676477,0.942391987230108,1.5
15,0.71,0.019150965607269168,Mumps,0.5251365789612482,0.9729022117034927,0.32752403925993434,0.06327679713934795,0.11882529053572463,0.04460894524000641,0.936723202860652,1.5
15,0.72,0.018364033201585493,Mumps,0.5251365789612482,0.9687349903934575,0.32878952862931055,0.0696277583308886,0.12991769182909602,0.04929740780840224,0.9303722416691114,1.5
15,0.73,0.017588362836034606,Mumps,0.5251365789612482,0.9640664186935806,0.33018998267434196,0.0767514368932447,0.14218334648676523,0.054604221072510464,0.9232485631067553,1.5
15,0.74,0.016823642333334936,Mumps,0.5251365789612482,0.9588630939467543,0.33173928263415997,0.08475031053602097,0.15573572478937728,0.06062215236979756,0.915249689463979,1.5
15,0.75,0.016069572243060555,Mumps,0.5251365789612482,0.9530942314289638,0.3334523264632885,0.09374012188024099,0.1706920854002892,0.06745844557836392,0.906259878119759,1.5
15,0.76,0.015325865161117471,Mumps,0.5251365789612482,0.9467326025171153,0.3353449931797652,0.10385125228290601,0.18717090672818726,0.0752369292048434,0.896148747717094,1.5
15,0.77,0.01459224509402912,Mumps,0.5251365789612482,0.9397554875058121,0.337434076212485,0.11523009995300929,0.20528833766823462,0.08410033486733216,0.8847699000469907,1.5
15,0.78,0.013868446864537393,Mumps,0.5251365789612482,0.9321456108086101,0.33973718059553226,0.1280403996969189,0.2251535021231836,0.09421280170472549,0.8719596003030811,1.5
15,0.79,0.013154215555345548,Mumps,0.5251365789612482,0.9238920248465934,0.34227257915565623,0.1424643934492131,0.24686252114970336,0.10576251556488667,0.8575356065507869,1.5
15,0.8,0.012449305988104451,Mumps,0.5251365789612482,0.9149909099866204,0.34505902351492757,0.15870372302604763,0.27049117968005076,0.11896439278534535,0.8412962769739524,1.5
15,0.81,0.011753482234997718,Mumps,0.5251365789612482,0.9054462618065916,0.3481155068522497,0.1769798664114242,0.2960862719030341,0.13406266232485547,0.8230201335885758,1.5
15,0.8200000000000001,0.011066517160515928,Mumps,0.5251365789612482,0.8952704439438527,0.35146097698473644,0.1975338726763041,0.3236558186955487,0.1513331206952226,0.8024661273236959,1.5
15,0.8300000000000001,0.010388191991203893,Mumps,0.5251365789612482,0.8844845948873454,0.35511400046196395,0.220625063640078,0.35315856400298906,0.17108472326457497,0.779374936359922,1.5
15,0.8400000000000001,0.00971829591136626,Mumps,0.5251365789612482,0.8731188902813447,0.35909238098742313,0.24652825662503072,0.3844934155232397,0.1936600220121401,0.7534717433749692,1.5
15,0.8500000000000001,0.009056625682870098,Mumps,0.5251365789612482,0.861212678635762,0.36341273851080746,0.27552891451224076,0.41748977241443463,0.21943374910506486,0.7244710854877592,1.5
15,0.86,0.008402985287347826,Mumps,0.5251365789612482,0.8488145280642052,0.36809005862575217,0.307915437112034,0.45189993223027347,0.24880855848773287,0.6920845628879659,1.5
15,0.87,0.00775718558923346,Mumps,0.5251365789612482,0.8359822456829605,0.3731372252476278,0.3439675593661902,0.4873949239036601,0.2822065487396431,0.6560324406338098,1.5
15,0.88,0.007119044018198839,Mumps,0.5251365789612482,0.8227829616593336,0.37856455266254285,0.38393950161391727,0.523565094460954,0.3200546666668959,0.6160604983860827,1.5
15,0.89,0.006488384269662579,Mumps,0.5251365789612482,0.8092934107636369,0.3843793356177835,0.42803610553022425,0.5599265114310404,0.36276138924251256,0.5719638944697758,1.5
15,0.9,0.0058650360221551,Mumps,0.5251365789612482,0.7956006036091148,0.39058543783942135,0.47637966175655655,0.5959336897914284,0.4106811453881736,0.5236203382434435,1.5
15,0.91,0.0052488346704134305,Mumps,0.5251365789612482,0.7818031724772712,0.39718293991457965,0.528964460711665,0.630998329591038,0.4640616957515124,0.47103553928833497,1.5
15,0.9199999999999999,0.004639621073171854,Mumps,0.5251365789612482,0.7680138309610974,0.404167866634646,0.5855952377074761,0.6645127493814268,0.5229680437000502,0.4144047622925239,1.5
15,0.9299999999999999,0.004037241314682958,Mumps,0.5251365789612482,0.75436365755795,0.4115320115444423,0.6458045885499366,0.6958756747133078,0.5871742824236943,0.3541954114500634,1.5
15,0.94,0.0034415464790891375,Mumps,0.5251365789612482,0.7410094120744694,0.41926287261004114,0.7087430412727254,0.7245171589298899,0.6560119345335313,0.29125695872727464,1.5
15,0.95,0.0028523924368194214,Mumps,0.5251365789612482,0.7281460571817907,0.4273437077963981,0.7730337073130925,0.7499187763672647,0.7281596105713688,0.2269662926869075,1.5
15,0.96,0.002269639642252058,Mumps,0.5251365789612482,0.7160286210732406,0.4357537132827175,0.8365812062059215,0.7716247533292344,0.8013539435717382,0.16341879379407853,1.5
15,0.97,0.001693152941940082,Mumps,0.5251365789612482,0.7050117990161708,0.44446832051279284,0.8963217433135677,0.7892389537178477,0.8719954187987536,0.10367825668643227,1.5
15,0.98,0.0011228013927430816,Mumps,0.5251365789612482,0.6956256756684607,0.4534596018274385,0.9478976729332879,0.8024004767072628,0.9346144910199101,0.05210232706671214,1.5
15,0.99,5.584580892605828e-4,Mumps,0.5251365789612482,0.6887316713128075,0.4626967686133685,0.9852354164268653,0.8107242250604769,0.9811527319686761,0.014764583573134704,1.5
0,0.5,0.059779747322384946,Mpox,0.5854779092947504,0.21113709952827664,0.9969107117150935,0.3604996511921329,0.2663049590067051,0.008180700707597957,0.6395003488078671,1.5
0,0.51,0.057950680772225704,Mpox,0.5854779092947504,0.20337601955878487,0.9969587166400593,0.3707889733826111,0.2626756644166936,0.008735288921046797,0.6292110266173889,1.5
0,0.52,0.05616436970199872,Mpox,0.5854779092947504,0.1956546309291407,0.9970075404095528,0.38126566672907597,0.25860207592842593,0.009336578938217367,0.6187343332709241,1.5
0,0.53,0.05441902079726162,Mpox,0.5854779092947504,0.18797984939056395,0.9970571931534828,0.3919332180986298,0.25409169559957323,0.009989666337226345,0.6080667819013702,1.5
0,0.54,0.052712948018578974,Mpox,0.5854779092947504,0.18035901370603966,0.9971076839532204,0.40279503119005927,0.2491544564835395,0.010700312452005301,0.5972049688099408,1.5
0,0.55,0.05104456433692121,Mpox,0.5854779092947504,0.17279988745643754,0.9971590206807813,0.4138544072151606,0.24380285166126014,0.011475043372048861,0.5861455927848394,1.5
0,0.56,0.04941237424299598,Mpox,0.5854779092947504,0.16531065602205236,0.9972112098192324,0.4251145229947855,0.23805204513056757,0.012321265021331181,0.5748854770052145,1.5
0,0.5700000000000001,0.04781496694564212,Mpox,0.5854779092947504,0.1578999177685822,0.9972642562626575,0.43657840617249316,0.23191995959471942,0.013247397068623202,0.5634215938275069,1.5
0,0.58,0.04625101018503402,Mpox,0.5854779092947504,0.15057666840304149,0.9973181630939826,0.4482489072121869,0.22542733581133548,0.014263028898236715,0.5517510927878131,1.5
0,0.59,0.044719244595578016,Mpox,0.5854779092947504,0.14335027742519435,0.9973729313389399,0.46012866780511175,0.2185977578918703,0.015379101425456093,0.5398713321948883,1.5
0,0.6,0.04321847856125593,Mpox,0.5854779092947504,0.13623045559321245,0.9974285596944914,0.4722200852656172,0.2114576388253271,0.016608119185020552,0.5277799147343828,1.5
0,0.61,0.04174758351297746,Mpox,0.5854779092947504,0.12922721235887427,0.9974850442301318,0.48452527244338495,0.20403616058827317,0.017964397864639124,0.515474727556615,1.5
0,0.62,0.04030548962340782,Mpox,0.5854779092947504,0.12235080231899505,0.9975423780606801,0.4970460126216455,0.1963651635488107,0.019464353308914405,0.5029539873783545,1.5
0,0.63,0.03889118185985932,Mpox,0.5854779092947504,0.1156116598869798,0.9976005509894577,0.5097837088054763,0.18847898052575657,0.021126838991135835,0.4902162911945237,1.5
0,0.64,0.03750369636030511,Mpox,0.5854779092947504,0.10902032162175211,0.9976595491211884,0.5227393267304798,0.18041421187040188,0.022973540047243814,0.47726067326952015,1.5
0,0.65,0.03614211710147044,Mpox,0.5854779092947504,0.10258733596886437,0.9977193544445468,0.5359133308389931,0.1722094393286431,0.025029433188940478,0.46408666916100694,1.5
0,0.66,0.03480557283136582,Mpox,0.5854779092947504,0.09632316057465458,0.9977799443850854,0.5493056123771795,0.1639048782279514,0.027323323154372373,0.45069438762282055,1.5
0,0.67,0.0334932342416195,Mpox,0.5854779092947504,0.09023804782804515,0.9978412913303066,0.5629154086604017,0.15554196970169265,0.02988846779530268,0.4370845913395983,1.5
0,0.6799999999999999,0.03220431135759201,Mpox,0.5854779092947504,0.08434191985780944,0.9979033621299639,0.5767412124346588,0.1471629171634638,0.03276330540059197,0.4232587875653412,1.5
0,0.69,0.030938051126567993,Mpox,0.5854779092947504,0.07864423484933039,0.9979661175763033,0.5907806701266127,0.13881017398822887,0.03599229935065494,0.40921932987338727,1.5
0,0.7,0.029693735186364326,Mpox,0.5854779092947504,0.0731538472176986,0.998029511870926,0.605030467621726,0.13052589221539904,0.039626916579946846,0.39496953237827404,1.5
0,0.71,0.028470677798491228,Mpox,0.5854779092947504,0.06787886484712788,0.9980934920872868,0.6194862020369547,0.12235134489259208,0.043726757431358954,0.3805137979630453,1.5
0,0.72,0.027268223931603695,Mpox,0.5854779092947504,0.0628265072346474,0.9981579976405314,0.6341422377583338,0.11432633722684554,0.048360855075024654,0.3658577622416662,1.5
0,0.73,0.026085747482395512,Mpox,0.5854779092947504,0.05800296890640966,0.9982229597794032,0.6489915447916416,0.1064886237834355,0.05360916238139561,0.35100845520835844,1.5
0,0.74,0.024922649622344268,Mpox,0.5854779092947504,0.053413292851894514,0.9982883011182506,0.6640255172224304,0.09887335035264685,0.0595642424794148,0.3359744827775696,1.5
0,0.75,0.02377835725983872,Mpox,0.5854779092947504,0.04906125889096708,0.9983539352306211,0.6792337692959585,0.09151253959779444,0.06633317548199986,0.32076623070404153,1.5
0,0.76,0.022652321608214,Mpox,0.5854779092947504,0.044949291805312236,0.9984197663293926,0.6946039063031446,0.08443463905878762,0.07403968702705908,0.3053960936968554,1.5
0,0.77,0.02154401685111569,Mpox,0.5854779092947504,0.041078393698293594,0.9984856890616169,0.7101212670901865,0.0776641484434204,0.08282649298511659,0.2898787329098135,1.5
0,0.78,0.02045293889740682,Mpox,0.5854779092947504,0.037448104385908614,0.998551588448943,0.7257686345907748,0.07122134041403413,0.09285783703315437,0.2742313654092252,1.5
0,0.79,0.01937860421854785,Mpox,0.5854779092947504,0.034056492682393004,0.9986173400062816,0.7415259103035592,0.06512208539242834,0.10432217121018464,0.2584740896964408,1.5
0,0.8,0.018320548762019617,Mpox,0.5854779092947504,0.03090018027154832,0.998682810071852,0.7573697480957148,0.05937778648197041,0.11743489055988376,0.24263025190428522,1.5
0,0.81,0.01727832693493262,Mpox,0.5854779092947504,0.02797439852090223,0.9987478563804424,0.7732731420964901,0.05399542574782643,0.13244097682129288,0.22672685790350988,1.5
0,0.8200000000000001,0.016251510652485597,Mpox,0.5854779092947504,0.02527307719527629,0.9988123289081947,0.7892049627418879,0.04897771816612677,0.14961732653678111,0.2107950372581121,1.5
0,0.8300000000000001,0.01523968844640001,Mpox,0.5854779092947504,0.022788962669804676,0.9988760710110902,0.8051294342304706,0.04432336493483963,0.16927442747912852,0.19487056576952944,1.5
0,0.8400000000000001,0.014242464628877708,Mpox,0.5854779092947504,0.020513762046605717,0.9989389208702995,0.8210055457367256,0.04002739390151509,0.19175689275318694,0.17899445426327443,1.5
0,0.8500000000000001,0.0132594585080094,Mpox,0.5854779092947504,0.01843830865739078,0.9990007132456211,0.8367863876857382,0.036081571924724665,0.21744214946627877,0.1632136123142618,1.5
0,0.86,0.012290303650902454,Mpox,0.5854779092947504,0.01655274388838572,0.9990612815235687,0.8524184032024702,0.03247487229281259,0.2467362889122983,0.1475815967975298,1.5
0,0.87,0.011334647191108708,Mpox,0.5854779092947504,0.014846710182458343,0.9991204600298195,0.8678405434887991,0.029193980042593857,0.28006569204263204,0.13215945651120087,1.5
0,0.88,0.010392149177214031,Mpox,0.5854779092947504,0.013309550536668591,0.9991780865576311,0.8829833143267501,0.026223819257688394,0.3178625138780134,0.11701668567324985,1.5
0,0.89,0.009462481959705268,Mpox,0.5854779092947504,0.011930510912935907,0.9992340050456939,0.8977676991280701,0.02354808927511464,0.3605413993915098,0.10223230087192992,1.5
0,0.9,0.00854532961346388,Mpox,0.5854779092947504,0.010698943857856292,0.99928806832228,0.9121039419152913,0.021149801366095993,0.40846385387943224,0.08789605808470868,1.5
0,0.91,0.007640387393446007,Mpox,0.5854779092947504,0.009604514557736152,0.999340140819122,0.9258901712892993,0.019011814312897037,0.4618854284056858,0.07410982871070071,1.5
0,0.9199999999999999,0.0067473612212998295,Mpox,0.5854779092947504,0.008637415093703311,0.9993901011498769,0.9390108437690342,0.01711737737977847,0.5208792090305825,0.06098915623096579,1.5
0,0.9299999999999999,0.005865967200846554,Mpox,0.5854779092947504,0.007788599966186704,0.9994378444456687,0.9513349818291595,0.015450704680698476,0.5852268925351375,0.04866501817084046,1.5
0,0.94,0.004995931160512343,Mpox,0.5854779092947504,0.007050068470751878,0.9994832843449998,0.9627141784524796,0.013997630655878187,0.654265830593648,0.03728582154752036,1.5
0,0.95,0.004136988220941892,Mpox,0.5854779092947504,0.006415242548056705,0.9995263545475092,0.9729803359876114,0.012746442778887663,0.7266766224001728,0.027019664012388644,1.5
0,0.96,0.0032888823861586527,Mpox,0.5854779092947504,0.005879534453342799,0.9995670098601678,0.9819431024801952,0.01168907876048819,0.8001908679813852,0.01805689751980477,1.5
0,0.97,0.0024513661567604167,Mpox,0.5854779092947504,0.005441296612779528,0.9996052266892372,0.9893869633370644,0.010823069969093189,0.8711922223839849,0.01061303666293556,1.5
0,0.98,0.0016242001637476388,Mpox,0.5854779092947504,0.005103574695128839,0.9996410029597745,0.9950679400823902,0.010155065374098602,0.9341754827752146,0.00493205991760981,1.5
0,0.99,8.071528216862105e-4,Mpox,0.5854779092947504,0.004877673885176085,0.9996743574742639,0.9987098409513198,0.009707934461241791,0.9810175464987575,0.0012901590486802395,1.5
1,0.5,0.059779747322384946,Mpox,0.5854779092947504,0.43915084324188947,0.9886384130004405,0.24174097112347903,0.31182854331693555,0.008180700707597957,0.758259028876521,1.5
1,0.51,0.057950680772225704,Mpox,0.5854779092947504,0.42627901653224076,0.9887643205937471,0.2505631881053369,0.3156122022914286,0.008735288921046797,0.749436811894663,1.5
1,0.52,0.05616436970199872,Mpox,0.5854779092947504,0.41329294425216834,0.9888938458428262,0.2596520774371147,0.3189335476345234,0.009336578938217367,0.7403479225628853,1.5
1,0.53,0.05441902079726162,Mpox,0.5854779092947504,0.4002041793428336,0.9890270876141118,0.269016327490733,0.3217518216309737,0.009989666337226345,0.730983672509267,1.5
1,0.54,0.052712948018578974,Mpox,0.5854779092947504,0.3870255492405853,0.989164144392292,0.27866481197959797,0.3240257278556444,0.010700312452005301,0.721335188020402,1.5
1,0.55,0.05104456433692121,Mpox,0.5854779092947504,0.37377121513481393,0.9893051137505195,0.2886065779588801,0.32571391270761485,0.011475043372048861,0.7113934220411199,1.5
1,0.56,0.04941237424299598,Mpox,0.5854779092947504,0.3604567237296916,0.9894500917353104,0.29885083060938283,0.3267755407211808,0.012321265021331181,0.7011491693906171,1.5
1,0.5700000000000001,0.04781496694564212,Mpox,0.5854779092947504,0.3470990489145642,0.9895991721560172,0.3094069143047755,0.3271709678192119,0.013247397068623202,0.6905930856952245,1.5
1,0.58,0.04625101018503402,Mpox,0.5854779092947504,0.33371662042538097,0.9897524457679979,0.3202842893895323,0.3268625135725526,0.014263028898236715,0.6797157106104676,1.5
1,0.59,0.044719244595578016,Mpox,0.5854779092947504,0.3203293362848898,0.9899099993379052,0.3314925040120842,0.32581532937045427,0.015379101425456093,0.6685074959879158,1.5
1,0.6,0.04321847856125593,Mpox,0.5854779092947504,0.3069585555662383,0.99007191457895,0.3430411602630977,0.3239983541216635,0.016608119185020552,0.6569588397369023,1.5
1,0.61,0.04174758351297746,Mpox,0.5854779092947504,0.2936270678616534,0.9902382669436169,0.3549398737606225,0.3213853427028802,0.017964397864639124,0.6450601262393775,1.5
1,0.62,0.04030548962340782,Mpox,0.5854779092947504,0.2803590357882279,0.990409124261203,0.3671982257001154,0.3179559449733252,0.019464353308914405,0.6328017742998846,1.5
1,0.63,0.03889118185985932,Mpox,0.5854779092947504,0.26717990696259475,0.9905845452078392,0.37982570624581313,0.31369680505096253,0.021126838991135835,0.6201742937541869,1.5
1,0.64,0.03750369636030511,Mpox,0.5854779092947504,0.25411629216336495,0.9907645775974501,0.39283164797792597,0.3086026421438899,0.022973540047243814,0.6071683520220741,1.5
1,0.65,0.03614211710147044,Mpox,0.5854779092947504,0.24119580691091813,0.9909492564835708,0.40622514792457404,0.3026772661878734,0.025029433188940478,0.593774852075426,1.5
1,0.66,0.03480557283136582,Mpox,0.5854779092947504,0.22844687445966821,0.9911386020642664,0.4200149764949818,0.2959344746811942,0.027323323154372373,0.5799850235050181,1.5
1,0.67,0.0334932342416195,Mpox,0.5854779092947504,0.21589848924002752,0.9913326173857661,0.4342094713868884,0.28839877240001566,0.02988846779530268,0.5657905286131115,1.5
1,0.6799999999999999,0.03220431135759201,Mpox,0.5854779092947504,0.20357994111226024,0.9915312858450838,0.4488164142620788,0.280105854157516,0.03276330540059197,0.5511835857379213,1.5
1,0.69,0.030938051126567993,Mpox,0.5854779092947504,0.19152050238842183,0.9917345684980682,0.46384288766384524,0.2711027934214973,0.03599229935065494,0.5361571123361548,1.5
1,0.7,0.029693735186364326,Mpox,0.5854779092947504,0.17974908140196855,0.9919424011872463,0.47929510928293956,0.2614478872032257,0.039626916579946846,0.5207048907170604,1.5
1,0.71,0.028470677798491228,Mpox,0.5854779092947504,0.16829384838839606,0.9921546915137113,0.4951782402571581,0.2512101205679841,0.043726757431358954,0.5048217597428419,1.5
1,0.72,0.027268223931603695,Mpox,0.5854779092947504,0.15718184148473274,0.992371315689302,0.5114961637057226,0.24046823224204172,0.048360855075024654,0.4885038362942774,1.5
1,0.73,0.026085747482395512,Mpox,0.5854779092947504,0.14643856263235555,0.9925921153195134,0.5282512291437058,0.22930938528340736,0.05360916238139561,0.4717487708562942,1.5
1,0.74,0.024922649622344268,Mpox,0.5854779092947504,0.13608757492496068,0.9928168941838751,0.5454439577829014,0.21782747212656273,0.0595642424794148,0.45455604221709855,1.5
1,0.75,0.02377835725983872,Mpox,0.5854779092947504,0.12615011431847234,0.9930454150986949,0.5630727029910281,0.20612110936551342,0.06633317548199986,0.4369272970089719,1.5
1,0.76,0.022652321608214,Mpox,0.5854779092947504,0.116644729451816,0.9932773969665616,0.5811332593363134,0.19429140184964655,0.07403968702705908,0.41886674066368657,1.5
1,0.77,0.02154401685111569,Mpox,0.5854779092947504,0.10758696347789845,0.9935125121370136,0.5996184126722797,0.18243957537774375,0.08282649298511659,0.40038158732772033,1.5
1,0.78,0.02045293889740682,Mpox,0.5854779092947504,0.09898909117471158,0.9937503842221369,0.6185174225983913,0.17066459011437332,0.09285783703315437,0.38148257740160874,1.5
1,0.79,0.01937860421854785,Mpox,0.5854779092947504,0.09085992315838962,0.9939905865279677,0.6378154273430633,0.1590608511122145,0.10432217121018464,0.3621845726569367,1.5
1,0.8,0.018320548762019617,Mpox,0.5854779092947504,0.0832046867874135,0.994232641275516,0.6574927596302146,0.14771612726521796,0.11743489055988376,0.3425072403697854,1.5
1,0.81,0.01727832693493262,Mpox,0.5854779092947504,0.07602499044412923,0.99447601979172,0.6775241603780943,0.1367097760304243,0.13244097682129288,0.32247583962190574,1.5
1,0.8200000000000001,0.016251510652485597,Mpox,0.5854779092947504,0.06931887449828102,0.9947201438482429,0.6978778751043619,0.12611134983181801,0.14961732653678111,0.30212212489563806,1.5
1,0.8300000000000001,0.01523968844640001,Mpox,0.5854779092947504,0.06308094865580839,0.9949643883123069,0.7185146156325005,0.11597963358052706,0.16927442747912852,0.2814853843674995,1.5
1,0.8400000000000001,0.014242464628877708,Mpox,0.5854779092947504,0.0573026118805194,0.9952080852465953,0.7393863670643689,0.10636213413608094,0.19175689275318694,0.2606136329356311,1.5
1,0.8500000000000001,0.0132594585080094,Mpox,0.5854779092947504,0.05197234797684042,0.9954505295532053,0.7604350169457235,0.0972950148433102,0.21744214946627877,0.23956498305427654,1.5
1,0.86,0.012290303650902454,Mpox,0.5854779092947504,0.047076087572505004,0.9956909861992864,0.7815907800417463,0.08880344429128464,0.2467362889122983,0.2184092199582537,1.5
1,0.87,0.011334647191108708,Mpox,0.5854779092947504,0.04259762596752556,0.9959286989903956,0.8027703880825166,0.0809023103808139,0.28006569204263204,0.19722961191748345,1.5
1,0.88,0.010392149177214031,Mpox,0.5854779092947504,0.03851908644948045,0.9961629007744937,0.823875009146825,0.07359724020130225,0.3178625138780134,0.176124990853175,1.5
1,0.89,0.009462481959705268,Mpox,0.5854779092947504,0.03482142059381529,0.9963928248694842,0.8447878559251101,0.06688586405121383,0.3605413993915098,0.15521214407488992,1.5
1,0.9,0.00854532961346388,Mpox,0.5854779092947504,0.031484941309204914,0.9966177174165947,0.8653714358203842,0.06075926884674496,0.40846385387943224,0.13462856417961577,1.5
1,0.91,0.007640387393446007,Mpox,0.5854779092947504,0.02848989187398511,0.9968368502783458,0.885464388572435,0.05520360313071899,0.4618854284056858,0.11453561142756497,1.5
1,0.9199999999999999,0.0067473612212998295,Mpox,0.5854779092947504,0.02581706670024219,0.9970495340316339,0.9048778486653228,0.05020182530037416,0.5208792090305825,0.09512215133467716,1.5
1,0.9299999999999999,0.005865967200846554,Mpox,0.5854779092947504,0.02344852059816039,0.9972551305614895,0.923391260014827,0.04573563431524025,0.5852268925351375,0.07660873998517304,1.5
1,0.94,0.004995931160512343,Mpox,0.5854779092947504,0.02136844027682852,0.9974530647459409,0.9407475591142186,0.041787701369123395,0.654265830593648,0.05925244088578141,1.5
1,0.95,0.004136988220941892,Mpox,0.5854779092947504,0.01956432072047681,0.9976428347412077,0.9566476296908778,0.03834446205226166,0.7266766224001728,0.0433523703091222,1.5
1,0.96,0.0032888823861586527,Mpox,0.5854779092947504,0.018028726468780617,0.9978240204301031,0.9707439166983237,0.03540000153994774,0.8001908679813852,0.029256083301676283,1.5
1,0.97,0.0024513661567604167,Mpox,0.5854779092947504,0.016762212773006675,0.9979962896822553,0.9826330697953103,0.03296214196923783,0.8711922223839849,0.017366930204689712,1.5
1,0.98,0.0016242001637476388,Mpox,0.5854779092947504,0.01577866972544188,0.9981594021863494,0.9918474659459379,0.031063175178063087,0.9341754827752146,0.008152534054062133,1.5
1,0.99,8.071528216862105e-4,Mpox,0.5854779092947504,0.015116124604589262,0.9983132107428513,0.9978454369462166,0.029781102331084476,0.9810175464987575,0.002154563053783365,1.5
2,0.5,0.059779747322384946,Mpox,0.5854779092947504,0.6229291889595668,0.9733898050513414,0.16183676283537382,0.25692461092711516,0.008180700707597957,0.8381632371646262,1.5
2,0.51,0.057950680772225704,Mpox,0.5854779092947504,0.6088982071222767,0.9735997861018247,0.16891568023347978,0.2644654628079762,0.008735288921046797,0.8310843197665202,1.5
2,0.52,0.05616436970199872,Mpox,0.5854779092947504,0.5945329155231833,0.9738179505608804,0.17628350399388448,0.271935944628139,0.009336578938217367,0.8237164960061155,1.5
2,0.53,0.05441902079726162,Mpox,0.5854779092947504,0.5798403298754197,0.9740446237106168,0.18395322184540713,0.27929928603396637,0.009989666337226345,0.8160467781545928,1.5
2,0.54,0.052712948018578974,Mpox,0.5854779092947504,0.5648294457143297,0.9742801388356377,0.19193836275800774,0.2865144046408901,0.010700312452005301,0.8080616372419922,1.5
2,0.55,0.05104456433692121,Mpox,0.5854779092947504,0.549511408836629,0.9745248364786001,0.2002530071710212,0.29353570200161816,0.011475043372048861,0.7997469928289788,1.5
2,0.56,0.04941237424299598,Mpox,0.5854779092947504,0.5338996840338714,0.9747790634940932,0.20891179476664345,0.30031291761126355,0.012321265021331181,0.7910882052333565,1.5
2,0.5700000000000001,0.04781496694564212,Mpox,0.5854779092947504,0.5180102182497837,0.9750431718700302,0.21792992917918225,0.3067910632995176,0.013247397068623202,0.7820700708208177,1.5
2,0.58,0.04625101018503402,Mpox,0.5854779092947504,0.5018615935417438,0.9753175172824019,0.22732317892135315,0.3129104642080795,0.014263028898236715,0.7726768210786469,1.5
2,0.59,0.044719244595578016,Mpox,0.5854779092947504,0.48547516445807404,0.9756024573458123,0.23710787368155523,0.3186069362110154,0.015379101425456093,0.7628921263184447,1.5
2,0.6,0.04321847856125593,Mpox,0.5854779092947504,0.4688751736888165,0.9758983495188568,0.24730089499769703,0.3238121327011286,0.016608119185020552,0.752699105002303,1.5
2,0.61,0.04174758351297746,Mpox,0.5854779092947504,0.45208883915277986,0.9762055486202286,0.25791966014032186,0.3284540955878963,0.017964397864639124,0.7420803398596781,1.5
2,0.62,0.04030548962340782,Mpox,0.5854779092947504,0.43514640510392955,0.9765244039086701,0.26898209783644067,0.3324580454336552,0.019464353308914405,0.7310179021635593,1.5
2,0.63,0.03889118185985932,Mpox,0.5854779092947504,0.41808114944190355,0.9768552556777839,0.2805066142310478,0.33574744306193127,0.021126838991135835,0.7194933857689523,1.5
2,0.64,0.03750369636030511,Mpox,0.5854779092947504,0.4009293392704724,0.9771984313156168,0.2925120472102727,0.3382453487867335,0.022973540047243814,0.7074879527897273,1.5
2,0.65,0.03614211710147044,Mpox,0.5854779092947504,0.38373012694533537,0.9775542407792535,0.30501760689216334,0.33987609472384095,0.025029433188940478,0.6949823931078367,1.5
2,0.66,0.03480557283136582,Mpox,0.5854779092947504,0.36652537947042274,0.9779229714369141,0.31804279972093996,0.34056726970058965,0.027323323154372373,0.68195720027906,1.5
2,0.67,0.0334932342416195,Mpox,0.5854779092947504,0.3493594352149651,0.9783048822348509,0.3316073331694116,0.34025199468710027,0.02988846779530268,0.6683926668305884,1.5
2,0.6799999999999999,0.03220431135759201,Mpox,0.5854779092947504,0.33227878359020524,0.978700197154382,0.34573099755224707,0.3388714396494889,0.03276330540059197,0.6542690024477529,1.5
2,0.69,0.030938051126567993,Mpox,0.5854779092947504,0.31533166557635883,0.9791090979364714,0.360433520868126,0.3363775013711349,0.03599229935065494,0.639566479131874,1.5
2,0.7,0.029693735186364326,Mpox,0.5854779092947504,0.2985675958196702,0.9795317160682037,0.37573439190775393,0.3327355282957039,0.039626916579946846,0.6242656080922461,1.5
2,0.71,0.028470677798491228,Mpox,0.5854779092947504,0.2820368103689544,0.9799681240481585,0.3916526460714765,0.3279269462051537,0.043726757431358954,0.6083473539285236,1.5
2,0.72,0.027268223931603695,Mpox,0.5854779092947504,0.2657896478755558,0.9804183259768752,0.4082066074159729,0.3219516120267986,0.048360855075024654,0.5917933925840271,1.5
2,0.73,0.026085747482395512,Mpox,0.5854779092947504,0.24987587606300823,0.9808822475549431,0.4254135793724655,0.3148297074067146,0.05360916238139561,0.5745864206275345,1.5
2,0.74,0.024922649622344268,Mpox,0.5854779092947504,0.23434397924627026,0.9813597256151564,0.4432894753237067,0.3066029839724248,0.0595642424794148,0.5567105246762933,1.5
2,0.75,0.02377835725983872,Mpox,0.5854779092947504,0.21924042636118543,0.9818504973665517,0.4618483787637148,0.29733519245206347,0.06633317548199986,0.5381516212362851,1.5
2,0.76,0.022652321608214,Mpox,0.5854779092947504,0.20460894204075558,0.9823541895863521,0.4811020210581297,0.2871115698588523,0.07403968702705908,0.5188979789418703,1.5
2,0.77,0.02154401685111569,Mpox,0.5854779092947504,0.19048980543534552,0.9828703080593496,0.5010591628332564,0.27603732148908955,0.08282649298511659,0.49894083716674364,1.5
2,0.78,0.02045293889740682,Mpox,0.5854779092947504,0.17691920244470943,0.9833982276305884,0.5217248627008292,0.2642351125830519,0.09285783703315437,0.4782751372991708,1.5
2,0.79,0.01937860421854785,Mpox,0.5854779092947504,0.16392865661065292,0.9839371833026562,0.5430996143171669,0.2518416698216184,0.10432217121018464,0.4569003856828331,1.5
2,0.8,0.018320548762019617,Mpox,0.5854779092947504,0.1515445620188745,0.984486262868502,0.5651783296145397,0.23900367470836184,0.11743489055988376,0.43482167038546027,1.5
2,0.81,0.01727832693493262,Mpox,0.5854779092947504,0.1397878382217508,0.9850444016182868,0.5879491423524145,0.22587319811323095,0.13244097682129288,0.41205085764758553,1.5
2,0.8200000000000001,0.016251510652485597,Mpox,0.5854779092947504,0.12867372261472648,0.9856103796871442,0.6113920018272493,0.21260296823312727,0.14961732653678111,0.3886079981727507,1.5
2,0.8300000000000001,0.01523968844640001,Mpox,0.5854779092947504,0.11821171021937002,0.9861828226120765,0.6354770215461841,0.19934177693253163,0.16927442747912852,0.36452297845381587,1.5
2,0.8400000000000001,0.014242464628877708,Mpox,0.5854779092947504,0.10840564491774535,0.9867602056328854,0.6601625417893694,0.18623031067635554,0.19175689275318694,0.3398374582106306,1.5
2,0.8500000000000001,0.0132594585080094,Mpox,0.5854779092947504,0.09925396041879697,0.987340862197399,0.685392858112803,0.17339764593135756,0.21744214946627877,0.31460714188719696,1.5
2,0.86,0.012290303650902454,Mpox,0.5854779092947504,0.09075006426182772,0.98792299701088,0.7110955598092179,0.16095858307825398,0.2467362889122983,0.2889044401907821,1.5
2,0.87,0.011334647191108708,Mpox,0.5854779092947504,0.08288285467166795,0.9885047038023388,0.7371784129494563,0.14901191820660187,0.28006569204263204,0.2628215870505437,1.5
2,0.88,0.010392149177214031,Mpox,0.5854779092947504,0.07563735883969211,0.9890839877700135,0.7635257116378217,0.13763967997690554,0.3178625138780134,0.23647428836217832,1.5
2,0.89,0.009462481959705268,Mpox,0.5854779092947504,0.06899548312977694,0.9896587924232747,0.7899940082579681,0.12690729936947195,0.3605413993915098,0.21000599174203194,1.5
2,0.9,0.00854532961346388,Mpox,0.5854779092947504,0.06293687206904149,0.9902270302729701,0.8164071184395327,0.1168646421061376,0.40846385387943224,0.18359288156046727,1.5
2,0.91,0.007640387393446007,Mpox,0.5854779092947504,0.05743988584266249,0.9907866165559931,0.8425502788624352,0.1075478238152075,0.4618854284056858,0.15744972113756484,1.5
2,0.9199999999999999,0.0067473612212998295,Mpox,0.5854779092947504,0.052482729128549,0.9913355049354604,0.8681633153926906,0.09898175393734929,0.5208792090305825,0.13183668460730935,1.5
2,0.9299999999999999,0.005865967200846554,Mpox,0.5854779092947504,0.048044804835990315,0.991871723919373,0.8929326548898171,0.09118342781210695,0.5852268925351375,0.1070673451101829,1.5
2,0.94,0.004995931160512343,Mpox,0.5854779092947504,0.04410843978449701,0.992393412610505,0.9164819857308454,0.0841661324273518,0.654265830593648,0.08351801426915462,1.5
2,0.95,0.004136988220941892,Mpox,0.5854779092947504,0.040661268220164096,0.9928988543562377,0.9383613389415568,0.0779450072164315,0.7266766224001728,0.06163866105844318,1.5
2,0.96,0.0032888823861586527,Mpox,0.5854779092947504,0.037699837701180204,0.9933865069193639,0.9580343229686783,0.07254494204312889,0.8001908679813852,0.0419656770313217,1.5
2,0.97,0.0024513661567604167,Mpox,0.5854779092947504,0.035235601491464846,0.9938550279402256,0.9748631995772128,0.0680129333341552,0.8711922223839849,0.02513680042278721,1.5
2,0.98,0.0016242001637476388,Mpox,0.5854779092947504,0.03330586154559653,0.994303294697398,0.9880914349513443,0.06443963899208897,0.9341754827752146,0.011908565048655673,1.5
2,0.99,8.071528216862105e-4,Mpox,0.5854779092947504,0.03199583195201426,0.9947304174795101,0.9968232974486282,0.0620015507091117,0.9810175464987575,0.003176702551371813,1.5
3,0.5,0.059779747322384946,Mpox,0.5854779092947504,0.7561679923164485,0.949660026277956,0.11023930626392141,0.19242551402448727,0.008180700707597957,0.8897606937360786,1.5
3,0.51,0.057950680772225704,Mpox,0.5854779092947504,0.7434886768830438,0.9499431861776935,0.11573888915126695,0.20029746940300694,0.008735288921046797,0.884261110848733,1.5
3,0.52,0.05616436970199872,Mpox,0.5854779092947504,0.7303128837411155,0.9502398932306179,0.12151346714396699,0.20835901709564242,0.009336578938217367,0.878486532856033,1.5
3,0.53,0.05441902079726162,Mpox,0.5854779092947504,0.7166361702430288,0.9505508340643626,0.12757846837562148,0.21659739312688328,0.009989666337226345,0.8724215316243785,1.5
3,0.54,0.052712948018578974,Mpox,0.5854779092947504,0.7024561371209067,0.9508767242587229,0.13395019421143597,0.2249962308211477,0.010700312452005301,0.866049805788564,1.5
3,0.55,0.05104456433692121,Mpox,0.5854779092947504,0.6877727126725375,0.9512183081854939,0.14064586034850426,0.23353504628775787,0.011475043372048861,0.8593541396514958,1.5
3,0.56,0.04941237424299598,Mpox,0.5854779092947504,0.6725884499707364,0.9515763585293158,0.14768363770440596,0.24218868461359763,0.012321265021331181,0.852316362295594,1.5
3,0.5700000000000001,0.04781496694564212,Mpox,0.5854779092947504,0.6569088333045772,0.9519516754253474,0.15508269254597837,0.2509267335503225,0.013247397068623202,0.8449173074540216,1.5
3,0.58,0.04625101018503402,Mpox,0.5854779092947504,0.6407425888883918,0.9523450851406626,0.1628632251774414,0.25971291573148836,0.014263028898236715,0.8371367748225587,1.5
3,0.59,0.044719244595578016,Mpox,0.5854779092947504,0.6241019935837482,0.9527574382166881,0.17104650634843305,0.2685044758726128,0.015379101425456093,0.828953493651567,1.5
3,0.6,0.04321847856125593,Mpox,0.5854779092947504,0.6070031740018728,0.9531896069799322,0.17965491035321648,0.2772515861165415,0.016608119185020552,0.8203450896467835,1.5
3,0.61,0.04174758351297746,Mpox,0.5854779092947504,0.5894663869365568,0.9536424823178995,0.1887119435667125,0.285896800734875,0.017964397864639124,0.8112880564332875,1.5
3,0.62,0.04030548962340782,Mpox,0.5854779092947504,0.5715162706870787,0.9541169696067875,0.19824226689441826,0.29437460070017124,0.019464353308914405,0.8017577331055817,1.5
3,0.63,0.03889118185985932,Mpox,0.5854779092947504,0.5531820555534781,0.9546139836677618,0.2082717102939152,0.3026110789164229,0.021126838991135835,0.7917282897060848,1.5
3,0.64,0.03750369636030511,Mpox,0.5854779092947504,0.5344977207301989,0.9551344426199413,0.21882727714623226,0.3105238275590643,0.022973540047243814,0.7811727228537677,1.5
3,0.65,0.03614211710147044,Mpox,0.5854779092947504,0.5155020841142175,0.9556792604914817,0.22993713580487632,0.3180220990667289,0.025029433188940478,0.7700628641951237,1.5
3,0.66,0.03480557283136582,Mpox,0.5854779092947504,0.4962388113196621,0.9562493384463798,0.24163059511605287,0.32500732040934444,0.027323323154372373,0.7583694048839471,1.5
3,0.67,0.0334932342416195,Mpox,0.5854779092947504,0.47675633059787725,0.9568455544850828,0.25393806007007447,0.331374044373,0.02988846779530268,0.7460619399299255,1.5
3,0.6799999999999999,0.03220431135759201,Mpox,0.5854779092947504,0.45710764153834677,0.9574687514832403,0.2668909629933403,0.33701141929879086,0.03276330540059197,0.7331090370066597,1.5
3,0.69,0.030938051126567993,Mpox,0.5854779092947504,0.43735000748924446,0.9581197234467702,0.280521664801218,0.34180524719762784,0.03599229935065494,0.719478335198782,1.5
3,0.7,0.029693735186364326,Mpox,0.5854779092947504,0.4175445246637046,0.9587991998848712,0.2948633197795021,0.34564067663886916,0.039626916579946846,0.7051366802204979,1.5
3,0.71,0.028470677798491228,Mpox,0.5854779092947504,0.39775556490664693,0.9595078282379356,0.3099496961163205,0.34840553903241256,0.043726757431358954,0.6900503038836795,1.5
3,0.72,0.027268223931603695,Mpox,0.5854779092947504,0.37805009402608325,0.960246154346783,0.32581494293216284,0.3499942839692829,0.048360855075024654,0.6741850570678372,1.5
3,0.73,0.026085747482395512,Mpox,0.5854779092947504,0.3584968732878385,0.9610146010154419,0.342493292811736,0.3503124024642093,0.05360916238139561,0.657506707188264,1.5
3,0.74,0.024922649622344268,Mpox,0.5854779092947504,0.33916555787768493,0.9618134448037262,0.36001868677862436,0.34928115065775256,0.0595642424794148,0.6399813132213756,1.5
3,0.75,0.02377835725983872,Mpox,0.5854779092947504,0.3201257124971536,0.9626427912892439,0.37842430621426393,0.3468423088057452,0.06633317548199986,0.6215756937857361,1.5
3,0.76,0.022652321608214,Mpox,0.5854779092947504,0.30144577034477615,0.9635025491613792,0.3977419933380233,0.34296264267760046,0.07403968702705908,0.6022580066619767,1.5
3,0.77,0.02154401685111569,Mpox,0.5854779092947504,0.2831919670607246,0.9643924036507572,0.418001538454226,0.3376376905325956,0.08282649298511659,0.5819984615457741,1.5
3,0.78,0.02045293889740682,Mpox,0.5854779092947504,0.2654272852935837,0.9653117899532494,0.43922980813900797,0.330894492316669,0.09285783703315437,0.560770191860992,1.5
3,0.79,0.01937860421854785,Mpox,0.5854779092947504,0.24821044794951216,0.9662598674716689,0.4614496837714726,0.32279291901974855,0.10432217121018464,0.5385503162285274,1.5
3,0.8,0.018320548762019617,Mpox,0.5854779092947504,0.23159499858336074,0.967235495861951,0.48467877417581723,0.3134253529519453,0.11743489055988376,0.5153212258241828,1.5
3,0.81,0.01727832693493262,Mpox,0.5854779092947504,0.2156285056320165,0.9682372140216843,0.5089278594751326,0.3029146084360054,0.13244097682129288,0.49107214052486736,1.5
3,0.8200000000000001,0.016251510652485597,Mpox,0.5854779092947504,0.20035192332462604,0.9692632232822656,0.5341990153759065,0.29141015150841226,0.14961732653678111,0.4658009846240935,1.5
3,0.8300000000000001,0.01523968844640001,Mpox,0.5854779092947504,0.18579913641749451,0.9703113761441426,0.5604833577824259,0.2790828531064408,0.16927442747912852,0.43951664221757414,1.5
3,0.8400000000000001,0.014242464628877708,Mpox,0.5854779092947504,0.17199670891278068,0.9713791719089184,0.5877583366197432,0.2661186658228478,0.19175689275318694,0.4122416633802568,1.5
3,0.8500000000000001,0.0132594585080094,Mpox,0.5854779092947504,0.1589638493671539,0.972463760494285,0.615984494710933,0.25271172505367506,0.21744214946627877,0.384015505289067,1.5
3,0.86,0.012290303650902454,Mpox,0.5854779092947504,0.14671259820947957,0.9735619555526484,0.6451015921409693,0.239057424950126,0.2467362889122983,0.3548984078590307,1.5
3,0.87,0.011334647191108708,Mpox,0.5854779092947504,0.1352482367757465,0.9746702577422711,0.6750239783091778,0.22534600384414605,0.28006569204263204,0.3249760216908222,1.5
3,0.88,0.010392149177214031,Mpox,0.5854779092947504,0.1245699148572414,0.9757848886197188,0.7056350723086428,0.2117571015270412,0.3178625138780134,0.29436492769135725,1.5
3,0.89,0.009462481959705268,Mpox,0.5854779092947504,0.1146714951116373,0.9769018351441666,0.7367807867625522,0.1984556414638259,0.3605413993915098,0.2632192132374478,1.5
3,0.9,0.00854532961346388,Mpox,0.5854779092947504,0.10554262104739749,0.9780169042298983,0.7682617000703692,0.1855892709984166,0.40846385387943224,0.2317382999296308,1.5
3,0.91,0.007640387393446007,Mpox,0.5854779092947504,0.09717003419045558,0.979125786187748,0.799823746313415,0.17328749087191123,0.4618854284056858,0.20017625368658498,1.5
3,0.9199999999999999,0.0067473612212998295,Mpox,0.5854779092947504,0.08953920209980609,0.980224125304489,0.831147149825446,0.16166255200216195,0.5208792090305825,0.16885285017455398,1.5
3,0.9299999999999999,0.005865967200846554,Mpox,0.5854779092947504,0.082636384820164,0.9813075952731187,0.861833281446555,0.15081222667098343,0.5852268925351375,0.13816671855344498,1.5
3,0.94,0.004995931160512343,Mpox,0.5854779092947504,0.0764513889935954,0.9823719767596768,0.8913890543258621,0.14082472334627552,0.654265830593648,0.10861094567413787,1.5
3,0.95,0.004136988220941892,Mpox,0.5854779092947504,0.07098149167005353,0.9834132341210898,0.9192084071351156,0.13178640576486517,0.7266766224001728,0.08079159286488435,1.5
3,0.96,0.0032888823861586527,Mpox,0.5854779092947504,0.06623748599315026,0.9844275882087903,0.9445503397068812,0.12379381370730316,0.8001908679813852,0.05544966029311882,1.5
3,0.97,0.0024513661567604167,Mpox,0.5854779092947504,0.06225381544927983,0.9854115823218146,0.9665128680568179,0.11697329371574008,0.8711922223839849,0.03348713194318209,1.5
3,0.98,0.0016242001637476388,Mpox,0.5854779092947504,0.05910713444712554,0.9863621387068715,0.9840021496950545,0.11151573136675962,0.9341754827752146,0.015997850304945493,1.5
3,0.99,8.071528216862105e-4,Mpox,0.5854779092947504,0.056953741969726066,0.9872766035158733,0.9956958927694353,0.10774450507676926,0.9810175464987575,0.004304107230564735,1.5
4,0.5,0.059779747322384946,Mpox,0.5854779092947504,0.8470609559055285,0.9163471620417099,0.07708234007298657,0.14130587961799598,0.008180700707597957,0.9229176599270135,1.5
4,0.51,0.057950680772225704,Mpox,0.5854779092947504,0.8367983166974551,0.9166838329853636,0.08131071764283027,0.14821915286319692,0.008735288921046797,0.9186892823571697,1.5
4,0.52,0.05616436970199872,Mpox,0.5854779092947504,0.8259751150744736,0.9170391601438309,0.0857836377132063,0.15542521487188282,0.009336578938217367,0.9142163622867937,1.5
4,0.53,0.05441902079726162,Mpox,0.5854779092947504,0.8145742420634822,0.9174142697062957,0.09051725558495943,0.16292943874371565,0.009989666337226345,0.9094827444150406,1.5
4,0.54,0.052712948018578974,Mpox,0.5854779092947504,0.8025800092977953,0.9178103506498856,0.09552884344083301,0.17073551791224598,0.010700312452005301,0.904471156559167,1.5
4,0.55,0.05104456433692121,Mpox,0.5854779092947504,0.7899784957470318,0.9182286564994564,0.10083686322125673,0.1788450383604428,0.011475043372048861,0.8991631367787433,1.5
4,0.56,0.04941237424299598,Mpox,0.5854779092947504,0.7767579259425555,0.9186705067334022,0.10646104254467115,0.18725698054768822,0.012321265021331181,0.8935389574553289,1.5
4,0.5700000000000001,0.04781496694564212,Mpox,0.5854779092947504,0.7629090776539552,0.9191372877325187,0.11242245336834536,0.19596714425829145,0.013247397068623202,0.8875775466316547,1.5
4,0.58,0.04625101018503402,Mpox,0.5854779092947504,0.7484257155798608,0.9196304531512904,0.11874359295271084,0.20496749055047594,0.014263028898236715,0.8812564070472891,1.5
4,0.59,0.044719244595578016,Mpox,0.5854779092947504,0.733305045985494,0.9201515235713785,0.12544846652747976,0.21424539678806487,0.015379101425456093,0.8745515334725202,1.5
4,0.6,0.04321847856125593,Mpox,0.5854779092947504,0.7175481853622862,0.9207020852756594,0.13256267085463078,0.22378282367034535,0.016608119185020552,0.8674373291453692,1.5
4,0.61,0.04174758351297746,Mpox,0.5854779092947504,0.701160634133352,0.9212837879581092,0.14011347763374762,0.23355539759080401,0.017964397864639124,0.8598865223662524,1.5
4,0.62,0.04030548962340782,Mpox,0.5854779092947504,0.6841527442388151,0.9218983411604961,0.14812991538963352,0.24353141795102035,0.019464353308914405,0.8518700846103665,1.5
4,0.63,0.03889118185985932,Mpox,0.5854779092947504,0.6665401671911328,0.9225475092018497,0.15664284810921172,0.25367080765123634,0.021126838991135835,0.8433571518907883,1.5
4,0.64,0.03750369636030511,Mpox,0.5854779092947504,0.6483442670093148,0.9232331043418676,0.1656850484407262,0.26392403626475575,0.022973540047243814,0.8343149515592738,1.5
4,0.65,0.03614211710147044,Mpox,0.5854779092947504,0.6295924804715514,0.923956977896018,0.1752912627167922,0.27423105966008,0.025029433188940478,0.8247087372832078,1.5
4,0.66,0.03480557283136582,Mpox,0.5854779092947504,0.6103186055489386,0.9247210089997371,0.18549826439437103,0.2845203371096811,0.027323323154372373,0.814501735605629,1.5
4,0.67,0.0334932342416195,Mpox,0.5854779092947504,0.590562997905077,0.925527090703897,0.1963448916956616,0.294708006859533,0.02988846779530268,0.8036551083043384,1.5
4,0.6799999999999999,0.03220431135759201,Mpox,0.5854779092947504,0.5703726551874532,0.9263771130763325,0.20787206425626362,0.3046973227493043,0.03276330540059197,0.7921279357437364,1.5
4,0.69,0.030938051126567993,Mpox,0.5854779092947504,0.5498011697150758,0.9272729429878859,0.2201227724071235,0.3143784759226347,0.03599229935065494,0.7798772275928765,1.5
4,0.7,0.029693735186364326,Mpox,0.5854779092947504,0.5289085322761329,0.9282164002800505,0.2331420312945165,0.32362894400622505,0.039626916579946846,0.7668579687054835,1.5
4,0.71,0.028470677798491228,Mpox,0.5854779092947504,0.5077607732313617,0.9292092300492649,0.246976790329735,0.3323145211862095,0.043726757431358954,0.753023209670265,1.5
4,0.72,0.027268223931603695,Mpox,0.5854779092947504,0.4864294320343302,0.9302530708450826,0.2616757863996749,0.34029118102391454,0.048360855075024654,0.7383242136003251,1.5
4,0.73,0.026085747482395512,Mpox,0.5854779092947504,0.464990852580961,0.931349418670858,0.2772893267925109,0.34740790353766626,0.05360916238139561,0.722710673207489,1.5
4,0.74,0.024922649622344268,Mpox,0.5854779092947504,0.4435253093070393,0.9324995868011157,0.2938689848170728,0.35351055310661345,0.0595642424794148,0.7061310151829272,1.5
4,0.75,0.02377835725983872,Mpox,0.5854779092947504,0.42211597734071676,0.9337046615935787,0.31146718752216157,0.3584468198504991,0.06633317548199986,0.6885328124778385,1.5
4,0.76,0.022652321608214,Mpox,0.5854779092947504,0.40084776882321127,0.9349654546786591,0.3301366706355718,0.3620721336530011,0.07403968702705908,0.6698633293644283,1.5
4,0.77,0.02154401685111569,Mpox,0.5854779092947504,0.3798060661549124,0.9362824521555502,0.34992977070177356,0.3642563320261676,0.08282649298511659,0.6500702292982264,1.5
4,0.78,0.02045293889740682,Mpox,0.5854779092947504,0.35907539075340345,0.9376557617090515,0.37089751823450035,0.3648907230657999,0.09285783703315437,0.6291024817654997,1.5
4,0.79,0.01937860421854785,Mpox,0.5854779092947504,0.3387380522639262,0.9390850588776951,0.39308848831541543,0.36389505303791025,0.10432217121018464,0.6069115116845846,1.5
4,0.8,0.018320548762019617,Mpox,0.5854779092947504,0.318872827449465,0.9405695340390323,0.41654735622333,0.36122379068298693,0.11743489055988376,0.58345264377667,1.5
4,0.81,0.01727832693493262,Mpox,0.5854779092947504,0.2995537197666266,0.9421078420133293,0.44131309508388405,0.3568711043989052,0.13244097682129288,0.558686904916116,1.5
4,0.8200000000000001,0.016251510652485597,Mpox,0.5854779092947504,0.2808488496926526,0.9436980564972751,0.4674167398454151,0.35087395584691977,0.14961732653678111,0.5325832601545849,1.5
4,0.8300000000000001,0.01523968844640001,Mpox,0.5854779092947504,0.2628195222858114,0.9453376317934915,0.4948786267042107,0.34331287316256015,0.16927442747912852,0.5051213732957893,1.5
4,0.8400000000000001,0.014242464628877708,Mpox,0.5854779092947504,0.2455195126415803,0.9470233744641565,0.5237049989336551,0.3343101894734001,0.19175689275318694,0.4762950010663449,1.5
4,0.8500000000000001,0.0132594585080094,Mpox,0.5854779092947504,0.22899460260043034,0.9487514275704974,0.5538838483334819,0.3240258090757687,0.21744214946627877,0.4461161516665181,1.5
4,0.86,0.012290303650902454,Mpox,0.5854779092947504,0.21328239436644925,0.950517270029061,0.5853798355111325,0.3126508510382159,0.2467362889122983,0.4146201644888675,1.5
4,0.87,0.011334647191108708,Mpox,0.5854779092947504,0.1984124200682431,0.9523157332922463,0.618128101104741,0.30039977018212705,0.28006569204263204,0.38187189889525897,1.5
4,0.88,0.010392149177214031,Mpox,0.5854779092947504,0.18440656262527075,0.954141037028859,0.6520267428629516,0.2875017281166866,0.3178625138780134,0.3479732571370484,1.5
4,0.89,0.009462481959705268,Mpox,0.5854779092947504,0.17127980510389343,0.9559868447425325,0.6869276890236833,0.2741920607814085,0.3605413993915098,0.3130723109763167,1.5
4,0.9,0.00854532961346388,Mpox,0.5854779092947504,0.15904133671503928,0.957846339345891,0.7226256452650599,0.2607046672189364,0.40846385387943224,0.2773743547349401,1.5
4,0.91,0.007640387393446007,Mpox,0.5854779092947504,0.1476960695611047,0.9597123176544556,0.7588447289450756,0.24726605588415876,0.4618854284056858,0.2411552710549244,1.5
4,0.9199999999999999,0.0067473612212998295,Mpox,0.5854779092947504,0.137246671442617,0.9615773016474426,0.7952223283830415,0.23409168057667576,0.5208792090305825,0.20477767161695848,1.5
4,0.9299999999999999,0.005865967200846554,Mpox,0.5854779092947504,0.12769631594251593,0.9634336632515927,0.8312896341546748,0.2213851490775137,0.5852268925351375,0.16871036584532517,1.5
4,0.94,0.004995931160512343,Mpox,0.5854779092947504,0.11905253088787215,0.9652737584371461,0.8664481808983211,0.2093409930311999,0.654265830593648,0.1335518191016789,1.5
4,0.95,0.004136988220941892,Mpox,0.5854779092947504,0.11133287405557328,0.967090065668188,0.8999416085311375,0.1981521090172988,0.7266766224001728,0.10005839146886253,1.5
4,0.96,0.0032888823861586527,Mpox,0.5854779092947504,0.10457387106296775,0.9688753233043513,0.9308216969583988,0.18802403859300995,0.8001908679813852,0.06917830304160122,1.5
4,0.97,0.0024513661567604167,Mpox,0.5854779092947504,0.09884617798265258,0.9706226604624943,0.9579075434468115,0.17920069285848095,0.8711922223839849,0.042092456553188495,1.5
4,0.98,0.0016242001637476388,Mpox,0.5854779092947504,0.09428250530873888,0.9723257161355463,0.9797365310059521,0.17201187607007892,0.9341754827752146,0.02026346899404785,1.5
4,0.99,8.071528216862105e-4,Mpox,0.5854779092947504,0.09113405187119446,0.9739787420121863,0.9945054724466744,0.1669676007219595,0.9810175464987575,0.005494527553325579,1.5
5,0.5,0.059779747322384946,Mpox,0.5854779092947504,0.9064504456455001,0.8729192798964255,0.05556416671236164,0.10470976850319451,0.008180700707597957,0.9444358332876384,1.5
5,0.51,0.057950680772225704,Mpox,0.5854779092947504,0.8987414049814962,0.8732873839579561,0.058826398235355376,0.11042501559144707,0.008735288921046797,0.9411736017646446,1.5
5,0.52,0.05616436970199872,Mpox,0.5854779092947504,0.8904918037793629,0.8736782232104139,0.06229854942547529,0.11645027148758831,0.009336578938217367,0.9377014505745247,1.5
5,0.53,0.05441902079726162,Mpox,0.5854779092947504,0.8816750420990649,0.8740933636326819,0.065996326825055,0.12280061662709807,0.009989666337226345,0.934003673174945,1.5
5,0.54,0.052712948018578974,Mpox,0.5854779092947504,0.8722649234897146,0.8745344763484426,0.0699366946017451,0.1294910227165267,0.010700312452005301,0.9300633053982549,1.5
5,0.55,0.05104456433692121,Mpox,0.5854779092947504,0.8622359902514787,0.8750033427530111,0.07413797455746335,0.13653611123379858,0.011475043372048861,0.9258620254425367,1.5
5,0.56,0.04941237424299598,Mpox,0.5854779092947504,0.8515639055029707,0.8755018594086167,0.07861995280397505,0.14394985133814228,0.012321265021331181,0.921380047196025,1.5
5,0.5700000000000001,0.04781496694564212,Mpox,0.5854779092947504,0.8402258829179975,0.8760320425737416,0.08340399318781365,0.1517451863089998,0.013247397068623202,0.9165960068121863,1.5
5,0.58,0.04625101018503402,Mpox,0.5854779092947504,0.828201163698226,0.8765960322037503,0.08851315744009156,0.15993357647878897,0.014263028898236715,0.9114868425599084,1.5
5,0.59,0.044719244595578016,Mpox,0.5854779092947504,0.8154715387126652,0.8771960952277038,0.09397233188537422,0.1685244456671993,0.015379101425456093,0.9060276681146258,1.5
5,0.6,0.04321847856125593,Mpox,0.5854779092947504,0.8020219117435023,0.8778346278698179,0.09980836035996705,0.17752451755068385,0.016608119185020552,0.9001916396400329,1.5
5,0.61,0.04174758351297746,Mpox,0.5854779092947504,0.7878408974310493,0.8785141567435091,0.10605018275365373,0.18693702847130197,0.017964397864639124,0.8939498172463463,1.5
5,0.62,0.04030548962340782,Mpox,0.5854779092947504,0.7729214448337586,0.8792373384016091,0.11272897828784147,0.1967608042590158,0.019464353308914405,0.8872710217121585,1.5
5,0.63,0.03889118185985932,Mpox,0.5854779092947504,0.7572614745691963,0.8800069569786492,0.11987831226237843,0.20698919117690498,0.021126838991135835,0.8801216877376216,1.5
5,0.64,0.03750369636030511,Mpox,0.5854779092947504,0.7408645143747523,0.8808259195110685,0.12753428452481816,0.2176088356878026,0.022973540047243814,0.8724657154751818,1.5
5,0.65,0.03614211710147044,Mpox,0.5854779092947504,0.7237403147629214,0.8816972484702231,0.13573567731761768,0.22859831509337936,0.025029433188940478,0.8642643226823823,1.5
5,0.66,0.03480557283136582,Mpox,0.5854779092947504,0.7059054234330933,0.8826240709932958,0.14452409941397218,0.23992663201898984,0.027323323154372373,0.8554759005860278,1.5
5,0.67,0.0334932342416195,Mpox,0.5854779092947504,0.6873836944745191,0.8836096042515108,0.15394412252916748,0.2515516010479742,0.02988846779530268,0.8460558774708326,1.5
5,0.6799999999999999,0.03220431135759201,Mpox,0.5854779092947504,0.668206706427372,0.8846571363573034,0.1640434048522361,0.2634181762953655,0.03276330540059197,0.8359565951477639,1.5
5,0.69,0.030938051126567993,Mpox,0.5854779092947504,0.6484140622610552,0.8857700021871744,0.17487279513458875,0.2754567948062666,0.03599229935065494,0.8251272048654112,1.5
5,0.7,0.029693735186364326,Mpox,0.5854779092947504,0.6280535445856499,0.8869515534909322,0.1864864090403892,0.2875818422251096,0.039626916579946846,0.8135135909596107,1.5
5,0.71,0.028470677798491228,Mpox,0.5854779092947504,0.6071811012131774,0.8882051226781366,0.19894166733789775,0.29969038306292917,0.043726757431358954,0.8010583326621022,1.5
5,0.72,0.027268223931603695,Mpox,0.5854779092947504,0.5858606397485301,0.8895339797271122,0.21229928290710554,0.3116613354583917,0.048360855075024654,0.7877007170928945,1.5
5,0.73,0.026085747482395512,Mpox,0.5854779092947504,0.5641636153335954,0.8909412817600667,0.22662318035434623,0.3233553049804799,0.05360916238139561,0.7733768196456537,1.5
5,0.74,0.024922649622344268,Mpox,0.5854779092947504,0.5421684029711302,0.8924300149791657,0.24198032813545087,0.33461531684298707,0.0595642424794148,0.7580196718645491,1.5
5,0.75,0.02377835725983872,Mpox,0.5854779092947504,0.5199594548276344,0.8940029288721061,0.25844045834561846,0.3452686917165221,0.06633317548199986,0.7415595416543815,1.5
5,0.76,0.022652321608214,Mpox,0.5854779092947504,0.49762625318105325,0.8956624628796096,0.2760756435556616,0.3551302864232273,0.07403968702705908,0.7239243564443384,1.5
5,0.77,0.02154401685111569,Mpox,0.5854779092947504,0.47526208068361003,0.8974106660764722,0.2949596930420336,0.36400725664992606,0.08282649298511659,0.7050403069579664,1.5
5,0.78,0.02045293889740682,Mpox,0.5854779092947504,0.45296264064598685,0.899249110853065,0.3151673222081596,0.371705386891254,0.09285783703315437,0.6848326777918404,1.5
5,0.79,0.01937860421854785,Mpox,0.5854779092947504,0.43082457031825844,0.90117880208993,0.3367730386081616,0.3780368723557175,0.10432217121018464,0.6632269613918385,1.5
5,0.8,0.018320548762019617,Mpox,0.5854779092947504,0.40894389883700244,0.9032000838805684,0.35984967537645457,0.38282923837971156,0.11743489055988376,0.6401503246235454,1.5
5,0.81,0.01727832693493262,Mpox,0.5854779092947504,0.3874145079088271,0.9053125464528896,0.3844664875733872,0.3859348681013381,0.13244097682129288,0.6155335124266128,1.5
5,0.8200000000000001,0.016251510652485597,Mpox,0.5854779092947504,0.36632665688608984,0.9075149365331653,0.41068670841802035,0.38724041474741916,0.14961732653678111,0.5893132915819796,1.5
5,0.8300000000000001,0.01523968844640001,Mpox,0.5854779092947504,0.3457656344356277,0.9098050749414425,0.43856443991825433,0.3866752449449547,0.16927442747912852,0.5614355600817457,1.5
5,0.8400000000000001,0.014242464628877708,Mpox,0.5854779092947504,0.3258105966613904,0.912179785647995,0.4681407252113336,0.38421803654872294,0.19175689275318694,0.5318592747886663,1.5
5,0.8500000000000001,0.0132594585080094,Mpox,0.5854779092947504,0.30653364691836504,0.9146348407934723,0.49943861701154985,0.379900767150289,0.21744214946627877,0.5005613829884501,1.5
5,0.86,0.012290303650902454,Mpox,0.5854779092947504,0.28799920674693835,0.9171649262165164,0.5324570167432521,0.3738095807148969,0.2467362889122983,0.4675429832567479,1.5
5,0.87,0.011334647191108708,Mpox,0.5854779092947504,0.2702637220274682,0.9197636317832265,0.5671630107893612,0.36608238138432014,0.28006569204263204,0.43283698921063885,1.5
5,0.88,0.010392149177214031,Mpox,0.5854779092947504,0.2533757459676835,0.9224234702293905,0.6034823720907025,0.35690341956101956,0.3178625138780134,0.39651762790929745,1.5
5,0.89,0.009462481959705268,Mpox,0.5854779092947504,0.23737644426401147,0.925135927289563,0.6412878250207921,0.3464955364058296,0.3605413993915098,0.35871217497920793,1.5
5,0.9,0.00854532961346388,Mpox,0.5854779092947504,0.2223005827873334,0.9278915446104559,0.6803845865440215,0.3351110558740873,0.40846385387943224,0.31961541345597855,1.5
5,0.91,0.007640387393446007,Mpox,0.5854779092947504,0.2081780926435824,0.9306800353818363,0.7204925941458117,0.323022522723638,0.4618854284056858,0.2795074058541883,1.5
5,0.9199999999999999,0.0067473612212998295,Mpox,0.5854779092947504,0.19503637586850311,0.9334904308582749,0.7612247072967505,0.31051458800622017,0.5208792090305825,0.2387752927032495,1.5
5,0.9299999999999999,0.005865967200846554,Mpox,0.5854779092947504,0.1829036445415109,0.9363112541170382,0.8020600199433616,0.29787840115990566,0.5852268925351375,0.19793998005663838,1.5
5,0.94,0.004995931160512343,Mpox,0.5854779092947504,0.17181383139148404,0.9391307156532881,0.8423112414952496,0.28541000611189915,0.654265830593648,0.1576887585047504,1.5
5,0.95,0.004136988220941892,Mpox,0.5854779092947504,0.1618140874145376,0.9419369239141024,0.8810848867395462,0.2734146842902858,0.7266766224001728,0.11891511326045379,1.5
5,0.96,0.0032888823861586527,Mpox,0.5854779092947504,0.1529768553534292,0.9447181027669777,0.9172327535360035,0.2622203745838378,0.8001908679813852,0.08276724646399647,1.5
5,0.97,0.0024513661567604167,Mpox,0.5854779092947504,0.1454206181832206,0.9474628073044129,0.9492928519975465,0.25220618387311966,0.8711922223839849,0.05070714800245346,1.5
5,0.98,0.0016242001637476388,Mpox,0.5854779092947504,0.1393483639278711,0.9501601293734181,0.9754175692998552,0.2438589812928362,0.9341754827752146,0.024582430700144764,1.5
5,0.99,8.071528216862105e-4,Mpox,0.5854779092947504,0.13512555106666316,0.9527998847974698,0.9932863972820307,0.23788895889691467,0.9810175464987575,0.00671360271796928,1.5
6,0.5,0.059779747322384946,Mpox,0.5854779092947504,0.9439871810376044,0.8195596806120636,0.041365978049707826,0.07925879701076187,0.008180700707597957,0.9586340219502921,1.5
6,0.51,0.057950680772225704,Mpox,0.5854779092947504,0.9385072092706651,0.8199385753200317,0.04391385698153949,0.08390184775104471,0.008735288921046797,0.9560861430184605,1.5
6,0.52,0.05616436970199872,Mpox,0.5854779092947504,0.9325581336008796,0.8203428517430067,0.04663912390894056,0.08883540882438709,0.009336578938217367,0.9533608760910595,1.5
6,0.53,0.05441902079726162,Mpox,0.5854779092947504,0.9261087406745478,0.8207744460893375,0.04955638998413144,0.09407860233684262,0.009989666337226345,0.9504436100158685,1.5
6,0.54,0.052712948018578974,Mpox,0.5854779092947504,0.919127175669117,0.821235443614805,0.05268157647187669,0.09965143550254327,0.010700312452005301,0.9473184235281233,1.5
6,0.55,0.05104456433692121,Mpox,0.5854779092947504,0.9115812033835409,0.8217280881865755,0.05603203470628748,0.10557472265761635,0.011475043372048861,0.9439679652937125,1.5
6,0.56,0.04941237424299598,Mpox,0.5854779092947504,0.9034385235335561,0.822254791924651,0.05962667615065416,0.11186996743818425,0.012321265021331181,0.9403733238493458,1.5
6,0.5700000000000001,0.04781496694564212,Mpox,0.5854779092947504,0.8946671442370578,0.8228181447751222,0.06348611310856528,0.11855919515610965,0.013247397068623202,0.9365138868914347,1.5
6,0.58,0.04625101018503402,Mpox,0.5854779092947504,0.8852358167639951,0.8234209238307145,0.0676328105758987,0.1256647235355854,0.014263028898236715,0.9323671894241012,1.5
6,0.59,0.044719244595578016,Mpox,0.5854779092947504,0.8751145333305239,0.82406610216874,0.07209124963210387,0.13320885791404002,0.015379101425456093,0.9279087503678961,1.5
6,0.6,0.04321847856125593,Mpox,0.5854779092947504,0.8642750879889733,0.8247568569240845,0.0768881026362758,0.14121349481831239,0.016608119185020552,0.9231118973637242,1.5
6,0.61,0.04174758351297746,Mpox,0.5854779092947504,0.8526916984656878,0.8254965762548957,0.08205242030728246,0.14969961560577696,0.017964397864639124,0.9179475796927176,1.5
6,0.62,0.04030548962340782,Mpox,0.5854779092947504,0.8403416841106954,0.8262888647910205,0.08761583051328868,0.1586866497829453,0.019464353308914405,0.9123841694867113,1.5
6,0.63,0.03889118185985932,Mpox,0.5854779092947504,0.8272061919576466,0.8271375470801922,0.09361274825668303,0.1681916859487629,0.021126838991135835,0.9063872517433169,1.5
6,0.64,0.03750369636030511,Mpox,0.5854779092947504,0.8132709593004531,0.8280466684651586,0.1000805958936423,0.17822850745020474,0.022973540047243814,0.8999194041063577,1.5
6,0.65,0.03614211710147044,Mpox,0.5854779092947504,0.7985270972737747,0.8290204927377562,0.10706003204621523,0.1888064303389486,0.025029433188940478,0.8929399679537848,1.5
6,0.66,0.03480557283136582,Mpox,0.5854779092947504,0.7829718758345204,0.8300634958256126,0.11459518691546108,0.19992892383084027,0.027323323154372373,0.8854048130845389,1.5
6,0.67,0.0334932342416195,Mpox,0.5854779092947504,0.7666094865000725,0.831180354677064,0.12273390074552866,0.211591999167127,0.02988846779530268,0.8772660992544713,1.5
6,0.6799999999999999,0.03220431135759201,Mpox,0.5854779092947504,0.7494517554873436,0.8323759304247392,0.13152796097002803,0.22378236275642574,0.03276330540059197,0.8684720390299719,1.5
6,0.69,0.030938051126567993,Mpox,0.5854779092947504,0.731518776852341,0.8336552448344463,0.14103333203129023,0.23647534512279472,0.03599229935065494,0.8589666679687098,1.5
6,0.7,0.029693735186364326,Mpox,0.5854779092947504,0.7128394332289099,0.8350234489916868,0.15131036992369742,0.24963263995332366,0.039626916579946846,0.8486896300763026,1.5
6,0.71,0.028470677798491228,Mpox,0.5854779092947504,0.6934517711970614,0.8364857831535382,0.16242401108054022,0.2631999187288591,0.043726757431358954,0.8375759889194598,1.5
6,0.72,0.027268223931603695,Mpox,0.5854779092947504,0.6734031995413432,0.838047526710987,0.17444392218490498,0.27710442679968206,0.048360855075024654,0.825556077815095,1.5
6,0.73,0.026085747482395512,Mpox,0.5854779092947504,0.6527504819854432,0.839713937280151,0.18744459369833152,0.29125271600187813,0.05360916238139561,0.8125554063016684,1.5
6,0.74,0.024922649622344268,Mpox,0.5854779092947504,0.631559501589943,0.8414901780856909,0.20150535519446164,0.30552872482353166,0.0595642424794148,0.7984946448055383,1.5
6,0.75,0.02377835725983872,Mpox,0.5854779092947504,0.6099047818910006,0.8433812330321133,0.21671028474823417,0.31979247484632023,0.06633317548199986,0.7832897152517658,1.5
6,0.76,0.022652321608214,Mpox,0.5854779092947504,0.5878687598510999,0.8453918091939424,0.2331479774074615,0.33387970334922035,0.07403968702705908,0.7668520225925385,1.5
6,0.77,0.02154401685111569,Mpox,0.5854779092947504,0.5655408173801824,0.8475262269066914,0.25091112884903366,0.3476027843510796,0.08282649298511659,0.7490888711509663,1.5
6,0.78,0.02045293889740682,Mpox,0.5854779092947504,0.5430160909432895,0.8497882982150553,0.2700958793136832,0.36075328842706594,0.09285783703315437,0.7299041206863168,1.5
6,0.79,0.01937860421854785,Mpox,0.5854779092947504,0.520394091801247,0.8521811951329108,0.29080084935398154,0.3731064783986075,0.10432217121018464,0.7091991506460185,1.5
6,0.8,0.018320548762019617,Mpox,0.5854779092947504,0.49777718183208486,0.8547073099807823,0.3131257822507416,0.38442791887938105,0.11743489055988376,0.6868742177492584,1.5
6,0.81,0.01727832693493262,Mpox,0.5854779092947504,0.4752689607493751,0.8573681109655859,0.3371696874593209,0.39448218596764645,0.13244097682129288,0.6628303125406791,1.5
6,0.8200000000000001,0.016251510652485597,Mpox,0.5854779092947504,0.4529726290857812,0.8601639971133421,0.36302835429462216,0.4030434066299646,0.14961732653678111,0.6369716457053778,1.5
6,0.8300000000000001,0.01523968844640001,Mpox,0.5854779092947504,0.430989397013132,0.863094157598612,0.39079107422306625,0.4099070623670339,0.16927442747912852,0.6092089257769338,1.5
6,0.8400000000000001,0.014242464628877708,Mpox,0.5854779092947504,0.40941701176983,0.8661564413576791,0.4205363723504016,0.41490220584071696,0.19175689275318694,0.5794636276495984,1.5
6,0.8500000000000001,0.0132594585080094,Mpox,0.5854779092947504,0.3883484765053079,0.8693472435343699,0.452326502453738,0.4179030243730877,0.21744214946627877,0.547673497546262,1.5
6,0.86,0.012290303650902454,Mpox,0.5854779092947504,0.367871031683443,0.8726614156881388,0.48620040335528897,0.41883860447599464,0.2467362889122983,0.5137995966447111,1.5
6,0.87,0.011334647191108708,Mpox,0.5854779092947504,0.34806546851554643,0.8760922066952656,0.5221647453264762,0.41769985420743966,0.28006569204263204,0.47783525467352383,1.5
6,0.88,0.010392149177214031,Mpox,0.5854779092947504,0.3290058448944405,0.8796312408112871,0.560182610815766,0.41454283843442197,0.3178625138780134,0.43981738918423396,1.5
6,0.89,0.009462481959705268,Mpox,0.5854779092947504,0.3107596820610271,0.8832685383798972,0.6001592507998164,0.4094882458503618,0.3605413993915098,0.39984074920018364,1.5
6,0.9,0.00854532961346388,Mpox,0.5854779092947504,0.2933887411543868,0.8869925831566394,0.6419242324475685,0.4027172674596895,0.40846385387943224,0.35807576755243153,1.5
6,0.91,0.007640387393446007,Mpox,0.5854779092947504,0.27695052346932436,0.8907904382046451,0.6852091406893047,0.3944647385853874,0.4618854284056858,0.3147908593106953,1.5
6,0.9199999999999999,0.0067473612212998295,Mpox,0.5854779092947504,0.2615007253996363,0.8946479099141121,0.7296198097942636,0.3850109098785201,0.5208792090305825,0.27038019020573645,1.5
6,0.9299999999999999,0.005865967200846554,Mpox,0.5854779092947504,0.24709704400865817,0.8985497570546384,0.7746018340298937,0.3746736491282509,0.5852268925351375,0.2253981659701063,1.5
6,0.94,0.004995931160512343,Mpox,0.5854779092947504,0.23380504273448877,0.9024799390944003,0.8193978302471278,0.36380330823655294,0.654265830593648,0.18060216975287224,1.5
6,0.95,0.004136988220941892,Mpox,0.5854779092947504,0.22170739940397077,0.9064218955439594,0.862994589334953,0.352783138756099,0.7266766224001728,0.137005410665047,1.5
6,0.96,0.0032888823861586527,Mpox,0.5854779092947504,0.21091911108478378,0.9103588460368567,0.9040578452472401,0.34203949419021046,0.8001908679813852,0.09594215475275991,1.5
6,0.97,0.0024513661567604167,Mpox,0.5854779092947504,0.20161394981723327,0.9142740994464883,0.9408518944167547,0.3320692125436327,0.8711922223839849,0.05914810558324535,1.5
6,0.98,0.0016242001637476388,Mpox,0.5854779092947504,0.1940738371421871,0.9181513597041868,0.971140696343136,0.32349922855922203,0.9341754827752146,0.028859303656863955,1.5
6,0.99,8.071528216862105e-4,Mpox,0.5854779092947504,0.18878924518045948,0.9219750161940679,0.9920663556483881,0.3172131432841201,0.9810175464987575,0.007933644351611924,1.5
7,0.5,0.059779747322384946,Mpox,0.5854779092947504,0.9670823103510239,0.7572309880591371,0.031811777301379594,0.061597335431813977,0.008180700707597957,0.9681882226986204,1.5
7,0.51,0.057950680772225704,Mpox,0.5854779092947504,0.9633516961649314,0.7576033483593159,0.03383733337912843,0.06537828142651332,0.008735288921046797,0.9661626666208716,1.5
7,0.52,0.05616436970199872,Mpox,0.5854779092947504,0.9592441324369143,0.7580022249804867,0.0360123045889193,0.0694184746509811,0.009336578938217367,0.9639876954110806,1.5
7,0.53,0.05441902079726162,Mpox,0.5854779092947504,0.9547282952613139,0.7584298092561284,0.03834994686627672,0.07373795506094316,0.009989666337226345,0.9616500531337233,1.5
7,0.54,0.052712948018578974,Mpox,0.5854779092947504,0.9497714096687879,0.7588884799878399,0.04086481540935762,0.07835819517732401,0.010700312452005301,0.9591351845906424,1.5
7,0.55,0.05104456433692121,Mpox,0.5854779092947504,0.9443394038487837,0.7593808178116518,0.04357289717379955,0.08330213865841846,0.011475043372048861,0.9564271028262005,1.5
7,0.56,0.04941237424299598,Mpox,0.5854779092947504,0.9383971160026583,0.7599096201081119,0.046491756375469755,0.08859421874732894,0.012321265021331181,0.9535082436245302,1.5
7,0.5700000000000001,0.04781496694564212,Mpox,0.5854779092947504,0.9319085602624828,0.7604779163266313,0.04964069403079187,0.09426034914156958,0.013247397068623202,0.9503593059692081,1.5
7,0.58,0.04625101018503402,Mpox,0.5854779092947504,0.924837257754009,0.7610889835480608,0.053040922569923786,0.10032787798181834,0.014263028898236715,0.9469590774300762,1.5
7,0.59,0.044719244595578016,Mpox,0.5854779092947504,0.9171466381613396,0.7617463620536489,0.05671575653685655,0.10682549346137382,0.015379101425456093,0.9432842434631434,1.5
7,0.6,0.04321847856125593,Mpox,0.5854779092947504,0.9088005159902816,0.762453870602308,0.06069082033289255,0.11378306699178246,0.016608119185020552,0.9393091796671075,1.5
7,0.61,0.04174758351297746,Mpox,0.5854779092947504,0.8997636440553932,0.763215621040499,0.06499427385366016,0.12123141691761942,0.017964397864639124,0.9350057261463398,1.5
7,0.62,0.04030548962340782,Mpox,0.5854779092947504,0.8900023444724177,0.7640360317792618,0.06965705669925783,0.12920197248252074,0.019464353308914405,0.9303429433007422,1.5
7,0.63,0.03889118185985932,Mpox,0.5854779092947504,0.8794852145836132,0.7649198395704986,0.07471315138262982,0.13772631419135078,0.021126838991135835,0.9252868486173702,1.5
7,0.64,0.03750369636030511,Mpox,0.5854779092947504,0.8681839017719102,0.7658721088996696,0.08019986559803419,0.1468355630539248,0.022973540047243814,0.9198001344019658,1.5
7,0.65,0.03614211710147044,Mpox,0.5854779092947504,0.8560739370688436,0.7668982381854056,0.08615813310828135,0.15655958771737116,0.025029433188940478,0.9138418668917186,1.5
7,0.66,0.03480557283136582,Mpox,0.5854779092947504,0.8431356129267789,0.7680039618400913,0.09263283212727166,0.16692599564683847,0.027323323154372373,0.9073671678727283,1.5
7,0.67,0.0334932342416195,Mpox,0.5854779092947504,0.8293548856730586,0.7691953471024935,0.09967311916425894,0.1779588729698768,0.02988846779530268,0.9003268808357411,1.5
7,0.6799999999999999,0.03220431135759201,Mpox,0.5854779092947504,0.8147242782336169,0.7704787844090333,0.10733277509726835,0.1896772383141293,0.03276330540059197,0.8926672249027316,1.5
7,0.69,0.030938051126567993,Mpox,0.5854779092947504,0.7992437540259514,0.7718609699315624,0.11567055867907657,0.2020931802358854,0.03599229935065494,0.8843294413209234,1.5
7,0.7,0.029693735186364326,Mpox,0.5854779092947504,0.7829215288661694,0.7733488787862457,0.12475056065546755,0.21520965732628097,0.039626916579946846,0.8752494393445325,1.5
7,0.71,0.028470677798491228,Mpox,0.5854779092947504,0.7657747847546172,0.7749497273231237,0.13464254907458204,0.22901795681325535,0.043726757431358954,0.8653574509254179,1.5
7,0.72,0.027268223931603695,Mpox,0.5854779092947504,0.7478302479631962,0.7766709228549263,0.14542229304210783,0.24349483370663108,0.048360855075024654,0.8545777069578921,1.5
7,0.73,0.026085747482395512,Mpox,0.5854779092947504,0.7291245943875677,0.7785199991957565,0.15717184794903213,0.25859939047675934,0.05360916238139561,0.8428281520509678,1.5
7,0.74,0.024922649622344268,Mpox,0.5854779092947504,0.7097046480170506,0.7805045364771598,0.16997977984294652,0.27426980858788913,0.0595642424794148,0.8300202201570535,1.5
7,0.75,0.02377835725983872,Mpox,0.5854779092947504,0.6896273438513026,0.7826320639146764,0.18394129985366506,0.2904201082690892,0.06633317548199986,0.816058700146335,1.5
7,0.76,0.022652321608214,Mpox,0.5854779092947504,0.6689594347066271,0.7849099445366481,0.19915827107741918,0.306937189621707,0.07403968702705908,0.8008417289225809,1.5
7,0.77,0.02154401685111569,Mpox,0.5854779092947504,0.647776931929207,0.7873452413817161,0.21573903964924815,0.32367849073106897,0.08282649298511659,0.7842609603507519,1.5
7,0.78,0.02045293889740682,Mpox,0.5854779092947504,0.6261642826432031,0.7899445653404281,0.23379802837038702,0.34047067608204773,0.09285783703315437,0.766201971629613,1.5
7,0.79,0.01937860421854785,Mpox,0.5854779092947504,0.6042133001487596,0.7927139056696821,0.25345501456559,0.357109824771669,0.10432217121018464,0.74654498543441,1.5
7,0.8,0.018320548762019617,Mpox,0.5854779092947504,0.5820218786016349,0.7956584452437099,0.27483399303583206,0.37336360110275796,0.11743489055988376,0.7251660069641679,1.5
7,0.81,0.01727832693493262,Mpox,0.5854779092947504,0.5596925372062382,0.7987823638017207,0.2980614990745425,0.3889758359724397,0.13244097682129288,0.7019385009254575,1.5
7,0.8200000000000001,0.016251510652485597,Mpox,0.5854779092947504,0.5373308519117264,0.8020886337682355,0.3232642343383135,0.4036738048005323,0.14961732653678111,0.6767357656616865,1.5
7,0.8300000000000001,0.01523968844640001,Mpox,0.5854779092947504,0.5150438432571337,0.8055788145902654,0.35056579844152036,0.41717824628086525,0.16927442747912852,0.6494342015584796,1.5
7,0.8400000000000001,0.014242464628877708,Mpox,0.5854779092947504,0.4929383971317085,0.8092528528623779,0.38008227968191255,0.42921583577697114,0.19175689275318694,0.6199177203180875,1.5
7,0.8500000000000001,0.0132594585080094,Mpox,0.5854779092947504,0.47111980085741667,0.8131088966785267,0.4119163970971208,0.4395334447666465,0.21744214946627877,0.5880836029028792,1.5
7,0.86,0.012290303650902454,Mpox,0.5854779092947504,0.4496904808862216,0.8171431335225977,0.4461498104001132,0.4479131486663551,0.2467362889122983,0.5538501895998869,1.5
7,0.87,0.011334647191108708,Mpox,0.5854779092947504,0.42874903214358423,0.8213496614452159,0.482833120937768,0.4541866744301205,0.28006569204263204,0.517166879062232,1.5
7,0.88,0.010392149177214031,Mpox,0.5854779092947504,0.4083896354573489,0.8257204031384497,0.5219729716142917,0.45824789168409713,0.3178625138780134,0.4780270283857083,1.5
7,0.89,0.009462481959705268,Mpox,0.5854779092947504,0.38870197319123684,0.8302450717063063,0.563515511771156,0.46006210725687063,0.3605413993915098,0.436484488228844,1.5
7,0.9,0.00854532961346388,Mpox,0.5854779092947504,0.3697717816793201,0.8349111953791137,0.6073253182696369,0.45967133667115634,0.40846385387943224,0.39267468173036313,1.5
7,0.91,0.007640387393446007,Mpox,0.5854779092947504,0.3516822350819838,0.8397042061421669,0.6531586490950111,0.4571953573823774,0.4618854284056858,0.3468413509049889,1.5
7,0.9199999999999999,0.0067473612212998295,Mpox,0.5854779092947504,0.33451646162470666,0.844607594330726,0.7006296416798474,0.4528291183165922,0.5208792090305825,0.2993703583201526,1.5
7,0.9299999999999999,0.005865967200846554,Mpox,0.5854779092947504,0.3183616929045535,0.8496031278541447,0.7491677438348673,0.4468379100162866,0.5852268925351375,0.2508322561651327,1.5
7,0.94,0.004995931160512343,Mpox,0.5854779092947504,0.3033159263292465,0.8546711310950907,0.7979642672843554,0.4395525722020092,0.654265830593648,0.20203573271564457,1.5
7,0.95,0.004136988220941892,Mpox,0.5854779092947504,0.28949872302075136,0.8597908149813854,0.8459054660156174,0.43136806182762927,0.7266766224001728,0.15409453398438255,1.5
7,0.96,0.0032888823861586527,Mpox,0.5854779092947504,0.2770692830224161,0.864940646564201,0.8914889441159426,0.42275035480858314,0.8001908679813852,0.1085110558840574,1.5
7,0.97,0.0024513661567604167,Mpox,0.5854779092947504,0.2662582426622926,0.8700987439551,0.9327194663448668,0.41425998855565493,0.8711922223839849,0.0672805336551332,1.5
7,0.98,0.0016242001637476388,Mpox,0.5854779092947504,0.2574273847725234,0.8752432809159376,0.9669793500382867,0.4066082913989423,0.9341754827752146,0.03302064996171328,1.5
7,0.99,8.071528216862105e-4,Mpox,0.5854779092947504,0.25119143621274564,0.8803528849095257,0.990867523441698,0.4007819989143397,0.9810175464987575,0.00913247655830196,1.5
8,0.5,0.059779747322384946,Mpox,0.5854779092947504,0.9809745805395975,0.6876303209002252,0.02524879253139648,0.049230467757918894,0.008180700707597957,0.9747512074686036,1.5
8,0.51,0.057950680772225704,Mpox,0.5854779092947504,0.9785230597037167,0.687982785434764,0.0268930893146379,0.05234749425248072,0.008735288921046797,0.9731069106853621,1.5
8,0.52,0.05616436970199872,Mpox,0.5854779092947504,0.9757861367846349,0.6883615314409339,0.028663866519628073,0.05569177855440923,0.009336578938217367,0.971336133480372,1.5
8,0.53,0.05441902079726162,Mpox,0.5854779092947504,0.9727355115443085,0.688768872385989,0.03057300372718434,0.059282754939962386,0.009989666337226345,0.9694269962728157,1.5
8,0.54,0.052712948018578974,Mpox,0.5854779092947504,0.9693409673394123,0.6892073369303376,0.03263362981973495,0.06314154947030809,0.010700312452005301,0.9673663701802651,1.5
8,0.55,0.05104456433692121,Mpox,0.5854779092947504,0.9655704170125714,0.6896796876808091,0.034860261678844595,0.06729109397252263,0.011475043372048861,0.9651397383211554,1.5
8,0.56,0.04941237424299598,Mpox,0.5854779092947504,0.9613899928226874,0.690188941036306,0.037268958119060946,0.07175623538907829,0.012321265021331181,0.962731041880939,1.5
8,0.5700000000000001,0.04781496694564212,Mpox,0.5854779092947504,0.9567641881318937,0.6907383880394107,0.03987749053685619,0.07656383567902819,0.013247397068623202,0.9601225094631438,1.5
8,0.58,0.04625101018503402,Mpox,0.5854779092947504,0.951656058776558,0.6913316160978568,0.04270553183117364,0.0817428559073218,0.014263028898236715,0.9572944681688264,1.5
8,0.59,0.044719244595578016,Mpox,0.5854779092947504,0.9460274919686735,0.6919725313784112,0.04577486521190788,0.08732441623697555,0.015379101425456093,0.9542251347880921,1.5
8,0.6,0.04321847856125593,Mpox,0.5854779092947504,0.9398395501134481,0.6926653816009387,0.04910961454531841,0.09334182117731518,0.016608119185020552,0.9508903854546816,1.5
8,0.61,0.04174758351297746,Mpox,0.5854779092947504,0.933052895995193,0.6934147788705363,0.052736497878774546,0.09983053657549475,0.017964397864639124,0.9472635021212255,1.5
8,0.62,0.04030548962340782,Mpox,0.5854779092947504,0.9256283042846534,0.6942257220790085,0.05668510572553948,0.10682810141089892,0.019464353308914405,0.9433148942744605,1.5
8,0.63,0.03889118185985932,Mpox,0.5854779092947504,0.9175272621739414,0.69510361828231,0.06098820555309607,0.11437395342562678,0.021126838991135835,0.939011794446904,1.5
8,0.64,0.03750369636030511,Mpox,0.5854779092947504,0.9087126590890259,0.6960543023170248,0.06568207367943554,0.1225091430002711,0.022973540047243814,0.9343179263205644,1.5
8,0.65,0.03614211710147044,Mpox,0.5854779092947504,0.8991495618371417,0.6970840537564122,0.07080685540700919,0.13127590453015708,0.025029433188940478,0.9291931445929908,1.5
8,0.66,0.03480557283136582,Mpox,0.5854779092947504,0.8888060672402784,0.6981996101260443,0.07640695367061946,0.14071704904623852,0.027323323154372373,0.9235930463293806,1.5
8,0.67,0.0334932342416195,Mpox,0.5854779092947504,0.8776542193739886,0.6994081751031224,0.08253144568848624,0.1508751362890263,0.02988846779530268,0.9174685543115138,1.5
8,0.6799999999999999,0.03220431135759201,Mpox,0.5854779092947504,0.8656709731399144,0.7007174202168099,0.0892345260155766,0.1617913794441447,0.03276330540059197,0.9107654739844234,1.5
8,0.69,0.030938051126567993,Mpox,0.5854779092947504,0.8528391803064632,0.7021354783565393,0.09657597291698197,0.17350423215845545,0.03599229935065494,0.90342402708301806,1.5
8,0.7,0.029693735186364326,Mpox,0.5854779092947504,0.8391485687019614,0.7036709271916584,0.1046216329956026,0.18604760655847785,0.039626916579946846,0.8953783670043974,1.5
8,0.71,0.028470677798491228,Mpox,0.5854779092947504,0.8245966803692355,0.7053327604231785,0.11344391638285806,0.19944867456970455,0.043726757431358954,0.886556083617142,1.5
8,0.72,0.027268223931603695,Mpox,0.5854779092947504,0.8091897306838012,0.7071303446452258,0.12312229135777815,0.21372521522741816,0.048360855075024654,0.8768777086422218,1.5
8,0.73,0.026085747482395512,Mpox,0.5854779092947504,0.7929433482224537,0.7090733595130809,0.13374376277816657,0.2288824907614756,0.05360916238139561,0.8662562372218334,1.5
8,0.74,0.024922649622344268,Mpox,0.5854779092947504,0.7758831550472693,0.7111717189239133,0.14540331291149977,0.24490966729611996,0.0595642424794148,0.8545966870885002,1.5
8,0.75,0.02377835725983872,Mpox,0.5854779092947504,0.7580451494658741,0.7134354710467382,0.15820427579746832,0.261775845280479,0.06633317548199986,0.8417957242025317,1.5
8,0.76,0.022652321608214,Mpox,0.5854779092947504,0.739475858523693,0.7158746753235685,0.17225860672747326,0.2794258327457267,0.07403968702705908,0.8277413932725267,1.5
8,0.77,0.02154401685111569,Mpox,0.5854779092947504,0.720232235558809,0.7184992550381955,0.18768699625125426,0.2977758817287349,0.08282649298511659,0.8123130037487457,1.5
8,0.78,0.02045293889740682,Mpox,0.5854779092947504,0.7003812889419069,0.7213188247433624,0.20461876264759188,0.31670971172457657,0.09285783703315437,0.7953812373524081,1.5
8,0.79,0.01937860421854785,Mpox,0.5854779092947504,0.6799994412094816,0.724342492774441,0.2231914371915733,0.33607525541377015,0.10432217121018464,0.7768085628084267,1.5
8,0.8,0.018320548762019617,Mpox,0.5854779092947504,0.6591716325136164,0.7275786402680309,0.24354993178029957,0.3556826655753392,0.11743489055988376,0.7564500682197004,1.5
8,0.81,0.01727832693493262,Mpox,0.5854779092947504,0.6379901978125644,0.7310346795375153,0.2658451472573387,0.3753041945335792,0.13244097682129288,0.7341548527426613,1.5
8,0.8200000000000001,0.016251510652485597,Mpox,0.5854779092947504,0.6165535625932473,0.7347167962989842,0.2902318415108828,0.3946765685720822,0.14961732653678111,0.7097681584891171,1.5
8,0.8300000000000001,0.01523968844640001,Mpox,0.5854779092947504,0.5949648162957697,0.7386296820230118,0.31686552713818916,0.4135063973288122,0.16927442747912852,0.6831344728618108,1.5
8,0.8400000000000001,0.014242464628877708,Mpox,0.5854779092947504,0.5733302353853398,0.7427762645086748,0.3458981067281878,0.4314789565644679,0.19175689275318694,0.6541018932718121,1.5
8,0.8500000000000001,0.0132594585080094,Mpox,0.5854779092947504,0.5517578390095552,0.7471574464992807,0.3774718765964516,0.44827035429428164,0.21744214946627877,0.6225281234035485,1.5
8,0.86,0.012290303650902454,Mpox,0.5854779092947504,0.5303560698743883,0.7517718636184256,0.41171143338442173,0.46356265761589616,0.2467362889122983,0.5882885666155783,1.5
8,0.87,0.011334647191108708,Mpox,0.5854779092947504,0.5092327028089062,0.7566156739157003,0.4487128977074701,0.47706108063259484,0.28006569204263204,0.5512871022925299,1.5
8,0.88,0.010392149177214031,Mpox,0.5854779092947504,0.48849409627878193,0.7616823916883032,0.4885297193332408,0.4885119071565891,0.3178625138780134,0.5114702806667593,1.5
8,0.89,0.009462481959705268,Mpox,0.5854779092947504,0.46824492275548973,0.7669627778247842,0.5311541422073861,0.49771955769919524,0.3605413993915098,0.4688458577926139,1.5
8,0.9,0.00854532961346388,Mpox,0.5854779092947504,0.44858855069710424,0.7724447975851623,0.5764931764222883,0.5045612104017614,0.40846385387943224,0.42350682357771174,1.5
8,0.91,0.007640387393446007,Mpox,0.5854779092947504,0.42962831842303084,0.7781136544466831,0.624337637376408,0.508997710596407,0.4618854284056858,0.375662362623592,1.5
8,0.9199999999999999,0.0067473612212998295,Mpox,0.5854779092947504,0.4114700645193401,0.7839519054598953,0.6743224569144515,0.5110801545898254,0.5208792090305825,0.3256775430855485,1.5
8,0.9299999999999999,0.005865967200846554,Mpox,0.5854779092947504,0.39422651027165,0.789939659633746,0.7258760312355029,0.5109524602966542,0.5852268925351375,0.2741239687644971,1.5
8,0.94,0.004995931160512343,Mpox,0.5854779092947504,0.3780245266051302,0.7960548564607237,0.7781558262670062,0.5088513865831809,0.654265830593648,0.2218441737329938,1.5
8,0.95,0.004136988220941892,Mpox,0.5854779092947504,0.36301717264042843,0.8022736171451651,0.8299667890849872,0.5051068695396831,0.7266766224001728,0.17003321091501278,1.5
8,0.96,0.0032888823861586527,Mpox,0.5854779092947504,0.3494041433981371,0.8085706567982294,0.8796582845071925,0.5001474984556031,0.8001908679813852,0.12034171549280748,1.5
8,0.97,0.0024513661567604167,Mpox,0.5854779092947504,0.33746807128050377,0.81491974220178,0.9249942533518468,0.49451935401732056,0.8711922223839849,0.07500574664815318,1.5
8,0.98,0.0016242001637476388,Mpox,0.5854779092947504,0.3276430572344676,0.8212941770623168,0.962990029240431,0.4889336877739818,0.9341754827752146,0.03700997075956902,1.5
8,0.99,8.071528216862105e-4,Mpox,0.5854779092947504,0.3206548539907437,0.8276672952231285,0.9897077007536913,0.48437675073916386,0.9810175464987575,0.0102922992463087,1.5
9,0.5,0.059779747322384946,Mpox,0.5854779092947504,0.9891693256114119,0.6130388363224036,0.02064902589992769,0.04045357859340642,0.008180700707597957,0.9793509741000723,1.5
9,0.51,0.057950680772225704,Mpox,0.5854779092947504,0.9876056841982702,0.6133619777452327,0.022014016074385405,0.043068033243059224,0.008735288921046797,0.9779859839256146,1.5
9,0.52,0.05616436970199872,Mpox,0.5854779092947504,0.9858360816045276,0.6137100614779435,0.02348718167896608,0.04588125924889547,0.009336578938217367,0.9765128183210339,1.5
9,0.53,0.05441902079726162,Mpox,0.5854779092947504,0.9838368608339519,0.6140853954215442,0.02507913176077282,0.04891145436302166,0.009989666337226345,0.9749208682392272,1.5
9,0.54,0.052712948018578974,Mpox,0.5854779092947504,0.9815823121641378,0.6144905171032624,0.026801654709006934,0.05217859677136545,0.010700312452005301,0.973198345290993,1.5
9,0.55,0.05104456433692121,Mpox,0.5854779092947504,0.9790446310468224,0.6149282157649345,0.028667858377011003,0.055704604482317885,0.011475043372048861,0.971332141622989,1.5
9,0.56,0.04941237424299598,Mpox,0.5854779092947504,0.9761939077822678,0.6154015560816347,0.030692326993899264,0.059513501311826436,0.012321265021331181,0.9693076730061008,1.5
9,0.5700000000000001,0.04781496694564212,Mpox,0.5854779092947504,0.9729981567527927,0.6159139034864403,0.03289129673187374,0.06363158691535113,0.013247397068623202,0.9671087032681263,1.5
9,0.58,0.04625101018503402,Mpox,0.5854779092947504,0.969423393663938,0.6164689510295693,0.03528285194599088,0.06808760714105139,0.014263028898236715,0.9647171480540091,1.5
9,0.59,0.044719244595578016,Mpox,0.5854779092947504,0.9654337697171883,0.6170707476391599,0.0378871442468988,0.07291291945582158,0.015379101425456093,0.9621128557531012,1.5
9,0.6,0.04321847856125593,Mpox,0.5854779092947504,0.9609917718375269,0.6177237275744022,0.04072663669572681,0.07814164624670666,0.016608119185020552,0.9592733633042732,1.5
9,0.61,0.04174758351297746,Mpox,0.5854779092947504,0.9560584979018835,0.6184327407671502,0.04382637551268873,0.08381080633424537,0.017964397864639124,0.9561736244873112,1.5
9,0.62,0.04030548962340782,Mpox,0.5854779092947504,0.9505940152525942,0.619203083633055,0.04721429175197429,0.08996041195237552,0.019464353308914405,0.9527857082480257,1.5
9,0.63,0.03889118185985932,Mpox,0.5854779092947504,0.9445578095231886,0.6200405297953968,0.05092153539509442,0.09663351464976137,0.021126838991135835,0.9490784646049055,1.5
9,0.64,0.03750369636030511,Mpox,0.5854779092947504,0.9379093288503968,0.6209513600021341,0.05498284422647207,0.10387617895492042,0.022973540047243814,0.945017155773528,1.5
9,0.65,0.03614211710147044,Mpox,0.5854779092947504,0.9306086258145834,0.6219423903279715,0.0594369496439652,0.1117373571517908,0.025029433188940478,0.9405630503560348,1.5
9,0.66,0.03480557283136582,Mpox,0.5854779092947504,0.9226170958951319,0.6230209975381638,0.0643270211779083,0.12026863211416083,0.027323323154372373,0.9356729788220917,1.5
9,0.67,0.0334932342416195,Mpox,0.5854779092947504,0.9138983068550369,0.6241951402506314,0.06970115088638533,0.12952378791908808,0.02988846779530268,0.9302988491136147,1.5
9,0.6799999999999999,0.03220431135759201,Mpox,0.5854779092947504,0.9044189083582308,0.6254733742711536,0.07561287788612114,0.13955816012387834,0.03276330540059197,0.9243871221138789,1.5
9,0.69,0.030938051126567993,Mpox,0.5854779092947504,0.8941496054392637,0.6268648601992326,0.08212175197019093,0.1504277096010933,0.03599229935065494,0.9178782480298091,1.5
9,0.7,0.029693735186364326,Mpox,0.5854779092947504,0.8830661734512636,0.6283793611195754,0.08929393343102758,0.16218775646848882,0.039626916579946846,0.9107060665689725,1.5
9,0.71,0.028470677798491228,Mpox,0.5854779092947504,0.871150486179687,0.6300272279204081,0.09720282369079107,0.17489130517372256,0.043726757431358954,0.902797176309209,1.5
9,0.72,0.027268223931603695,Mpox,0.5854779092947504,0.858391523384267,0.6318193695345979,0.10592971793833116,0.18858689004514187,0.048360855075024654,0.8940702820616688,1.5
9,0.73,0.026085747482395512,Mpox,0.5854779092947504,0.8447863196488163,0.6337672052081993,0.11556446642529938,0.203315875176622,0.05360916238139561,0.8844355335747006,1.5
9,0.74,0.024922649622344268,Mpox,0.5854779092947504,0.8303408136390568,0.6358825957950637,0.12620612505729126,0.2191091567531956,0.0595642424794148,0.8737938749427088,1.5
9,0.75,0.02377835725983872,Mpox,0.5854779092947504,0.815070556233805,0.6381777510927629,0.13796356801667922,0.23598324396157735,0.06633317548199986,0.8620364319833208,1.5
9,0.76,0.022652321608214,Mpox,0.5854779092947504,0.7990012379623374,0.6406651104162293,0.1509560248514414,0.2539357410183181,0.07403968702705908,0.8490439751485586,1.5
9,0.77,0.02154401685111569,Mpox,0.5854779092947504,0.7821690010593995,0.6433571939956615,0.16531349110287336,0.2729403218892006,0.08282649298511659,0.8346865088971267,1.5
9,0.78,0.02045293889740682,Mpox,0.5854779092947504,0.7646205093393859,0.6462664234279084,0.18117694429967823,0.29294138379831175,0.09285783703315437,0.8188230557003218,1.5
9,0.79,0.01937860421854785,Mpox,0.5854779092947504,0.7464127598450768,0.6494049103433654,0.19869827498046982,0.313848685158997,0.10432217121018464,0.8013017250195302,1.5
9,0.8,0.018320548762019617,Mpox,0.5854779092947504,0.7276126334382323,0.6527842136988141,0.21803981402222788,0.3355324119366362,0.11743489055988376,0.7819601859777721,1.5
9,0.81,0.01727832693493262,Mpox,0.5854779092947504,0.7082961965371397,0.6564150676760774,0.2393733013219972,0.35781925927114955,0.13244097682129288,0.7606266986780028,1.5
9,0.8200000000000001,0.016251510652485597,Mpox,0.5854779092947504,0.6885477822872847,0.6603070840343375,0.26287809476916346,0.38049023792628073,0.14961732653678111,0.7371219052308365,1.5
9,0.8300000000000001,0.01523968844640001,Mpox,0.5854779092947504,0.6684588957666645,0.6644684348719576,0.2887383599155453,0.40328098328502215,0.16927442747912852,0.7112616400844547,1.5
9,0.8400000000000001,0.014242464628877708,Mpox,0.5854779092947504,0.6481270037090723,0.6689055240013988,0.31713890663217253,0.4258853174301279,0.19175689275318694,0.6828610933678274,1.5
9,0.8500000000000001,0.0132594585080094,Mpox,0.5854779092947504,0.6276542843619063,0.6736226573837534,0.34825924538753317,0.4479626540114687,0.21744214946627877,0.6517407546124668,1.5
9,0.86,0.012290303650902454,Mpox,0.5854779092947504,0.6071464277780839,0.6786217251217866,0.3822653176811694,0.4691495187089116,0.2467362889122983,0.6177346823188306,1.5
9,0.87,0.011334647191108708,Mpox,0.5854779092947504,0.5867115923291318,0.683901909155255,0.419298206514237,0.4890749944733278,0.28006569204263204,0.580701793485763,1.5
9,0.88,0.010392149177214031,Mpox,0.5854779092947504,0.5664596422298066,0.6894594318093793,0.4594589459971128,0.5073793440444836,0.3178625138780134,0.5405410540028872,1.5
9,0.89,0.009462481959705268,Mpox,0.5854779092947504,0.5465018183851473,0.6952873604983195,0.5027883148856132,0.5237345127629982,0.3605413993915098,0.49721168511438685,1.5
9,0.9,0.00854532961346388,Mpox,0.5854779092947504,0.5269510397287129,0.7013754830044124,0.5492402053609792,0.5378648053425832,0.40846385387943224,0.45075979463902083,1.5
9,0.91,0.007640387393446007,Mpox,0.5854779092947504,0.5079231100466399,0.707710265739492,0.5986467913200749,0.5495658967249775,0.4618854284056858,0.4013532086799251,1.5
9,0.9199999999999999,0.0067473612212998295,Mpox,0.5854779092947504,0.4895392446405696,0.7142749042485631,0.6506732620171728,0.558720581182531,0.5208792090305825,0.3493267379828272,1.5
9,0.9299999999999999,0.005865967200846554,Mpox,0.5854779092947504,0.47193058661572007,0.7210494710618409,0.7047593151126746,0.5653103277515648,0.5852268925351375,0.29524068488732536,1.5
9,0.94,0.004995931160512343,Mpox,0.5854779092947504,0.4552458636493958,0.7280111610876623,0.760043890922019,0.5694227837150899,0.654265830593648,0.23995610907798104,1.5
9,0.95,0.004136988220941892,Mpox,0.5854779092947504,0.4396642755124317,0.7351346294254834,0.8152687435094433,0.5712568496163887,0.7266766224001728,0.18473125649055666,1.5
9,0.96,0.0032888823861586527,Mpox,0.5854779092947504,0.42541762636399394,0.7423924112013587,0.8686553431128259,0.5711289902683939,0.8001908679813852,0.13134465688717412,1.5
9,0.97,0.0024513661567604167,Mpox,0.5854779092947504,0.4128299007380723,0.7497554082519869,0.9177482376545015,0.5694876579156085,0.8711922223839849,0.08225176234549847,1.5
9,0.98,0.0016242001637476388,Mpox,0.5854779092947504,0.4023923017435116,0.7571934236418993,0.9592163066826527,0.5669489089997528,0.9341754827752146,0.040783693317347325,1.5
9,0.99,8.071528216862105e-4,Mpox,0.5854779092947504,0.3949171119724087,0.7646757224396807,0.988601242793489,0.5643807273701115,0.9810175464987575,0.011398757206510957,1.5
10,0.5,0.059779747322384946,Mpox,0.5854779092947504,0.9939201027382386,0.5360925609815935,0.01736482432275269,0.03413330410265454,0.008180700707597957,0.9826351756772473,1.5
10,0.51,0.057950680772225704,Mpox,0.5854779092947504,0.9929481930534269,0.536380525297467,0.01852389364839887,0.03636930167092926,0.008735288921046797,0.9814761063516011,1.5
10,0.52,0.05616436970199872,Mpox,0.5854779092947504,0.991833476080913,0.5366912992945614,0.019776751245108807,0.03878024045856583,0.009336578938217367,0.9802232487548912,1.5
10,0.53,0.05441902079726162,Mpox,0.5854779092947504,0.9905573462011122,0.5370270783746944,0.02113289625448106,0.041382914953439466,0.009989666337226345,0.978867103745519,1.5
10,0.54,0.052712948018578974,Mpox,0.5854779092947504,0.9890992552696598,0.5373902886309146,0.02260293048759354,0.04419589485310226,0.010700312452005301,0.9773970695124065,1.5
10,0.55,0.05104456433692121,Mpox,0.5854779092947504,0.9874366124570823,0.5377836108507998,0.02419869673846289,0.04723970963865456,0.011475043372048861,0.9758013032615371,1.5
10,0.56,0.04941237424299598,Mpox,0.5854779092947504,0.9855447031549466,0.5382100065934449,0.02593343485126789,0.05053704749894243,0.012321265021331181,0.9740665651487321,1.5
10,0.5700000000000001,0.04781496694564212,Mpox,0.5854779092947504,0.9833966338605751,0.5386727463859604,0.027821957720327445,0.05411296785358266,0.013247397068623202,0.9721780422796725,1.5
10,0.58,0.04625101018503402,Mpox,0.5854779092947504,0.9809633108921207,0.5391754400441615,0.02988084962088152,0.05799512589852364,0.014263028898236715,0.9701191503791184,1.5
10,0.59,0.044719244595578016,Mpox,0.5854779092947504,0.9782134616438658,0.5397220690671163,0.03212868949291494,0.06221400647609007,0.015379101425456093,0.9678713105070851,1.5
10,0.6,0.04321847856125593,Mpox,0.5854779092947504,0.9751137077913165,0.54031702098358,0.03458630202296548,0.0668031630713908,0.016608119185020552,0.9654136979770345,1.5
10,0.61,0.04174758351297746,Mpox,0.5854779092947504,0.971628700303463,0.5409651254370242,0.03727703958047154,0.07179945576065615,0.017964397864639124,0.9627229604195284,1.5
10,0.62,0.04030548962340782,Mpox,0.5854779092947504,0.9677213262075615,0.5416716916817566,0.04022709825220418,0.0772432793691198,0.019464353308914405,0.9597729017477958,1.5
10,0.63,0.03889118185985932,Mpox,0.5854779092947504,0.963352996660749,0.5424425470222902,0.04346587136201539,0.08317876980454326,0.021126838991135835,0.9565341286379846,1.5
10,0.64,0.03750369636030511,Mpox,0.5854779092947504,0.958484024890052,0.54328407555855,0.047026343938043086,0.08965397237252246,0.022973540047243814,0.9529736560619569,1.5
10,0.65,0.03614211710147044,Mpox,0.5854779092947504,0.9530741008509381,0.5442032563981023,0.050945531561373894,0.09672095070206736,0.025029433188940478,0.9490544684386261,1.5
10,0.66,0.03480557283136582,Mpox,0.5854779092947504,0.9470828669275672,0.5452077002616242,0.05526496685332096,0.10443580857688918,0.027323323154372373,0.9447350331466791,1.5
10,0.67,0.0334932342416195,Mpox,0.5854779092947504,0.9404705955947897,0.5463056831389141,0.06003123647243822,0.11285858937983836,0.02988846779530268,0.9399687635275618,1.5
10,0.6799999999999999,0.03220431135759201,Mpox,0.5854779092947504,0.9331989656776473,0.5475061753516419,0.06529657081780782,0.1220530089966063,0.03276330540059197,0.9347034291821922,1.5
10,0.69,0.030938051126567993,Mpox,0.5854779092947504,0.925231928748592,0.5488188640502976,0.07111948756817735,0.1320859680163206,0.03599229935065494,0.9288805124318227,1.5
10,0.7,0.029693735186364326,Mpox,0.5854779092947504,0.9165366514581182,0.5502541668248491,0.07756548859222202,0.14302677827336344,0.039626916579946846,0.922434511407778,1.5
10,0.71,0.028470677798491228,Mpox,0.5854779092947504,0.9070845134678457,0.5518232337546334,0.0847078074688062,0.1549460279188384,0.043726757431358954,0.9152921925311938,1.5
10,0.72,0.027268223931603695,Mpox,0.5854779092947504,0.896852134520595,0.5535379348820775,0.09262820163207089,0.16791399953138528,0.048360855075024654,0.9073717983679291,1.5
10,0.73,0.026085747482395512,Mpox,0.5854779092947504,0.885822398512473,0.5554108297927467,0.10141777871448895,0.1819985492183276,0.05360916238139561,0.898582221285511,1.5
10,0.74,0.024922649622344268,Mpox,0.5854779092947504,0.8739854377730866,0.5574551157542179,0.11117784062995657,0.1972623540559668,0.0595642424794148,0.8888221593700434,1.5
10,0.75,0.02377835725983872,Mpox,0.5854779092947504,0.8613395376905804,0.5596845507490817,0.12202072084311014,0.21375944445099823,0.06633317548199986,0.8779792791568899,1.5
10,0.76,0.022652321608214,Mpox,0.5854779092947504,0.8478919208939296,0.5621133477805698,0.1340705795040852,0.23153096201739828,0.07403968702705908,0.8659294204959148,1.5
10,0.77,0.02154401685111569,Mpox,0.5854779092947504,0.8336593718948261,0.5647560370855391,0.14746410691829276,0.25060012812913557,0.08282649298511659,0.8525358930817073,1.5
10,0.78,0.02045293889740682,Mpox,0.5854779092947504,0.8186686677119329,0.5676272934131867,0.162351067188796,0.27096647936549756,0.09285783703315437,0.837648932811204,1.5
10,0.79,0.01937860421854785,Mpox,0.5854779092947504,0.8029567876606051,0.5707417263701754,0.1788945895727703,0.2925995284092192,0.10432217121018464,0.8211054104272297,1.5
10,0.8,0.018320548762019617,Mpox,0.5854779092947504,0.7865708860605652,0.5741136330351094,0.19727108356272888,0.31543214415111,0.11743489055988376,0.8027289164372711,1.5
10,0.81,0.01727832693493262,Mpox,0.5854779092947504,0.7695680247245685,0.5777567136303962,0.21766961295425397,0.33935410825222817,0.13244097682129288,0.7823303870457461,1.5
10,0.8200000000000001,0.016251510652485597,Mpox,0.5854779092947504,0.7520146771834147,0.5816837530023845,0.24029051169460372,0.36420648326261695,0.14961732653678111,0.7597094883053963,1.5
10,0.8300000000000001,0.01523968844640001,Mpox,0.5854779092947504,0.7339860330228127,0.5859062729584152,0.2653429569735605,0.3897775934235098,0.16927442747912852,0.7346570430264395,1.5
10,0.8400000000000001,0.014242464628877708,Mpox,0.5854779092947504,0.7155651478559995,0.5904341630529886,0.29304112886451533,0.4158015343422874,0.19175689275318694,0.7069588711354846,1.5
10,0.8500000000000001,0.0132594585080094,Mpox,0.5854779092947504,0.6968420019935042,0.5952753000641771,0.3235984758868155,0.4419601430304339,0.21744214946627877,0.6764015241131844,1.5
10,0.86,0.012290303650902454,Mpox,0.5854779092947504,0.6779125489914881,0.600435168964012,0.35721946592121573,0.46788922611470357,0.2467362889122983,0.6427805340787842,1.5
10,0.87,0.011334647191108708,Mpox,0.5854779092947504,0.658877855062118,0.6059165004277045,0.394088024186658,0.49318952721814924,0.28006569204263204,0.605911975813342,1.5
10,0.88,0.010392149177214031,Mpox,0.5854779092947504,0.6398434543716669,0.61171894158416,0.4343516347542478,0.5174424147093856,0.3178625138780134,0.5656483652457522,1.5
10,0.89,0.009462481959705268,Mpox,0.5854779092947504,0.620919078463675,0.6178387775208373,0.4780997971969483,0.5402296394786757,0.3605413993915098,0.5219002028030517,1.5
10,0.9,0.00854532961346388,Mpox,0.5854779092947504,0.6022189693731224,0.6242687207878773,0.5253351703253409,0.5611558571074645,0.40846385387943224,0.47466482967465906,1.5
10,0.91,0.007640387393446007,Mpox,0.5854779092947504,0.5838630715945085,0.6309977846361959,0.5759352817124564,0.5798720814898125,0.4618854284056858,0.42406471828754355,1.5
10,0.9199999999999999,0.0067473612212998295,Mpox,0.5854779092947504,0.5659795477602743,0.6380112529123216,0.6296021114573518,0.5960980006078908,0.5208792090305825,0.3703978885426482,1.5
10,0.9299999999999999,0.005865967200846554,Mpox,0.5854779092947504,0.5487093339276342,0.645290755489724,0.6857961423135227,0.6096412720740082,0.5852268925351375,0.3142038576864773,1.5
10,0.94,0.004995931160512343,Mpox,0.5854779092947504,0.5322139580066163,0.6528144530553353,0.7436505698723685,0.6204125979168044,0.654265830593648,0.25634943012763145,1.5
10,0.95,0.004136988220941892,Mpox,0.5854779092947504,0.5166888340299594,0.6605573293383026,0.8018602413008759,0.628436576058084,0.7266766224001728,0.19813975869912415,1.5
10,0.96,0.0032888823861586527,Mpox,0.5854779092947504,0.5023862693305404,0.6684915829180957,0.8585384839575142,0.6338600940133248,0.8001908679813852,0.1414615160424858,1.5
10,0.97,0.0024513661567604167,Mpox,0.5854779092947504,0.4896568251934532,0.6765871050896477,0.9110332278091694,0.6369626699618557,0.8711922223839849,0.0889667721908306,1.5
10,0.98,0.0016242001637476388,Mpox,0.5854779092947504,0.4790280048871516,0.6848120253980288,0.9556916337227022,0.6381777237441437,0.9341754827752146,0.04430836627729784,1.5
10,0.99,8.071528216862105e-4,Mpox,0.5854779092947504,0.4713659127011325,0.6931333028187573,0.9875597095863109,0.63814354446138,0.9810175464987575,0.012440290413689103,1.5
11,0.5,0.059779747322384946,Mpox,0.5854779092947504,0.9966313748381925,0.45951499944731267,0.014981430243975401,0.0295191269744414,0.008180700707597957,0.9850185697560246,1.5
11,0.51,0.057950680772225704,Mpox,0.5854779092947504,0.9960408866593835,0.4597649985799055,0.015987577302495653,0.03147002527887997,0.008735288921046797,0.9840124226975043,1.5
11,0.52,0.05616436970199872,Mpox,0.5854779092947504,0.995354704489047,0.4600351861419695,0.01707630346509924,0.03357656740208998,0.009336578938217367,0.9829236965349007,1.5
11,0.53,0.05441902079726162,Mpox,0.5854779092947504,0.9945589070569228,0.4603275665733103,0.018256171677780982,0.035854201881710714,0.009989666337226345,0.9817438283222191,1.5
11,0.54,0.052712948018578974,Mpox,0.5854779092947504,0.9936378873038191,0.46064436451630275,0.019536772503376102,0.03832010042312768,0.010700312452005301,0.9804632274966238,1.5
11,0.55,0.05104456433692121,Mpox,0.5854779092947504,0.9925742237773482,0.46098804923517067,0.020928858692908867,0.04099335469415201,0.011475043372048861,0.9790711413070912,1.5
11,0.56,0.04941237424299598,Mpox,0.5854779092947504,0.9913485602048259,0.46136136140233464,0.022444498007724644,0.04389519262187124,0.012321265021331181,0.9775555019922754,1.5
11,0.5700000000000001,0.04781496694564212,Mpox,0.5854779092947504,0.9899394987507482,0.46176734236327777,0.024097246709557252,0.047049214805531946,0.013247397068623202,0.9759027532904427,1.5
11,0.58,0.04625101018503402,Mpox,0.5854779092947504,0.9883235135009636,0.4622093659597811,0.025902346415232383,0.05048165113663508,0.014263028898236715,0.9740976535847676,1.5
11,0.59,0.044719244595578016,Mpox,0.5854779092947504,0.9864748917583915,0.46269117294639484,0.027876947309517678,0.05422163695188955,0.015379101425456093,0.9721230526904823,1.5
11,0.6,0.04321847856125593,Mpox,0.5854779092947504,0.9843657117269766,0.46321690797355686,0.030040361018980565,0.05830150695951061,0.016608119185020552,0.9699596389810194,1.5
11,0.61,0.04174758351297746,Mpox,0.5854779092947504,0.9819658660243119,0.46379115902945045,0.032414346764058785,0.0627571036786814,0.017964397864639124,0.9675856532359413,1.5
11,0.62,0.04030548962340782,Mpox,0.5854779092947504,0.979243141103931,0.46441899912768414,0.03502343471450724,0.067628095097993,0.019464353308914405,0.9649765652854928,1.5
11,0.63,0.03889118185985932,Mpox,0.5854779092947504,0.9761633629733091,0.46510602989527783,0.03789529075845771,0.07295829354938349,0.021126838991135835,0.9621047092415422,1.5
11,0.64,0.03750369636030511,Mpox,0.5854779092947504,0.9726906194384479,0.4658584265511494,0.04106112713411662,0.0787959642426438,0.022973540047243814,0.9589388728658834,1.5
11,0.65,0.03614211710147044,Mpox,0.5854779092947504,0.968787568359721,0.46668298356559246,0.044556163533148466,0.08519410732247056,0.025029433188940478,0.9554438364668515,1.5
11,0.66,0.03480557283136582,Mpox,0.5854779092947504,0.9644158399407582,0.46758716005291223,0.04842014332161021,0.0922106914905412,0.027323323154372373,0.9515798566783897,1.5
11,0.67,0.0334932342416195,Mpox,0.5854779092947504,0.9595365387860815,0.46857912367042265,0.05269790937769502,0.09990880997433653,0.02988846779530268,0.947302090622305,1.5
11,0.6799999999999999,0.03220431135759201,Mpox,0.5854779092947504,0.9541108482845281,0.4696677914771873,0.05744004363490509,0.10835672074591889,0.03276330540059197,0.9425599563650949,1.5
11,0.69,0.030938051126567993,Mpox,0.5854779092947504,0.9481007357918187,0.4708628658476637,0.06270357363727413,0.1176277222954329,0.03599229935065494,0.9372964263627259,1.5
11,0.7,0.029693735186364326,Mpox,0.5854779092947504,0.9414697521618636,0.4721748631449336,0.06855274811812333,0.1277998039902935,0.039626916579946846,0.9314472518818767,1.5
11,0.71,0.028470677798491228,Mpox,0.5854779092947504,0.9341839135727763,0.47361513244644904,0.07505988161929447,0.13895499639921433,0.043726757431358954,0.9249401183807056,1.5
11,0.72,0.027268223931603695,Mpox,0.5854779092947504,0.9262126475772399,0.4751958611992483,0.08230626523022717,0.15117833262812916,0.048360855075024654,0.9176937347697728,1.5
11,0.73,0.026085747482395512,Mpox,0.5854779092947504,0.9175297792546588,0.47693006428572315,0.09038313632847257,0.16455631799465173,0.05360916238139561,0.9096168636715274,1.5
11,0.74,0.024922649622344268,Mpox,0.5854779092947504,0.9081145277288193,0.47883155263784594,0.0993926943339379,0.17917479438005784,0.0595642424794148,0.9006073056660621,1.5
11,0.75,0.02377835725983872,Mpox,0.5854779092947504,0.8979524786858383,0.4809148772886862,0.10944914141657026,0.19511608054601962,0.06633317548199986,0.8905508585834297,1.5
11,0.76,0.022652321608214,Mpox,0.5854779092947504,0.8870364954575357,0.4831952446451102,0.12067971613617165,0.2124552750916732,0.07403968702705908,0.8793202838638283,1.5
11,0.77,0.02154401685111569,Mpox,0.5854779092947504,0.8753675302727804,0.4856883988621562,0.13322567326317092,0.2312556304453688,0.08282649298511659,0.8667743267368291,1.5
11,0.78,0.02045293889740682,Mpox,0.5854779092947504,0.8629552988814891,0.48841046755964734,0.1472431434022045,0.2515629514051774,0.09285783703315437,0.8527568565977954,1.5
11,0.79,0.01937860421854785,Mpox,0.5854779092947504,0.849818786230305,0.49137776780703535,0.16290378007363263,0.2733990477959882,0.10432217121018464,0.8370962199263674,1.5
11,0.8,0.018320548762019617,Mpox,0.5854779092947504,0.8359865583256472,0.49460657036847,0.18039506776155487,0.29675438431029916,0.11743489055988376,0.8196049322384451,1.5
11,0.81,0.01727832693493262,Mpox,0.5854779092947504,0.821496865752239,0.4981128216863404,0.1999201197680193,0.3215802245673205,0.13244097682129288,0.8000798802319807,1.5
11,0.8200000000000001,0.016251510652485597,Mpox,0.5854779092947504,0.8063975372179729,0.501911825002046,0.2216967365462576,0.34778075692533617,0.14961732653678111,0.7783032634537423,1.5
11,0.8300000000000001,0.01523968844640001,Mpox,0.5854779092947504,0.7907456765318679,0.5060178843444296,0.245955419747583,0.3752059016489286,0.16927442747912852,0.7540445802524169,1.5
11,0.8400000000000001,0.014242464628877708,Mpox,0.5854779092947504,0.7746071931439901,0.510443917788729,0.27293593973163793,0.40364570307147896,0.19175689275318694,0.727064060268362,1.5
11,0.8500000000000001,0.0132594585080094,Mpox,0.5854779092947504,0.7580562145142365,0.5152010492763192,0.3028819287238254,0.43282736094753455,0.21744214946627877,0.6971180712761746,1.5
11,0.86,0.012290303650902454,Mpox,0.5854779092947504,0.7411744483013928,0.5202981912041205,0.33603281054640843,0.4624159945492723,0.2467362889122983,0.6639671894535916,1.5
11,0.87,0.011334647191108708,Mpox,0.5854779092947504,0.7240505846651575,0.5257416327050883,0.37261217131626806,0.4920201019381882,0.28006569204263204,0.627387828683732,1.5
11,0.88,0.010392149177214031,Mpox,0.5854779092947504,0.7067798562350209,0.5315346507709415,0.4128114116422637,0.5212023325724526,0.3178625138780134,0.5871885883577364,1.5
11,0.89,0.009462481959705268,Mpox,0.5854779092947504,0.6894639102432215,0.537677162823018,0.45676718454014625,0.5494956306055465,0.3605413993915098,0.5432328154598538,1.5
11,0.9,0.00854532961346388,Mpox,0.5854779092947504,0.6722112027011781,0.5441654397424383,0.5045306955497184,0.5764240844304954,0.40846385387943224,0.4954693044502816,1.5
11,0.91,0.007640387393446007,Mpox,0.5854779092947504,0.6551382143612968,0.5509918975089085,0.5560263986515414,0.601527055920436,0.4618854284056858,0.44397360134845865,1.5
11,0.9199999999999999,0.0067473612212998295,Mpox,0.5854779092947504,0.6383719424434013,0.5581449833475277,0.6109969338729627,0.6243845302973263,0.5208792090305825,0.3890030661270373,1.5
11,0.9299999999999999,0.005865967200846554,Mpox,0.5854779092947504,0.6220543983732916,0.5656091686536823,0.6689302829186917,0.644641304772462,0.5852268925351375,0.3310697170813083,1.5
11,0.94,0.004995931160512343,Mpox,0.5854779092947504,0.6063503563930606,0.5733650561164263,0.7289640216127221,0.6620277615264001,0.654265830593648,0.2710359783872779,1.5
11,0.95,0.004136988220941892,Mpox,0.5854779092947504,0.5914605982663682,0.5813896026994824,0.7897601649599301,0.6763756121983732,0.7266766224001728,0.21023983504006993,1.5
11,0.96,0.0032888823861586527,Mpox,0.5854779092947504,0.5776449447747553,0.5896564539023976,0.8493423608377663,0.6876281508480528,0.8001908679813852,0.15065763916223374,1.5
11,0.97,0.0024513661567604167,Mpox,0.5854779092947504,0.5652638130605909,0.598136378531575,0.9048850030998735,0.6958462185745824,0.8711922223839849,0.09511499690012648,1.5
11,0.98,0.0016242001637476388,Mpox,0.5854779092947504,0.5548574772878637,0.6067977876030701,0.952441094371778,0.7012135124715673,0.9341754827752146,0.04755890562822196,1.5
11,0.99,8.071528216862105e-4,Mpox,0.5854779092947504,0.5473091518031838,0.6156073164714966,0.9865922570635393,0.7040491237151619,0.9810175464987575,0.013407742936460743,1.5
12,0.5,0.059779747322384946,Mpox,0.5854779092947504,0.9981564954299925,0.3858552881710805,0.013228255522625394,0.026110477067564156,0.008180700707597957,0.9867717444773746,1.5
12,0.51,0.057950680772225704,Mpox,0.5854779092947504,0.9978050114165118,0.38606703594365377,0.014120055008087676,0.02784605721513965,0.008735288921046797,0.9858799449919123,1.5
12,0.52,0.05616436970199872,Mpox,0.5854779092947504,0.9973912841568486,0.38629613053613054,0.015085745473608123,0.029721940567633703,0.009336578938217367,0.9849142545263919,1.5
12,0.53,0.05441902079726162,Mpox,0.5854779092947504,0.9969053256490871,0.38654433688710754,0.016133118829836025,0.03175238248547579,0.009989666337226345,0.983866881170164,1.5
12,0.54,0.052712948018578974,Mpox,0.5854779092947504,0.996335778502151,0.38681362099163086,0.017270925842401842,0.033953290306558595,0.010700312452005301,0.9827290741575981,1.5
12,0.55,0.05104456433692121,Mpox,0.5854779092947504,0.9956697824399389,0.38710617339624687,0.01850900601331146,0.03634242443299305,0.011475043372048861,0.9814909939866885,1.5
12,0.56,0.04941237424299598,Mpox,0.5854779092947504,0.994892840996505,0.3874244351832937,0.019858435868784396,0.03893962221023073,0.012321265021331181,0.9801415641312156,1.5
12,0.5700000000000001,0.04781496694564212,Mpox,0.5854779092947504,0.9939886923605763,0.3877711266079711,0.021331698241503435,0.041767046219428054,0.013247397068623202,0.9786683017584966,1.5
12,0.58,0.04625101018503402,Mpox,0.5854779092947504,0.9929391893128817,0.38814927853088943,0.02294287546576576,0.04484945832850712,0.014263028898236715,0.9770571245342342,1.5
12,0.59,0.044719244595578016,Mpox,0.5854779092947504,0.9917241942555698,0.3885622667558719,0.024707869763291715,0.04821452038002085,0.015379101425456093,0.9752921302367082,1.5
12,0.6,0.04321847856125593,Mpox,0.5854779092947504,0.9903214964200566,0.3890138493346338,0.026644654482808873,0.051893121665031613,0.016608119185020552,0.9733553455171912,1.5
12,0.61,0.04174758351297746,Mpox,0.5854779092947504,0.9887067594012698,0.3895082068330432,0.028773560262754922,0.05591973225235331,0.017964397864639124,0.9712264397372451,1.5
12,0.62,0.04030548962340782,Mpox,0.5854779092947504,0.9868535081273933,0.3900499854638737,0.03111760060469456,0.06033277969843025,0.019464353308914405,0.9688823993953054,1.5
12,0.63,0.03889118185985932,Mpox,0.5854779092947504,0.9847331651400253,0.39064434287395433,0.033702841761543756,0.06517504451365302,0.021126838991135835,0.9662971582384563,1.5
12,0.64,0.03750369636030511,Mpox,0.5854779092947504,0.9823151465179253,0.39129699622468284,0.036558822238854864,0.07049406683321846,0.022973540047243814,0.9634411777611451,1.5
12,0.65,0.03614211710147044,Mpox,0.5854779092947504,0.979567027801705,0.39201427201938055,0.03971902754952687,0.07634255282822858,0.025029433188940478,0.9602809724504732,1.5
12,0.66,0.03480557283136582,Mpox,0.5854779092947504,0.9764547897341034,0.3928031569045777,0.04322142611043543,0.08277876425649171,0.027323323154372373,0.9567785738895646,1.5
12,0.67,0.0334932342416195,Mpox,0.5854779092947504,0.972943152392351,0.3936713484015175,0.04710907226533231,0.08986686792726316,0.02988846779530268,0.9528909277346677,1.5
12,0.6799999999999999,0.03220431135759201,Mpox,0.5854779092947504,0.9689960042464426,0.39462730420687886,0.05143078228220048,0.09767721346527412,0.03276330540059197,0.9485692177177996,1.5
12,0.69,0.030938051126567993,Mpox,0.5854779092947504,0.9645769297582795,0.3956802883382122,0.05624188869687836,0.10628649735344754,0.03599229935065494,0.9437581113031216,1.5
12,0.7,0.029693735186364326,Mpox,0.5854779092947504,0.9596498353278202,0.39684041199341225,0.0616050774128855,0.11577775863222398,0.039626916579946846,0.9383949225871145,1.5
12,0.71,0.028470677798491228,Mpox,0.5854779092947504,0.9541796687580045,0.39811866655285866,0.06759131032622576,0.12624013681774562,0.043726757431358954,0.9324086896737742,1.5
12,0.72,0.027268223931603695,Mpox,0.5854779092947504,0.948133222109871,0.3995269456916575,0.07428083366665683,0.1377683058394268,0.048360855075024654,0.9257191663333432,1.5
12,0.73,0.026085747482395512,Mpox,0.5854779092947504,0.9414800021190449,0.4010780531090259,0.08176426839495557,0.15046147982451205,0.05360916238139561,0.9182357316050445,1.5
12,0.74,0.024922649622344268,Mpox,0.5854779092947504,0.934193146616547,0.4027856919521887,0.09014377342499522,0.1644218688131833,0.0595642424794148,0.9098562265750048,1.5
12,0.75,0.02377835725983872,Mpox,0.5854779092947504,0.926250360106321,0.4046644316525817,0.09953426456976519,0.1797524474102446,0.06633317548199986,0.9004657354302348,1.5
12,0.76,0.022652321608214,Mpox,0.5854779092947504,0.9176348373288836,0.406729647651921,0.1100646611867702,0.19655389072322715,0.07403968702705908,0.8899353388132298,1.5
12,0.77,0.02154401685111569,Mpox,0.5854779092947504,0.9083361408368769,0.4089974294331622,0.1218791175412301,0.2149205350545751,0.08282649298511659,0.8781208824587698,1.5
12,0.78,0.02045293889740682,Mpox,0.5854779092947504,0.8983509978430971,0.4114844524518294,0.13513817564903896,0.23493524277723582,0.09285783703315437,0.864861824350961,1.5
12,0.79,0.01937860421854785,Mpox,0.5854779092947504,0.8876839833037691,0.4142078100549691,0.1500197491730662,0.2566631001746975,0.10432217121018464,0.8499802508269338,1.5
12,0.8,0.018320548762019617,Mpox,0.5854779092947504,0.8763480606556819,0.41718480234325894,0.16671981172723135,0.2801439629163541,0.11743489055988376,0.8332801882727686,1.5
12,0.81,0.01727832693493262,Mpox,0.5854779092947504,0.864364958945844,0.4204326802301106,0.18545261500068844,0.3053839941902773,0.13244097682129288,0.8145473849993116,1.5
12,0.8200000000000001,0.016251510652485597,Mpox,0.5854779092947504,0.8517653752074367,0.42396834471157263,0.20645019900462433,0.3323465189930855,0.14961732653678111,0.7935498009953756,1.5
12,0.8300000000000001,0.01523968844640001,Mpox,0.5854779092947504,0.83858900363724,0.42780800358012105,0.2299608740680874,0.36094273984557257,0.16927442747912852,0.7700391259319126,1.5
12,0.8400000000000001,0.014242464628877708,Mpox,0.5854779092947504,0.8248844081613035,0.43196679044614505,0.25624624636311016,0.3910231060237068,0.19175689275318694,0.7437537536368899,1.5
12,0.8500000000000001,0.0132594585080094,Mpox,0.5854779092947504,0.8107087721926916,0.4364583538696464,0.2855762185970771,0.42237036444233467,0.21744214946627877,0.7144237814029228,1.5
12,0.86,0.012290303650902454,Mpox,0.5854779092947504,0.7961275789954695,0.4412944274867946,0.3182212160285934,0.45469549109418234,0.2467362889122983,0.6817787839714067,1.5
12,0.87,0.011334647191108708,Mpox,0.5854779092947504,0.7812142989957255,0.44648439501717574,0.35444065368587535,0.4876377391759229,0.28006569204263204,0.6455593463141247,1.5
12,0.88,0.010392149177214031,Mpox,0.5854779092947504,0.7660501888237637,0.4520348666842535,0.3944663591083038,0.5207698751353389,0.3178625138780134,0.6055336408916963,1.5
12,0.89,0.009462481959705268,Mpox,0.5854779092947504,0.7507243452444055,0.45794928557184855,0.43847927780684964,0.5536092597669445,0.3605413993915098,0.5615207221931504,1.5
12,0.9,0.00854532961346388,Mpox,0.5854779092947504,0.7353342137300669,0.4642275834745543,0.48657729290554635,0.5856347684011183,0.40846385387943224,0.5134227070944537,1.5
12,0.91,0.007640387393446007,Mpox,0.5854779092947504,0.7199868416177415,0.4708659056228902,0.5387313570954846,0.6163086998696651,0.4618854284056858,0.4612686429045154,1.5
12,0.9199999999999999,0.0067473612212998295,Mpox,0.5854779092947504,0.7048013184085475,0.4778564221013666,0.5947263276950947,0.6451019354740941,0.5208792090305825,0.4052736723049053,1.5
12,0.9299999999999999,0.005865967200846554,Mpox,0.5854779092947504,0.689913116679277,0.4851872407774289,0.6540818686053292,0.6715198575496897,0.5852268925351375,0.34591813139467076,1.5
12,0.94,0.004995931160512343,Mpox,0.5854779092947504,0.6754815492080657,0.49284243221743207,0.7159474791065337,0.6951260933865575,0.654265830593648,0.28405252089346633,1.5
12,0.95,0.004136988220941892,Mpox,0.5854779092947504,0.6617025316860754,0.5008021716340867,0.7789640572937747,0.7155611058749376,0.7266766224001728,0.22103594270622529,1.5
12,0.96,0.0032888823861586527,Mpox,0.5854779092947504,0.6488308294955922,0.5090429967812897,0.8410823162726347,0.7325529524875279,0.8001908679813852,0.15891768372736526,1.5
12,0.97,0.0024513661567604167,Mpox,0.5854779092947504,0.6372202913352518,0.5175381743835336,0.8993257328380758,0.7459179178087846,0.8711922223839849,0.10067426716192418,1.5
12,0.98,0.0016242001637476388,Mpox,0.5854779092947504,0.6274007189339097,0.5262581617019847,0.9494823828369889,0.7555486249272486,0.9341754827752146,0.050517617163011064,1.5
12,0.99,8.071528216862105e-4,Mpox,0.5854779092947504,0.6202362101870521,0.5351711447214245,0.9857058327725882,0.7613854469510353,0.9810175464987575,0.014294167227411836,1.5
13,0.5,0.059779747322384946,Mpox,0.5854779092947504,0.9990029104064159,0.3172700263401985,0.011925196871402569,0.0235690476818975,0.008180700707597957,0.9880748031285974,1.5
13,0.51,0.057950680772225704,Mpox,0.5854779092947504,0.9987975529691204,0.31744516360117936,0.012731015397218113,0.025141567768254037,0.008735288921046797,0.9872689846027819,1.5
13,0.52,0.05616436970199872,Mpox,0.5854779092947504,0.9985527640224734,0.31763480227477825,0.01360401466275083,0.026842336541850607,0.009336578938217367,0.9863959853372491,1.5
13,0.53,0.05441902079726162,Mpox,0.5854779092947504,0.998261632259594,0.31784044639704456,0.014551362571195424,0.028684598294178833,0.009989666337226345,0.9854486374288046,1.5
13,0.54,0.052712948018578974,Mpox,0.5854779092947504,0.997916191773164,0.31806377649177087,0.015581125603921317,0.03068317450793886,0.010700312452005301,0.9844188743960787,1.5
13,0.55,0.05104456433692121,Mpox,0.5854779092947504,0.9975072992111267,0.3183066711096917,0.01670239375320047,0.032854664668841425,0.011475043372048861,0.9832976062467995,1.5
13,0.56,0.04941237424299598,Mpox,0.5854779092947504,0.9970245061619035,0.318571230817689,0.017925423787815222,0.035217671872098566,0.012321265021331181,0.9820745762121847,1.5
13,0.5700000000000001,0.04781496694564212,Mpox,0.5854779092947504,0.9964559293128789,0.31885980483500265,0.019261803554173496,0.037793055569953916,0.013247397068623202,0.9807381964458265,1.5
13,0.58,0.04625101018503402,Mpox,0.5854779092947504,0.9957881217708237,0.3191750205028905,0.02072464038726395,0.04060421372732319,0.014263028898236715,0.979275359612736,1.5
13,0.59,0.044719244595578016,Mpox,0.5854779092947504,0.9950059498825206,0.3195198157533954,0.02232877711658509,0.04367739642612705,0.015379101425456093,0.9776712228834149,1.5
13,0.6,0.04321847856125593,Mpox,0.5854779092947504,0.994092480926479,0.3198974747088519,0.024091039601520425,0.04704205252340835,0.016608119185020552,0.9759089603984796,1.5
13,0.61,0.04174758351297746,Mpox,0.5854779092947504,0.993028888125815,0.3203116664930613,0.026030520215676915,0.05073121024254956,0.017964397864639124,0.9739694797843231,1.5
13,0.62,0.04030548962340782,Mpox,0.5854779092947504,0.9917943805050766,0.3207664872635507,0.02816890221433217,0.05478189145531686,0.019464353308914405,0.9718310977856678,1.5
13,0.63,0.03889118185985932,Mpox,0.5854779092947504,0.9903661661075028,0.3212665053776047,0.030530830452569113,0.05923555776003277,0.021126838991135835,0.9694691695474309,1.5
13,0.64,0.03750369636030511,Mpox,0.5854779092947504,0.9887194579125145,0.32181680947777347,0.03314433445659931,0.0641385841078176,0.022973540047243814,0.9668556655434006,1.5
13,0.65,0.03614211710147044,Mpox,0.5854779092947504,0.9868275323362194,0.3224230591202615,0.03604131036089351,0.06954275246437665,0.025029433188940478,0.9639586896391065,1.5
13,0.66,0.03480557283136582,Mpox,0.5854779092947504,0.9846618503368948,0.32309153736684326,0.03925806867053681,0.07550575356568111,0.027323323154372373,0.9607419313294632,1.5
13,0.67,0.0334932342416195,Mpox,0.5854779092947504,0.9821922507527349,0.3238292045131471,0.042835955136596146,0.08209167893531906,0.02988846779530268,0.9571640448634039,1.5
13,0.6799999999999999,0.03220431135759201,Mpox,0.5854779092947504,0.9793872244455356,0.32464375182970706,0.04682205216500774,0.089371477646726,0.03276330540059197,0.9531779478349922,1.5
13,0.69,0.030938051126567993,Mpox,0.5854779092947504,0.9762142760062,0.3255436538454145,0.051269968009718794,0.09742334248522688,0.03599229935065494,0.9487300319902812,1.5
13,0.7,0.029693735186364326,Mpox,0.5854779092947504,0.9726403771288225,0.3265382173069744,0.05624072038255197,0.10633297786341585,0.039626916579946846,0.943759279617448,1.5
13,0.71,0.028470677798491228,Mpox,0.5854779092947504,0.9686325122705002,0.3276376245078223,0.061803719847873764,0.11619368682492325,0.043726757431358954,0.9381962801521262,1.5
13,0.72,0.027268223931603695,Mpox,0.5854779092947504,0.9641583129517451,0.32885296820618726,0.0680378561940993,0.12710619668205217,0.048360855075024654,0.9319621438059007,1.5
13,0.73,0.026085747482395512,Mpox,0.5854779092947504,0.9591867721786008,0.330196274861983,0.0750326875321231,0.1391781225658878,0.05360916238139561,0.9249673124678769,1.5
13,0.74,0.024922649622344268,Mpox,0.5854779092947504,0.9536890252443428,0.331680512441733,0.08288972669303808,0.15252294628826982,0.0595642424794148,0.9171102733069619,1.5
13,0.75,0.02377835725983872,Mpox,0.5854779092947504,0.9476391779578626,0.33331957860505346,0.09172381196378983,0.16725836615575376,0.06633317548199986,0.9082761880362101,1.5
13,0.76,0.022652321608214,Mpox,0.5854779092947504,0.9410151585929334,0.3351282647409851,0.1016645384948987,0.1835038546971836,0.07403968702705908,0.8983354615051014,1.5
13,0.77,0.02154401685111569,Mpox,0.5854779092947504,0.9337995660578384,0.33712219112345254,0.11285771177282423,0.20137725024598593,0.08282649298511659,0.8871422882271758,1.5
13,0.78,0.02045293889740682,Mpox,0.5854779092947504,0.925980484460805,0.3393177084668255,0.1254667639808623,0.22099021147645112,0.09285783703315437,0.8745332360191377,1.5
13,0.79,0.01937860421854785,Mpox,0.5854779092947504,0.9175522338689389,0.3417317614550066,0.13967404607022696,0.24244238989712633,0.10432217121018464,0.8603259539297731,1.5
13,0.8,0.018320548762019617,Mpox,0.5854779092947504,0.9085160290149361,0.34438171046095434,0.15568187058726268,0.26581423419164374,0.11743489055988376,0.8443181294127373,1.5
13,0.81,0.01727832693493262,Mpox,0.5854779092947504,0.8988805222585485,0.34728510873082363,0.17371312973085892,0.29115844287540776,0.13244097682129288,0.826286870269141,1.5
13,0.8200000000000001,0.016251510652485597,Mpox,0.5854779092947504,0.8886622143762929,0.35045943382347966,0.1940112458522259,0.31849023678210775,0.14961732653678111,0.8059887541477742,1.5
13,0.8300000000000001,0.01523968844640001,Mpox,0.5854779092947504,0.8778857267250191,0.35392177408830405,0.2168391226531797,0.3477768333858983,0.16927442747912852,0.7831608773468203,1.5
13,0.8400000000000001,0.014242464628877708,Mpox,0.5854779092947504,0.8665839409338167,0.35768847340701415,0.24247664827428697,0.378926762866923,0.19175689275318694,0.7575233517257131,1.5
13,0.8500000000000001,0.0132594585080094,Mpox,0.5854779092947504,0.8547980275223604,0.36177474024111167,0.2712161480851843,0.41177994635874027,0.21744214946627877,0.7287838519148158,1.5
13,0.86,0.012290303650902454,Mpox,0.5854779092947504,0.842577402996711,0.366194230077702,0.3033549848239695,0.4460997141117265,0.2467362889122983,0.6966450151760305,1.5
13,0.87,0.011334647191108708,Mpox,0.5854779092947504,0.8299796769165765,0.3709586134529722,0.33918424344218684,0.48156810843248593,0.28006569204263204,0.6608157565578132,1.5
13,0.88,0.010392149177214031,Mpox,0.5854779092947504,0.8170706781738709,0.3760771445996024,0.3789721006423253,0.5177858129577599,0.3178625138780134,0.6210278993576748,1.5
13,0.89,0.009462481959705268,Mpox,0.5854779092947504,0.8039246872990716,0.3815562481187482,0.4229400431364138,0.5542778001353211,0.3605413993915098,0.5770599568635861,1.5
13,0.9,0.00854532961346388,Mpox,0.5854779092947504,0.7906250566427161,0.3873991426156218,0.4712295368707546,0.5905052471106037,0.40846385387943224,0.5287704631292454,1.5
13,0.91,0.007640387393446007,Mpox,0.5854779092947504,0.7772654869876215,0.39360552068266064,0.5238560274273178,0.625883448638208,0.4618854284056858,0.47614397257268215,1.5
13,0.9199999999999999,0.0067473612212998295,Mpox,0.5854779092947504,0.7639523743846236,0.40017130375566445,0.580646226092638,0.6598044396944814,0.5208792090305825,0.41935377390736195,1.5
13,0.9299999999999999,0.005865967200846554,Mpox,0.5854779092947504,0.7508088969603043,0.40708848810247655,0.6411534519739559,0.6916619783967909,0.5852268925351375,0.3588465480260441,1.5
13,0.94,0.004995931160512343,Mpox,0.5854779092947504,0.7379819838210718,0.4143450945647922,0.7045442892567969,0.7208755944058584,0.654265830593648,0.2954557107432031,1.5
13,0.95,0.004136988220941892,Mpox,0.5854779092947504,0.7256542221933836,0.42192522984749603,0.7694478938987805,0.7469096685179698,0.7266766224001728,0.23055210610121946,1.5
13,0.96,0.0032888823861586527,Mpox,0.5854779092947504,0.7140646240909716,0.4298092614682463,0.8337568375433966,0.7692828630959245,0.8001908679813852,0.16624316245660342,1.5
13,0.97,0.0024513661567604167,Mpox,0.5854779092947504,0.7035462270155393,0.4379741023906727,0.8943652728459051,0.7875621564010528,0.8711922223839849,0.10563472715409494,1.5
13,0.98,0.0016242001637476388,Mpox,0.5854779092947504,0.6945980124131228,0.44639359538235945,0.9468262746371939,0.8013329078313514,0.9341754827752146,0.05317372536280607,1.5
13,0.99,8.071528216862105e-4,Mpox,0.5854779092947504,0.6880331683341523,0.45503898178257685,0.9849052445209026,0.8101284191809058,0.9810175464987575,0.015094755479097444,1.5
14,0.5,0.059779747322384946,Mpox,0.5854779092947504,0.999466733517212,0.25537494429398644,0.010949819842824926,0.021662314685002123,0.008180700707597957,0.989050180157175,1.5
14,0.51,0.057950680772225704,Mpox,0.5854779092947504,0.999348790383677,0.25551648259540427,0.01169075316625336,0.023111143594538273,0.008735288921046797,0.9883092468337467,1.5
14,0.52,0.05616436970199872,Mpox,0.5854779092947504,0.9992064523618048,0.25566983336112237,0.01249370160710212,0.024678828427030484,0.009336578938217367,0.9875062983928978,1.5
14,0.53,0.05441902079726162,Mpox,0.5854779092947504,0.9990350866952518,0.2558362403157566,0.013365335035573796,0.026377781674859206,0.009989666337226345,0.9866346649644262,1.5
14,0.54,0.052712948018578974,Mpox,0.5854779092947504,0.998829283924273,0.25601709669993256,0.01431317074334099,0.028221922827125854,0.010700312452005301,0.985686829256659,1.5
14,0.55,0.05104456433692121,Mpox,0.5854779092947504,0.9985827538153078,0.2562139641901593,0.015345693613582298,0.030226876515232023,0.011475043372048861,0.9846543063864177,1.5
14,0.56,0.04941237424299598,Mpox,0.5854779092947504,0.998288214112334,0.25642859409935437,0.016472494412190033,0.03241019659231943,0.012321265021331181,0.98352750558781,1.5
14,0.5700000000000001,0.04781496694564212,Mpox,0.5854779092947504,0.9979372735234886,0.2566629510689271,0.017704428973519717,0.03479161900439306,0.013247397068623202,0.9822955710264802,1.5
14,0.58,0.04625101018503402,Mpox,0.5854779092947504,0.9975203110221459,0.2569192394613916,0.01905380145777883,0.03739334638367175,0.014263028898236715,0.9809461985422212,1.5
14,0.59,0.044719244595578016,Mpox,0.5854779092947504,0.9970263543220882,0.2571999326523885,0.02053457530893069,0.04024036725788894,0.015379101425456093,0.9794654246910693,1.5
14,0.6,0.04321847856125593,Mpox,0.5854779092947504,0.9964429612738037,0.25750780540003704,0.02216261604325455,0.0433608125686532,0.016608119185020552,0.9778373839567455,1.5
14,0.61,0.04174758351297746,Mpox,0.5854779092947504,0.9957561089038839,0.25784596943456184,0.023955970548960294,0.04678635175460205,0.017964397864639124,0.9760440294510397,1.5
14,0.62,0.04030548962340782,Mpox,0.5854779092947504,0.9949500958489947,0.25821791235825076,0.02593518817308071,0.05055262988414354,0.019464353308914405,0.9740648118269193,1.5
14,0.63,0.03889118185985932,Mpox,0.5854779092947504,0.9940074649698145,0.2586275398707829,0.028123689505555525,0.054699746091516004,0.021126838991135835,0.9718763104944445,1.5
14,0.64,0.03750369636030511,Mpox,0.5854779092947504,0.9929089539006899,0.2590792212328529,0.03054818942809528,0.059272771715593364,0.022973540047243814,0.9694518105719048,1.5
14,0.65,0.03614211710147044,Mpox,0.5854779092947504,0.9916334821102661,0.259577837746655,0.033239181654531755,0.06432230385675186,0.025029433188940478,0.9667608183454682,1.5
14,0.66,0.03480557283136582,Mpox,0.5854779092947504,0.9901581836127895,0.2601288338597365,0.03623149261536914,0.06990504629674274,0.027323323154372373,0.9637685073846308,1.5
14,0.67,0.0334932342416195,Mpox,0.5854779092947504,0.9884584946618905,0.2607382702837624,0.039564913081026006,0.07608440455916063,0.02988846779530268,0.960435086918974,1.5
14,0.6799999999999999,0.03220431135759201,Mpox,0.5854779092947504,0.9865083054560282,0.26141287825726556,0.04328491630230004,0.08293107495945252,0.03276330540059197,0.9567150836977,1.5
14,0.69,0.030938051126567993,Mpox,0.5854779092947504,0.9842801839710664,0.2621601137682903,0.04744347156903498,0.09052359839466866,0.03599229935065494,0.952556528430965,1.5
14,0.7,0.029693735186364326,Mpox,0.5854779092947504,0.9817456784152573,0.2629882101879564,0.05209996180439271,0.09894883792554457,0.039626916579946846,0.9479000381956073,1.5
14,0.71,0.028470677798491228,Mpox,0.5854779092947504,0.9788757024183691,0.2639062273517665,0.05732221292404068,0.10830232450651817,0.043726757431358954,0.9426777870759593,1.5
14,0.72,0.027268223931603695,Mpox,0.5854779092947504,0.9756410039198689,0.2649240946689537,0.06318764092672176,0.11868839723451981,0.048360855075024654,0.9368123590732782,1.5
14,0.73,0.026085747482395512,Mpox,0.5854779092947504,0.9720127148860548,0.2660526453545128,0.06978451968027455,0.1302200431731407,0.05360916238139561,0.9302154803197255,1.5
14,0.74,0.024922649622344268,Mpox,0.5854779092947504,0.9679629746251996,0.267303638384618,0.07721336763613695,0.14301831757155536,0.0595642424794148,0.922786632363863,1.5
14,0.75,0.02377835725983872,Mpox,0.5854779092947504,0.9634656148395644,0.26868976430379743,0.08558844459381396,0.15721119927466956,0.06633317548199986,0.914411555406186,1.5
14,0.76,0.022652321608214,Mpox,0.5854779092947504,0.9584968899982682,0.27022463060155455,0.09503933928058567,0.1729317105502601,0.07403968702705908,0.9049606607194143,1.5
14,0.77,0.02154401685111569,Mpox,0.5854779092947504,0.95303623255215,0.27192272207756785,0.10571261377058012,0.1903151092179684,0.08282649298511659,0.8942873862294198,1.5
14,0.78,0.02045293889740682,Mpox,0.5854779092947504,0.9470670093995834,0.27379933148826363,0.11777345014299134,0.2094949496218577,0.09285783703315437,0.8822265498570087,1.5
14,0.79,0.01937860421854785,Mpox,0.5854779092947504,0.9405772543130184,0.2758704558808923,0.13140721631038454,0.23059781573563415,0.10432217121018464,0.8685927836896155,1.5
14,0.8,0.018320548762019617,Mpox,0.5854779092947504,0.9335603511720477,0.27815265444469706,0.14682082907651428,0.2537365649418426,0.11743489055988376,0.8531791709234857,1.5
14,0.81,0.01727832693493262,Mpox,0.5854779092947504,0.9260156451641544,0.2806628645090834,0.16424373988259452,0.2790019968413899,0.13244097682129288,0.8357562601174054,1.5
14,0.8200000000000001,0.016251510652485597,Mpox,0.5854779092947504,0.9179489638504066,0.2834181735502399,0.1839282980597217,0.3064529897531564,0.14961732653678111,0.8160717019402783,1.5
14,0.8300000000000001,0.01523968844640001,Mpox,0.5854779092947504,0.9093730372922162,0.2864355467611175,0.20614915214926524,0.3361053368540397,0.16927442747912852,0.7938508478507348,1.5
14,0.8400000000000001,0.014242464628877708,Mpox,0.5854779092947504,0.9003078163819628,0.28973151189040225,0.2312012247967307,0.36791976425525974,0.19175689275318694,0.7687987752032693,1.5
14,0.8500000000000001,0.0132594585080094,Mpox,0.5854779092947504,0.8907807012411385,0.29332180561234156,0.2593956316264245,0.4017899100097035,0.21744214946627877,0.7406043683735755,1.5
14,0.86,0.012290303650902454,Mpox,0.5854779092947504,0.8808267073864321,0.2972209885430056,0.29105269750858864,0.43753135032763063,0.2467362889122983,0.7089473024914114,1.5
14,0.87,0.011334647191108708,Mpox,0.5854779092947504,0.8704886171611521,0.30144203900153843,0.32649093956182706,0.4748730166668921,0.28006569204263204,0.6735090604381729,1.5
14,0.88,0.010392149177214031,Mpox,0.5854779092947504,0.8598171895042492,0.30599593850204965,0.36601051571002985,0.5134524723305836,0.3178625138780134,0.6339894842899702,1.5
14,0.89,0.009462481959705268,Mpox,0.5854779092947504,0.8488715360739745,0.310891264483796,0.4098691559329427,0.5528164175441284,0.3605413993915098,0.5901308440670573,1.5
14,0.9,0.00854532961346388,Mpox,0.5854779092947504,0.8377198228626717,0.3161338076542918,0.45824796909637117,0.5924273888293099,0.40846385387943224,0.5417520309036288,1.5
14,0.91,0.007640387393446007,Mpox,0.5854779092947504,0.826440536483153,0.32172623225332486,0.5112037115438363,0.6316768755872417,0.4618854284056858,0.48879628845616374,1.5
14,0.9199999999999999,0.0067473612212998295,Mpox,0.5854779092947504,0.8151246874422713,0.3276677973168154,0.5686030639573575,0.6699040245715248,0.5208792090305825,0.4313969360426425,1.5
14,0.9299999999999999,0.005865967200846554,Mpox,0.5854779092947504,0.8038795560463852,0.33395415548762286,0.6300331264706147,0.7064178400496284,0.5852268925351375,0.3699668735293853,1.5
14,0.94,0.004995931160512343,Mpox,0.5854779092947504,0.792835015659193,0.3405772430665891,0.6946806280197511,0.7405194411697245,0.654265830593648,0.30531937198024894,1.5
14,0.95,0.004136988220941892,Mpox,0.5854779092947504,0.7821542966087875,0.3475252709424106,0.7611701528727487,0.7715195670227223,0.7266766224001728,0.2388298471272513,1.5
14,0.96,0.0032888823861586527,Mpox,0.5854779092947504,0.7720527432012325,0.354782821045462,0.8273488874493405,0.7987449379802498,0.8001908679813852,0.17265111255065946,1.5
14,0.97,0.0024513661567604167,Mpox,0.5854779092947504,0.7628317855558306,0.36233104742062305,0.8900018235671311,0.8215245339546481,0.8711922223839849,0.10999817643286891,1.5
14,0.98,0.0016242001637476388,Mpox,0.5854779092947504,0.7549439551341055,0.3701479753691945,0.9444768191500001,0.8391412841024597,0.9341754827752146,0.055523180849999854,1.5
14,0.99,8.071528216862105e-4,Mpox,0.5854779092947504,0.7491269864949295,0.37820888685579934,0.9841931627613331,0.8507206916906465,0.9810175464987575,0.015806837238666938,1.5
15,0.5,0.059779747322384946,Mpox,0.5854779092947504,0.9997178601395156,0.20117757091552768,0.01021704067874129,0.020227359280353695,0.008180700707597957,0.9897829593212587,1.5
15,0.51,0.057950680772225704,Mpox,0.5854779092947504,0.9996511912935034,0.20128937946205194,0.010908949446117174,0.021582375694315935,0.008735288921046797,0.9890910505538828,1.5
15,0.52,0.05616436970199872,Mpox,0.5854779092947504,0.999569752076144,0.20141057420186548,0.011658912589376761,0.023048983427097505,0.009336578938217367,0.9883410874106232,1.5
15,0.53,0.05441902079726162,Mpox,0.5854779092947504,0.9994705238405152,0.20154215511283813,0.012473207310790433,0.024638925389069994,0.009989666337226345,0.9875267926892096,1.5
15,0.54,0.052712948018578974,Mpox,0.5854779092947504,0.9993499374631354,0.2016852447844374,0.013358915918212089,0.02636538970280601,0.010700312452005301,0.9866410840817879,1.5
15,0.55,0.05104456433692121,Mpox,0.5854779092947504,0.9992037905458778,0.2018411044098889,0.014324041677610564,0.02824320415317336,0.011475043372048861,0.9856759583223894,1.5
15,0.56,0.04941237424299598,Mpox,0.5854779092947504,0.9990271568728873,0.20201115180115525,0.015377642505734172,0.030289057152177824,0.012321265021331181,0.9846223574942659,1.5
15,0.5700000000000001,0.04781496694564212,Mpox,0.5854779092947504,0.9988142887311878,0.20219698163434296,0.016529985314666124,0.03252174842926154,0.013247397068623202,0.9834700146853339,1.5
15,0.58,0.04625101018503402,Mpox,0.5854779092947504,0.9985585131903513,0.2024003881375398,0.01779272424776588,0.03496247284598165,0.014263028898236715,0.9822072757522341,1.5
15,0.59,0.044719244595578016,Mpox,0.5854779092947504,0.9982521240314198,0.20262339043135624,0.019179106529753805,0.03763514084345864,0.015379101425456093,0.9808208934702461,1.5
15,0.6,0.04321847856125593,Mpox,0.5854779092947504,0.9978862717197976,0.20286826072227315,0.02070421019573311,0.04056673901423017,0.016608119185020552,0.9792957898042669,1.5
15,0.61,0.04174758351297746,Mpox,0.5854779092947504,0.9974508546242308,0.2031375555275441,0.02238521856642807,0.04378773408196479,0.017964397864639124,0.9776147814335719,1.5
15,0.62,0.04030548962340782,Mpox,0.5854779092947504,0.9969344155773003,0.20343415007438725,0.024241736998965487,0.047332523084624906,0.019464353308914405,0.9757582630010345,1.5
15,0.63,0.03889118185985932,Mpox,0.5854779092947504,0.9963240488211632,0.20376127596171945,0.026296158159404826,0.051239931671558936,0.021126838991135835,0.9737038418405952,1.5
15,0.64,0.03750369636030511,Mpox,0.5854779092947504,0.9956053233394968,0.2041225620951258,0.028574082824431978,0.05555376098822814,0.022973540047243814,0.971425917175568,1.5
15,0.65,0.03614211710147044,Mpox,0.5854779092947504,0.9947622294788767,0.204522078800218,0.03110480400643976,0.060323381434388194,0.025029433188940478,0.9688951959935602,1.5
15,0.66,0.03480557283136582,Mpox,0.5854779092947504,0.9937771565290792,0.20496438488067914,0.03392186297822856,0.06560436838955903,0.027323323154372373,0.9660781370217715,1.5
15,0.67,0.0334932342416195,Mpox,0.5854779092947504,0.9926309094652406,0.20545457720974436,0.03706368650405407,0.07145917048932601,0.02988846779530268,0.9629363134959459,1.5
15,0.6799999999999999,0.03220431135759201,Mpox,0.5854779092947504,0.9913027732476484,0.20599834222257052,0.04057431519363748,0.07795779482774248,0.03276330540059197,0.9594256848063625,1.5
15,0.69,0.030938051126567993,Mpox,0.5854779092947504,0.9897706328161451,0.20660200840775178,0.04450423328525719,0.085178485111573235,0.03599229935065494,0.9554957667147428,1.5
15,0.7,0.029693735186364326,Mpox,0.5854779092947504,0.988011156102561,0.20727259857663372,0.04891131019191447,0.09320835780884815,0.039626916579946846,0.9510886898080855,1.5
15,0.71,0.028470677798491228,Mpox,0.5854779092947504,0.986000045935376,0.20801788031921187,0.05386186361376751,0.10214394721000186,0.043726757431358954,0.9461381363862325,1.5
15,0.72,0.027268223931603695,Mpox,0.5854779092947504,0.9837123645833273,0.2088464126392261,0.05943185265883303,0.11209159259906339,0.048360855075024654,0.940568147341167,1.5
15,0.73,0.026085747482395512,Mpox,0.5854779092947504,0.9811229318920747,0.20976758630778758,0.06570820685135759,0.12316757912409647,0.05360916238139561,0.9342917931486424,1.5
15,0.74,0.024922649622344268,Mpox,0.5854779092947504,0.9782067945931775,0.21079165500036545,0.0727902926408246,0.1354979185129311,0.0595642424794148,0.9272097073591754,1.5
15,0.75,0.02377835725983872,Mpox,0.5854779092947504,0.9749397605712772,0.21192975381024803,0.08079151237843664,0.14921762716064996,0.06633317548199986,0.9192084876215634,1.5
15,0.76,0.022652321608214,Mpox,0.5854779092947504,0.9712989879098,0.2131939012960622,0.08984102079865239,0.16446932894505473,0.07403968702705908,0.9101589792013476,1.5
15,0.77,0.02154401685111569,Mpox,0.5854779092947504,0.9672636147199194,0.21459698086502765,0.10008552962953737,0.1814009814560324,0.08282649298511659,0.8999144703704627,1.5
15,0.78,0.02045293889740682,Mpox,0.5854779092947504,0.962815412471466,0.2161526970705243,0.1116911504673471,0.20016250214891437,0.09285783703315437,0.8883088495326529,1.5
15,0.79,0.01937860421854785,Mpox,0.5854779092947504,0.9579394431975026,0.2178755023737342,0.12484519739248356,0.22090106267276516,0.10432217121018464,0.8751548026075164,1.5
15,0.8,0.018320548762019617,Mpox,0.5854779092947504,0.9526246999414613,0.2197804901510072,0.13975783122529845,0.24375483539317983,0.11743489055988376,0.8602421687747015,1.5
15,0.81,0.01727832693493262,Mpox,0.5854779092947504,0.9468647105243985,0.22188325028700606,0.15666337322343007,0.26884502845308,0.13244097682129288,0.84333662677657,1.5
15,0.8200000000000001,0.016251510652485597,Mpox,0.5854779092947504,0.9406580874339581,0.22419968463654005,0.17582104271736998,0.29626614829916037,0.14961732653678111,0.82417895728263,1.5
15,0.8300000000000001,0.01523968844640001,Mpox,0.5854779092947504,0.9340090116109666,0.22674578100516374,0.19751477457213576,0.326074593622075,0.16927442747912852,0.8024852254278643,1.5
15,0.8400000000000001,0.014242464628877708,Mpox,0.5854779092947504,0.9269276453258285,0.22953734610125354,0.22205164055152693,0.35827591819463733,0.19175689275318694,0.7779483594484731,1.5
15,0.8500000000000001,0.0132594585080094,Mpox,0.5854779092947504,0.9194304794157866,0.23258970012134583,0.24975822343935034,0.3928113957210019,0.21744214946627877,0.7502417765606497,1.5
15,0.86,0.012290303650902454,Mpox,0.5854779092947504,0.9115406332850082,0.23591733816719462,0.28097406098203354,0.429544851255091,0.2467362889122983,0.7190259390179665,1.5
15,0.87,0.011334647191108708,Mpox,0.5854779092947504,0.9032881430508839,0.23953356642307966,0.3160409714419657,0.46825103875346646,0.28006569204263204,0.6839590285580344,1.5
15,0.88,0.010392149177214031,Mpox,0.5854779092947504,0.8947102956650861,0.2434501237562483,0.35528667209186543,0.5086070632692695,0.3178625138780134,0.6447133279081345,1.5
15,0.89,0.009462481959705268,Mpox,0.5854779092947504,0.8858520978742789,0.24767680190683317,0.39900057856830223,0.5501883695435135,0.3605413993915098,0.6009994214316978,1.5
15,0.9,0.00854532961346388,Mpox,0.5854779092947504,0.8767670144172897,0.25222107944347016,0.4473989911789308,0.5924705453718954,0.40846385387943224,0.5526010088210692,1.5
15,0.91,0.007640387393446007,Mpox,0.5854779092947504,0.8675181809641064,0.2570877859138906,0.5005759888432205,0.6348375438757078,0.4618854284056858,0.4994240111567795,1.5
15,0.9199999999999999,0.0067473612212998295,Mpox,0.5854779092947504,0.8581804150459468,0.2622788128863538,0.5584352048944682,0.6765958939980635,0.5208792090305825,0.4415647951055318,1.5
15,0.9299999999999999,0.005865967200846554,Mpox,0.5854779092947504,0.8488435537367943,0.26779288769747833,0.6205961785853645,0.7169930880164634,0.5852268925351375,0.37940382141463547,1.5
15,0.94,0.004995931160512343,Mpox,0.5854779092947504,0.8396180236768549,0.27362542363592834,0.6862670695040238,0.7552366861521888,0.654265830593648,0.31373293049597617,1.5
15,0.95,0.004136988220941892,Mpox,0.5854779092947504,0.8306442754639521,0.2797684570637383,0.7540730725357268,0.7905087702535101,0.7266766224001728,0.24592692746427325,1.5
15,0.96,0.0032888823861586527,Mpox,0.5854779092947504,0.822109194055518,0.2862106778012097,0.8218267312869807,0.821967938404727,0.8001908679813852,0.1781732687130193,1.5
15,0.97,0.0024513661567604167,Mpox,0.5854779092947504,0.8142758096142874,0.29293755428675095,0.8862223326487955,0.848727075297466,0.8711922223839849,0.11377766735120454,1.5
15,0.98,0.0016242001637476388,Mpox,0.5854779092947504,0.807540168460022,0.29993154996377047,0.9424314414071252,0.869786961873865,0.9341754827752146,0.0575685585928748,1.5
15,0.99,8.071528216862105e-4,Mpox,0.5854779092947504,0.8025486700157619,0.3071724224746306,0.9835701091508634,0.88388621425792,0.9810175464987575,0.016429890849136597,1.5
0,0.5,0.05972654245721052,Measles,0.7707519614128497,0.4107168886136923,0.9778331251022581,0.13752335030477517,0.20605259716190996,0.008532367399960309,0.8624766496952249,1.5
0,0.51,0.058006725089938274,Measles,0.7707519614128497,0.40054315694772763,0.9779624613575509,0.14304693960135717,0.21080764032817442,0.009100492988716515,0.8569530603986428,1.5
0,0.52,0.0563210782569087,Measles,0.7707519614128497,0.3902446099458438,0.978096729989927,0.14879730053807302,0.21544649267566493,0.009716140899571988,0.851202699461927,1.5
0,0.53,0.05466828516270753,Measles,0.7707519614128497,0.37982620309206644,0.9782361644197379,0.1547868024499792,0.2199425859598306,0.010384478027117564,0.8452131975500208,1.5
0,0.54,0.05304710341949958,Measles,0.7707519614128497,0.369293838142875,0.9783810084195969,0.16102858838038256,0.22426683270243591,0.011111343906004276,0.8389714116196174,1.5
0,0.55,0.051456359554363,Measles,0.7707519614128497,0.3586544423652811,0.9785315162431412,0.16753662680901896,0.22838759144368875,0.011903350387814723,0.8324633731909811,1.5
0,0.56,0.049894944013747666,Measles,0.7707519614128497,0.34791604734294507,0.9786879526698539,0.17432576620941673,0.2322706836400397,0.012767997445580897,0.8256742337905832,1.5
0,0.5700000000000001,0.04836180661207107,Measles,0.7707519614128497,0.33708786554938325,0.9788505929457081,0.18141179238948776,0.23587947627641376,0.013713807854770749,0.8185882076105122,1.5
0,0.58,0.046855952377915996,Measles,0.7707519614128497,0.3261803625185265,0.9790197225961063,0.1888114885016374,0.23917504576092932,0.014750483973297288,0.8111885114983626,1.5
0,0.59,0.04537643775690355,Measles,0.7707519614128497,0.31520532206041896,0.9791956370839368,0.19654269752043313,0.24211643973255798,0.015889090394128554,0.8034573024795668,1.5
0,0.6,0.04392236713512292,Measles,0.7707519614128497,0.3041759015881559,0.9793786412816154,0.20462438687283604,0.24466105375936872,0.01714226688257968,0.795375613127164,1.5
0,0.61,0.04249288965122075,Measles,0.7707519614128497,0.29310667426295806,0.9795690487217458,0.21307671476145518,0.2467651391997572,0.018524476746524316,0.7869232852385448,1.5
0,0.62,0.04108719626885675,Measles,0.7707519614128497,0.2820136543531548,0.9797671805866105,0.22192109753837982,0.2483844563604614,0.020052296631433555,0.7780789024616201,1.5
0,0.63,0.039704517084457595,Measles,0.7707519614128497,0.2709143019730512,0.9799733643922119,0.23118027725572018,0.24947508311629668,0.021744754691509632,0.7688197227442798,1.5
0,0.64,0.038344118847929834,Measles,0.7707519614128497,0.25982750325497755,0.9801879323182018,0.2408783882285515,0.24999438299425936,0.023623725168704986,0.7591216117714485,1.5
0,0.65,0.037005302676457796,Measles,0.7707519614128497,0.24877352205393138,0.9804112191310086,0.2510410210815269,0.24990212810810924,0.025714388613153737,0.7489589789184731,1.5
0,0.66,0.03568740194363066,Measles,0.7707519614128497,0.23777391952990706,0.9806435596441325,0.26169528229532046,0.24916176119150246,0.02804576829346855,0.7383047177046795,1.5
0,0.67,0.0343897803280059,Measles,0.7707519614128497,0.2268514384380142,0.9808852856573382,0.2728698467015764,0.2477417675467709,0.030651354752477877,0.7271301532984236,1.5
0,0.6799999999999999,0.033111830006902085,Measles,0.7707519614128497,0.21602984971337397,0.9811367223158642,0.28459499966873175,0.24561711262833455,0.0335698319231761,0.7154050003312682,1.5
0,0.69,0.031852969982631325,Measles,0.7707519614128497,0.20533375998604522,0.9813981838324434,0.2969026648443266,0.2427706853120124,0.03684591966309387,0.7030973351556734,1.5
0,0.7,0.030612644529708015,Measles,0.7707519614128497,0.19478838000447865,0.9816699685196011,0.3098264122310831,0.23919467225177943,0.04053134888458475,0.6901735877689169,1.5
0,0.71,0.02939032175269369,Measles,0.7707519614128497,0.18441925556118102,0.9819523530882761,0.3234014400267021,0.23489177709897738,0.044685986489236704,0.6765985599732979,1.5
0,0.72,0.028185492245353598,Measles,0.7707519614128497,0.17425196435291865,0.982245586182162,0.3376645219893607,0.2298761919911853,0.049379127812328075,0.6623354780106393,1.5
0,0.73,0.026997667842712063,Measles,0.7707519614128497,0.16431178418856834,0.9825498811362832,0.35265391002877866,0.22417422976442875,0.054690973893989525,0.6473460899712213,1.5
0,0.74,0.025826380458401934,Measles,0.7707519614128497,0.15462333996971075,0.9828654079740808,0.3684091791750648,0.2178245354713033,0.060714309112186726,0.6315908208249352,1.5
0,0.75,0.024671181000392024,Measles,0.7707519614128497,0.1452102387753375,0.983192284690429,0.3849709989324174,0.21087781573806103,0.06755639082722312,0.6150290010675826,1.5
0,0.76,0.02353163835886135,Measles,0.7707519614128497,0.13609470403002824,0.9835305679089685,0.402380811142823,0.20339605369899338,0.07534105570594346,0.597619188857177,1.5
0,0.77,0.022407338460529152,Measles,0.7707519614128497,0.12729722096710966,0.983880243050919,0.42068038969839233,0.19545121363235796,0.08421103594723889,0.5793196103016076,1.5
0,0.78,0.021297883384272513,Measles,0.7707519614128497,0.118836206273937,0.9842412142083857,0.4399112515389213,0.1871234794865567,0.09433046084112355,0.5600887484610787,1.5
0,0.79,0.0202028905333403,Measles,0.7707519614128497,0.1107277148159494,0.98461329397657,0.4601138810979634,0.17849911069465296,0.10588749240702636,0.5398861189020365,1.5
0,0.8,0.019121991859864438,Measles,0.7707519614128497,0.10298519562226752,0.9849961935635858,0.481326721400383,0.16966803215044327,0.11909700481629457,0.518673278599617,1.5
0,0.81,0.018054833137763664,Measles,0.7707519614128497,0.09561930788792612,0.9853895135599556,0.5035848739779735,0.1607212985819205,0.13420316125665616,0.49641512602202653,1.5
0,0.8200000000000001,0.01700107328046007,Measles,0.7707519614128497,0.08863780569103066,0.985792735807291,0.5269184361808917,0.15174858374985473,0.15148166261253518,0.47308156381910826,1.5
0,0.8300000000000001,0.015960383700131864,Measles,0.7707519614128497,0.08204549760030283,0.9862052168509913,0.5513503877348168,0.14283584077875533,0.17124133150807916,0.4486496122651832,1.5
0,0.8400000000000001,0.01493244770552027,Measles,0.7707519614128497,0.07584428459583446,0.9866261834881032,0.5768939178054123,0.13406326249231354,0.19382454185968473,0.4231060821945877,1.5
0,0.8500000000000001,0.013916959935524815,Measles,0.7707519614128497,0.07003327704177263,0.987054730921617,0.6035490585005625,0.12550364281224335,0.21960579352642565,0.3964509414994375,1.5
0,0.86,0.012913625826079219,Measles,0.7707519614128497,0.06460898918822576,0.9874898239997508,0.6312984595767205,0.11722120641681062,0.24898744470383732,0.3687015404232795,1.5
0,0.87,0.01192216110798487,Measles,0.7707519614128497,0.059565608245993995,0.987930301948117,0.6601021007888598,0.10927093891895771,0.2823912261356361,0.3398978992111402,1.5
0,0.88,0.01094229133357353,Measles,0.7707519614128497,0.05489533495411767,0.9883748868914414,0.6898906911940599,0.10169841872755805,0.32024363796714983,0.3101093088059401,1.5
0,0.89,0.009973751430229803,Measles,0.7707519614128497,0.0505887943684178,0.9888221963107648,0.7205574467821962,0.09454012886455126,0.3629526290072843,0.27944255321780376,1.5
0,0.9,0.00901628527898065,Measles,0.7707519614128497,0.046635520253773786,0.989270759397083,0.7519478665989808,0.08782421608032928,0.41087202318263594,0.24805213340101917,1.5
0,0.91,0.00806964531646629,Measles,0.7707519614128497,0.043024525481719054,0.989719037053225,0.7838470400349115,0.08157166929952633,0.46424891625730325,0.21615295996508854,1.5
0,0.9199999999999999,0.007133592158764904,Measles,0.7707519614128497,0.039744986987518646,0.9901654450766765,0.8159639104776633,0.07579791468871372,0.5231476232479358,0.18403608952233674,1.5
0,0.9299999999999999,0.006207894245648183,Measles,0.7707519614128497,0.03678710250559053,0.9906083798447252,0.8479117885460719,0.07051487957414306,0.5873415918360638,0.15208821145392815,1.5
0,0.94,0.005292327503942014,Measles,0.7707519614128497,0.034143228468826996,0.9910462456389104,0.8791842461010756,0.06573368132817506,0.6561618530122266,0.1208157538989244,1.5
0,0.95,0.00438667502878667,Measles,0.7707519614128497,0.03180950771545476,0.9914774826068611,0.909125323391307,0.06146829309042734,0.7282868563154261,0.09087467660869297,1.5
0,0.96,0.0034907267816572654,Measles,0.7707519614128497,0.0297883955725355,0.9919005942816639,0.9368927377617333,0.05774092514916559,0.8014536761067428,0.06310726223826668,1.5
0,0.97,0.0026042793041091156,Measles,0.7707519614128497,0.028092923689128295,0.9923141735720099,0.9614124832183608,0.05459068204435565,0.872064248643826,0.038587516781639186,1.5
0,0.98,0.0017271354462612047,Measles,0.7707519614128497,0.026754546443019413,0.9927169262036508,0.9813228434549149,0.052088952403681305,0.9346520883097693,0.01867715654508506,1.5
0,0.99,8.591041091364357e-4,Measles,0.7707519614128497,0.025839000516972153,0.9931076907295846,0.994905391642983,0.050369830344310085,0.9811643022888785,0.0050946083570170275,1.5
1,0.5,0.05972654245721052,Measles,0.7707519614128497,0.7128396272272749,0.9204773538024851,0.07161747041692772,0.1301582229755492,0.008532367399960309,0.9283825295830723,1.5
1,0.51,0.058006725089938274,Measles,0.7707519614128497,0.7017579064341515,0.920738686519379,0.07519861276707962,0.13584086048066366,0.009100492988716515,0.9248013872329204,1.5
1,0.52,0.0563210782569087,Measles,0.7707519614128497,0.6903078303571251,0.9210133432978287,0.0789758300469434,0.14173610254954072,0.009716140899571988,0.9210241699530566,1.5
1,0.53,0.05466828516270753,Measles,0.7707519614128497,0.6784842939527493,0.9213021295758012,0.08296254489912427,0.14784691675988587,0.010384478027117564,0.9170374551008758,1.5
1,0.54,0.05304710341949958,Measles,0.7707519614128497,0.6662833746475444,0.921605900555134,0.0871732347152503,0.15417497512999453,0.011111343906004276,0.9128267652847497,1.5
1,0.55,0.051456359554363,Measles,0.7707519614128497,0.6537025323259131,0.9219255635580833,0.0916235216340325,0.16072033922486204,0.011903350387814723,0.9083764783659675,1.5
1,0.56,0.049894944013747666,Measles,0.7707519614128497,0.6407408241162813,0.9222620802849552,0.09633027005778277,0.16748109405465694,0.012767997445580897,0.9036697299422172,1.5
1,0.5700000000000001,0.04836180661207107,Measles,0.7707519614128497,0.6273991323541526,0.922616468912604,0.10131169215774957,0.17445292595915024,0.013713807854770749,0.8986883078422504,1.5
1,0.58,0.046855952377915996,Measles,0.7707519614128497,0.6136804033026019,0.9229898059603853,0.1065874618148648,0.18162864045830854,0.014750483973297288,0.8934125381851352,1.5
1,0.59,0.04537643775690355,Measles,0.7707519614128497,0.5995898932906211,0.9233832278349695,0.11217883739793787,0.1889976174700102,0.015889090394128554,0.8878211626020621,1.5
1,0.6,0.04392236713512292,Measles,0.7707519614128497,0.5851354178966255,0.9237979319481906,0.11810879370980298,0.19654520356956515,0.01714226688257968,0.881891206290197,1.5
1,0.61,0.04249288965122075,Measles,0.7707519614128497,0.5703275986805182,0.9242351772827333,0.12440216332458295,0.20425204434828875,0.018524476746524316,0.875597836675417,1.5
1,0.62,0.04108719626885675,Measles,0.7707519614128497,0.5551801007865959,0.924696284259061,0.13108578738584864,0.2120933647055427,0.020052296631433555,0.8689142126141514,1.5
1,0.63,0.039704517084457595,Measles,0.7707519614128497,0.539709853553233,0.9251826337336853,0.13818867572187496,0.22003821137160542,0.021744754691509632,0.861811324278125,1.5
1,0.64,0.038344118847929834,Measles,0.7707519614128497,0.5239372451399997,0.925695664934101,0.14574217584400595,0.22804868036774156,0.023623725168704986,0.854257824155994,1.5
1,0.65,0.037005302676457796,Measles,0.7707519614128497,0.5078862812056619,0.926236872110033,0.15378015000512066,0.23607916262709386,0.025714388613153737,0.8462198499948793,1.5
1,0.66,0.03568740194363066,Measles,0.7707519614128497,0.491584696942305,0.9268077996549993,0.1623391589806896,0.24407565359960973,0.02804576829346855,0.8376608410193104,1.5
1,0.67,0.0343897803280059,Measles,0.7707519614128497,0.47506401140666865,0.9274100354278971,0.17145865056052145,0.2519751870036977,0.030651354752477877,0.8285413494394785,1.5
1,0.6799999999999999,0.033111830006902085,Measles,0.7707519614128497,0.45835951321061863,0.9280452019830807,0.18118114986200823,0.2597054681549137,0.0335698319231761,0.8188188501379918,1.5
1,0.69,0.031852969982631325,Measles,0.7707519614128497,0.4415101673543673,0.9287149454015706,0.19155244744228114,0.26718479705059317,0.03684591966309387,0.8084475525577188,1.5
1,0.7,0.030612644529708015,Measles,0.7707519614128497,0.4245584344114922,0.9294209214083813,0.20262177972868667,0.2743223833909223,0.04053134888458475,0.7973782202713133,1.5
1,0.71,0.02939032175269369,Measles,0.7707519614128497,0.40754999547114923,0.9301647784650333,0.2144419944211887,0.28101916190369974,0.044685986489236704,0.7855580055788113,1.5
1,0.72,0.028185492245353598,Measles,0.7707519614128497,0.39053337923426645,0.9309481375461046,0.22706969113995684,0.2871692129018589,0.049379127812328075,0.7729303088600432,1.5
1,0.73,0.026997667842712063,Measles,0.7707519614128497,0.3735594914055794,0.9317725683487262,0.24056532456485824,0.2926618757532588,0.054690973893989525,0.7594346754351418,1.5
1,0.74,0.025826380458401934,Measles,0.7707519614128497,0.3566810509074785,0.9326395617490619,0.25499325347562185,0.2973846080251158,0.060714309112186726,0.7450067465243781,1.5
1,0.75,0.024671181000392024,Measles,0.7707519614128497,0.33995194226998093,0.9335504984148064,0.27042171424618877,0.3012265880368455,0.06755639082722312,0.7295782857538112,1.5
1,0.76,0.02353163835886135,Measles,0.7707519614128497,0.32342649855436106,0.9345066136118255,0.28692269121580394,0.30408298374465303,0.07534105570594346,0.7130773087841961,1.5
1,0.77,0.022407338460529152,Measles,0.7707519614128497,0.3071587340119429,0.9355089584094357,0.30457164863367797,0.30585972076670903,0.08421103594723889,0.695428351366322,1.5
1,0.78,0.021297883384272513,Measles,0.7707519614128497,0.291201549999907,0.9365583576935622,0.3234470791517869,0.30647848648726905,0.09433046084112355,0.6765529208482131,1.5
1,0.79,0.0202028905333403,Measles,0.7707519614128497,0.2756059411072327,0.9376553656384516,0.3436298116243479,0.3058816200694464,0.10588749240702636,0.6563701883756521,1.5
1,0.8,0.019121991859864438,Measles,0.7707519614128497,0.2604202306691942,0.9388002195601773,0.3652020056426698,0.30403647770252024,0.11909700481629457,0.6347979943573302,1.5
1,0.81,0.018054833137763664,Measles,0.7707519614128497,0.24568936564636829,0.939992793368456,0.38824574101801684,0.30093884633564083,0.13420316125665616,0.6117542589819831,1.5
1,0.8200000000000001,0.01700107328046007,Measles,0.7707519614128497,0.23145430012950005,0.9412325521315318,0.4128410863641845,0.29661502072562623,0.15148166261253518,0.5871589136358155,1.5
1,0.8300000000000001,0.015960383700131864,Measles,0.7707519614128497,0.2177514945960068,0.9425185095505708,0.4390635008333792,0.2911222618068318,0.17124133150807916,0.5609364991666208,1.5
1,0.8400000000000001,0.01493244770552027,Measles,0.7707519614128497,0.2046125547783098,0.9438491903783925,0.466980385441966,0.28454751077431234,0.19382454185968473,0.5330196145580339,1.5
1,0.8500000000000001,0.013916959935524815,Measles,0.7707519614128497,0.19206403011178136,0.9452225999820246,0.49664655345195124,0.27700442209998616,0.21960579352642565,0.5033534465480487,1.5
1,0.86,0.012913625826079219,Measles,0.7707519614128497,0.1801273879457715,0.9466362033072859,0.5280983306665734,0.2686289706278229,0.24898744470383732,0.4719016693334266,1.5
1,0.87,0.01192216110798487,Measles,0.7707519614128497,0.16881917701348612,0.9480869154265825,0.5613459234336885,0.2595740518299579,0.2823912261356361,0.4386540765663115,1.5
1,0.88,0.01094229133357353,Measles,0.7707519614128497,0.15815139339802356,0.9495711056143363,0.5963636011260348,0.2500036054271899,0.32024363796714983,0.4036363988739652,1.5
1,0.89,0.009973751430229803,Measles,0.7707519614128497,0.14813206626482078,0.9510846164852114,0.6330771265555641,0.24008683902733527,0.3629526290072843,0.36692287344443586,1.5
1,0.9,0.00901628527898065,Measles,0.7707519614128497,0.13876609177470778,0.9526227991506067,0.6713477268193395,0.22999311487917498,0.41087202318263594,0.3286522731806605,1.5
1,0.91,0.00806964531646629,Measles,0.7707519614128497,0.1300563664974056,0.9541805646196306,0.7109517218519356,0.21988801054367255,0.46424891625730325,0.28904827814806444,1.5
1,0.9199999999999999,0.007133592158764904,Measles,0.7707519614128497,0.12200531463318912,0.9557524508317685,0.7515547102906255,0.2099310093798303,0.5231476232479358,0.24844528970937452,1.5
1,0.9299999999999999,0.006207894245648183,Measles,0.7707519614128497,0.11461698230285612,0.957332703818083,0.792678942060691,0.20027527035955733,0.5873415918360638,0.207321057939309,1.5
1,0.94,0.005292327503942014,Measles,0.7707519614128497,0.10790001917769829,0.958915370617375,0.8336621719126429,0.1910700433562015,0.6561618530122266,0.1663378280873571,1.5
1,0.95,0.00438667502878667,Measles,0.7707519614128497,0.10187215128955812,0.9604944008008909,0.8736058726610877,0.18246666237901743,0.7282868563154261,0.1263941273389123,1.5
1,0.96,0.0034907267816572654,Measles,0.7707519614128497,0.09656732417023922,0.9620637528584302,0.9113101722151203,0.17462992305224845,0.8014536761067428,0.08868982778487966,1.5
1,0.97,0.0026042793041091156,Measles,0.7707519614128497,0.09204793933676408,0.9636175013315208,0.945192241436194,0.16775863433378305,0.872064248643826,0.05480775856380604,1.5
1,0.98,0.0017271354462612047,Measles,0.7707519614128497,0.08842751413333085,0.9651499404857696,0.9731840718828868,0.1621237925514536,0.9346520883097693,0.026815928117113197,1.5
1,0.99,8.591041091364357e-4,Measles,0.7707519614128497,0.08591657446289802,0.9666556805069206,0.9926046085691959,0.15814466902652083,0.9811643022888785,0.0073953914308041435,1.5
2,0.5,0.05972654245721052,Measles,0.7707519614128497,0.8727933206288215,0.8253929960735531,0.04124291442796052,0.07876392391326545,0.008532367399960309,0.9587570855720395,1.5
2,0.51,0.058006725089938274,Measles,0.7707519614128497,0.8650464391145452,0.8257221485951007,0.04359861844347219,0.0830133379830358,0.009100492988716515,0.9564013815565278,1.5
2,0.52,0.0563210782569087,Measles,0.7707519614128497,0.8568714293457567,0.8260713824919889,0.04610816641124342,0.08750755973437592,0.009716140899571988,0.9538918335887566,1.5
2,0.53,0.05466828516270753,Measles,0.7707519614128497,0.8482502499002993,0.8264421422269321,0.04878396027544653,0.09226182463356995,0.010384478027117564,0.9512160397245535,1.5
2,0.54,0.05304710341949958,Measles,0.7707519614128497,0.8391651547439374,0.8268359815732331,0.051639546191247186,0.09729205004192643,0.011111343906004276,0.9483604538087528,1.5
2,0.55,0.051456359554363,Measles,0.7707519614128497,0.8295989103174937,0.8272545710479726,0.054689729588501705,0.1026147753679218,0.011903350387814723,0.9453102704114983,1.5
2,0.56,0.049894944013747666,Measles,0.7707519614128497,0.8195350440359698,0.8276997055350374,0.057950702047623655,0.10824707151423116,0.012767997445580897,0.9420492979523764,1.5
2,0.5700000000000001,0.04836180661207107,Measles,0.7707519614128497,0.808958125282569,0.8281733120151584,0.06144018109379944,0.11420641182444964,0.013713807854770749,0.9385598189062005,1.5
2,0.58,0.046855952377915996,Measles,0.7707519614128497,0.797854079230808,0.8286774572940995,0.06517756407455964,0.12051049523989418,0.014750483973297288,0.9348224359254403,1.5
2,0.59,0.04537643775690355,Measles,0.7707519614128497,0.7862105328543995,0.8292143555890987,0.06918409733159386,0.12717701072380125,0.015889090394128554,0.9308159026684062,1.5
2,0.6,0.04392236713512292,Measles,0.7707519614128497,0.774017191267675,0.8297863757971015,0.07348306190406348,0.13422333024178165,0.01714226688257968,0.9265169380959365,1.5
2,0.61,0.04249288965122075,Measles,0.7707519614128497,0.7612662410707058,0.8303960482256899,0.0780999769980581,0.14166611578392,0.018524476746524316,0.9219000230019418,1.5
2,0.62,0.04108719626885675,Measles,0.7707519614128497,0.7479527756573986,0.8310460705186025,0.08306282241354145,0.14952082421163507,0.020052296631433555,0.9169371775864585,1.5
2,0.63,0.039704517084457595,Measles,0.7707519614128497,0.7340752355075384,0.8317393124520931,0.08840228101988161,0.1578010923217978,0.021744754691509632,0.9115977189801184,1.5
2,0.64,0.038344118847929834,Measles,0.7707519614128497,0.7196358543729764,0.832478819216306,0.09415200219376006,0.16651798375434826,0.023623725168704986,0.9058479978062399,1.5
2,0.65,0.037005302676457796,Measles,0.7707519614128497,0.7046411000635484,0.8332678127278197,0.10034888685170226,0.17567907966731108,0.025714388613153737,0.8996511131482977,1.5
2,0.66,0.03568740194363066,Measles,0.7707519614128497,0.6891020963502485,0.8341096904467435,0.10703339428951031,0.18528739706130837,0.02804576829346855,0.8929666057104897,1.5
2,0.67,0.0343897803280059,Measles,0.7707519614128497,0.6730350104770334,0.8350080210960957,0.11424987043781518,0.1953401230257625,0.030651354752477877,0.8857501295621848,1.5
2,0.6799999999999999,0.033111830006902085,Measles,0.7707519614128497,0.6564613890854051,0.835966536605547,0.12204689629956744,0.20582716094988643,0.0335698319231761,0.8779531037004326,1.5
2,0.69,0.031852969982631325,Measles,0.7707519614128497,0.6394084242079531,0.8369891195300907,0.13047765417879573,0.21672949698644658,0.03684591966309387,0.8695223458212042,1.5
2,0.7,0.030612644529708015,Measles,0.7707519614128497,0.6219091305947437,0.8380797851321938,0.13960030774595172,0.22801741291668995,0.04053134888458475,0.8603996922540482,1.5
2,0.71,0.02939032175269369,Measles,0.7707519614128497,0.6040024162071335,0.8392426572706735,0.14947838989521947,0.2396485960524923,0.044685986489236704,0.8505216101047806,1.5
2,0.72,0.028185492245353598,Measles,0.7707519614128497,0.5857330294310655,0.8404819372195935,0.16018118958038224,0.2515662285004629,0.049379127812328075,0.8398188104196178,1.5
2,0.73,0.026997667842712063,Measles,0.7707519614128497,0.5671513695531671,0.8418018645563707,0.17178412517526948,0.26369717669727594,0.054690973893989525,0.8282158748247306,1.5
2,0.74,0.025826380458401934,Measles,0.7707519614128497,0.5483131513545176,0.8432066693219207,0.18436908714695052,0.2759504458376401,0.060714309112186726,0.8156309128530495,1.5
2,0.75,0.024671181000392024,Measles,0.7707519614128497,0.5292789202492768,0.8447005147800057,0.1980247266438623,0.28821610876954984,0.06755639082722312,0.8019752733561377,1.5
2,0.76,0.02353163835886135,Measles,0.7707519614128497,0.5101134210484671,0.8462874303009884,0.2128466585921795,0.30036495853867995,0.07534105570594346,0.7871533414078205,1.5
2,0.77,0.022407338460529152,Measles,0.7707519614128497,0.4908848308532643,0.8479712341792134,0.2289375375656056,0.3122491584992237,0.08421103594723889,0.7710624624343945,1.5
2,0.78,0.021297883384272513,Measles,0.7707519614128497,0.47166387435896967,0.8497554465725331,0.24640695141607785,0.32370416176829525,0.09433046084112355,0.7535930485839222,1.5
2,0.79,0.0202028905333403,Measles,0.7707519614128497,0.4525228474768128,0.8516431932318358,0.26537106063333754,0.33455212988745503,0.10588749240702636,0.7346289393666625,1.5
2,0.8,0.019121991859864438,Measles,0.7707519614128497,0.433534582122731,0.8536371012654036,0.2859518896409015,0.3446069880335442,0.11909700481629457,0.7140481103590985,1.5
2,0.81,0.018054833137763664,Measles,0.7707519614128497,0.41477139078288344,0.8557391888452955,0.30827614847636764,0.35368110644489054,0.13420316125665616,0.6917238515236324,1.5
2,0.8200000000000001,0.01700107328046007,Measles,0.7707519614128497,0.3963040336570425,0.857950751486571,0.3324734279648994,0.3615934013465017,0.15148166261253518,0.6675265720351006,1.5
2,0.8300000000000001,0.015960383700131864,Measles,0.7707519614128497,0.3782007536063775,0.8602722482770744,0.35867356659053334,0.36817842463821454,0.17124133150807916,0.6413264334094666,1.5
2,0.8400000000000001,0.01493244770552027,Measles,0.7707519614128497,0.36052642486208647,0.8627031921533541,0.3870029303084354,0.37329579610535524,0.19382454185968473,0.6129970696915645,1.5
2,0.8500000000000001,0.013916959935524815,Measles,0.7707519614128497,0.34334186089359725,0.8652420489421464,0.41757927440301995,0.3768391716133433,0.21960579352642565,0.58242072559698,1.5
2,0.86,0.012913625826079219,Measles,0.7707519614128497,0.3267033258207807,0.8678861503418036,0.4505047652690905,0.3787438828773153,0.24898744470383732,0.5494952347309094,1.5
2,0.87,0.01192216110798487,Measles,0.7707519614128497,0.31066229363567344,0.8706316262266929,0.4858566247912007,0.37899246318925517,0.2823912261356361,0.5141433752087994,1.5
2,0.88,0.01094229133357353,Measles,0.7707519614128497,0.29526550235172466,0.8734733615472867,0.5236747147078019,0.3776174975562498,0.32024363796714983,0.4763252852921981,1.5
2,0.89,0.009973751430229803,Measles,0.7707519614128497,0.28055535919011976,0.876404982613232,0.563945195350237,0.3747015818862132,0.3629526290072843,0.436054804649763,1.5
2,0.9,0.00901628527898065,Measles,0.7707519614128497,0.266570773078949,0.8794188766562484,0.6065791629309126,0.3703745937037986,0.41087202318263594,0.39342083706908737,1.5
2,0.91,0.00806964531646629,Measles,0.7707519614128497,0.2533485305484261,0.8825062472819543,0.6513848802837456,0.36480890451377845,0.46424891625730325,0.34861511971625436,1.5
2,0.9199999999999999,0.007133592158764904,Measles,0.7707519614128497,0.24092540572487073,0.8856572067847416,0.6980318528906532,0.3582135519449159,0.5231476232479358,0.30196814710934683,1.5
2,0.9299999999999999,0.006207894245648183,Measles,0.7707519614128497,0.22934133338601942,0.8888609044136894,0.7460045468512452,0.3508287284614934,0.5873415918360638,0.2539954531487548,1.5
2,0.94,0.005292327503942014,Measles,0.7707519614128497,0.21864423391169474,0.8921056876753137,0.7945429754220976,0.34292229228853327,0.6561618530122266,0.20545702457790238,1.5
2,0.95,0.00438667502878667,Measles,0.7707519614128497,0.20889758377004727,0.8953792918041518,0.8425666676581486,0.3347905376714319,0.7282868563154261,0.15743333234185142,1.5
2,0.96,0.0034907267816572654,Measles,0.7707519614128497,0.2001928538315643,0.8986690507985136,0.8885776415812818,0.32676655855121334,0.8014536761067428,0.11142235841871817,1.5
2,0.97,0.0026042793041091156,Measles,0.7707519614128497,0.19267116703954978,0.9019621220687256,0.9305368919174224,0.3192420629630709,0.872064248643826,0.06946310808257761,1.5
2,0.98,0.0017271354462612047,Measles,0.7707519614128497,0.18656374247285873,0.9052457159092534,0.9657075152998306,0.3127145747551807,0.9346520883097693,0.034292484700169434,1.5
2,0.99,8.591041091364357e-4,Measles,0.7707519614128497,0.18227411782930558,0.9085073207642574,0.9904558678764447,0.30788753040605915,0.9811643022888785,0.009544132123555316,1.5
3,0.5,0.05972654245721052,Measles,0.7707519614128497,0.9471628914896852,0.7004948564604814,0.026494148293126355,0.051546433866429424,0.008532367399960309,0.9735058517068736,1.5
3,0.51,0.058006725089938274,Measles,0.7707519614128497,0.9427509685985023,0.7008256672679438,0.028126626565156007,0.05462357885236684,0.009100492988716515,0.971873373434844,1.5
3,0.52,0.0563210782569087,Measles,0.7707519614128497,0.9379970724131602,0.7011791286345725,0.029877965915619514,0.057911286991970685,0.009716140899571988,0.9701220340843805,1.5
3,0.53,0.05466828516270753,Measles,0.7707519614128497,0.9328785008273901,0.7015570850062506,0.03175890327468629,0.061426600189507755,0.010384478027117564,0.9682410967253137,1.5
3,0.54,0.05304710341949958,Measles,0.7707519614128497,0.9273717950556938,0.7019615417422144,0.03378128870623991,0.06518798072037374,0.011111343906004276,0.9662187112937601,1.5
3,0.55,0.051456359554363,Measles,0.7707519614128497,0.9214528677159064,0.7023946785371685,0.03595821163202215,0.06921540379254637,0.011903350387814723,0.9640417883679778,1.5
3,0.56,0.049894944013747666,Measles,0.7707519614128497,0.9150971656525733,0.7028588636086279,0.03830414191503469,0.07353044603773327,0.012767997445580897,0.9616958580849653,1.5
3,0.5700000000000001,0.04836180661207107,Measles,0.7707519614128497,0.9082798713576008,0.7033566685913565,0.04083508749449716,0.07815636592902546,0.013713807854770749,0.9591649125055028,1.5
3,0.58,0.046855952377915996,Measles,0.7707519614128497,0.9009761465794799,0.703890884046768,0.04356877042074359,0.08311817083205648,0.014750483973297288,0.9564312295792564,1.5
3,0.59,0.04537643775690355,Measles,0.7707519614128497,0.8931614212193658,0.7044645354529842,0.04652482329520752,0.0884426637910266,0.015889090394128554,0.9534751767047924,1.5
3,0.6,0.04392236713512292,Measles,0.7707519614128497,0.884811729844667,0.7050808994896552,0.049725008272579176,0.09415846117476293,0.01714226688257968,0.9502749917274208,1.5
3,0.61,0.04249288965122075,Measles,0.7707519614128497,0.875904097064969,0.7057435203693733,0.05319346092092568,0.1002959699059105,0.018524476746524316,0.9468065390790743,1.5
3,0.62,0.04108719626885675,Measles,0.7707519614128497,0.8664169715734763,0.7064562258933421,0.05695696134986616,0.10688731012049356,0.020052296631433555,0.9430430386501338,1.5
3,0.63,0.039704517084457595,Measles,0.7707519614128497,0.8563307068362258,0.7072231428218095,0.06104523509075978,0.11396616572361455,0.021744754691509632,0.9389547649092402,1.5
3,0.64,0.038344118847929834,Measles,0.7707519614128497,0.8456280842059041,0.7080487110489291,0.06549128622534003,0.12156754142259571,0.023623725168704986,0.9345087137746599,1.5
3,0.65,0.037005302676457796,Measles,0.7707519614128497,0.8342948716713936,0.7089376959568536,0.07033176518130489,0.1297274004897865,0.025714388613153737,0.9296682348186951,1.5
3,0.66,0.03568740194363066,Measles,0.7707519614128497,0.822320408586887,0.7098951981955269,0.07560737340710141,0.13848215288370536,0.02804576829346855,0.9243926265928986,1.5
3,0.67,0.0343897803280059,Measles,0.7707519614128497,0.8096982036579746,0.710926659994306,0.08136330675275179,0.14786795872489036,0.030651354752477877,0.9186366932472482,1.5
3,0.6799999999999999,0.033111830006902085,Measles,0.7707519614128497,0.7964265303471921,0.7120378669621327,0.08764973875226015,0.15791980796273955,0.0335698319231761,0.9123502612477399,1.5
3,0.69,0.031852969982631325,Measles,0.7707519614128497,0.7825090008969157,0.7132349441792825,0.09452234403883047,0.1686703341296853,0.03684591966309387,0.9054776559611695,1.5
3,0.7,0.030612644529708015,Measles,0.7707519614128497,0.7679550975999869,0.7145243452326284,0.10204286071194396,0.18014831945002305,0.04053134888458475,0.8979571392880561,1.5
3,0.71,0.02939032175269369,Measles,0.7707519614128497,0.7527806380560766,0.7159128327076824,0.11027968846751063,0.1923768517632798,0.044685986489236704,0.8897203115324894,1.5
3,0.72,0.028185492245353598,Measles,0.7707519614128497,0.73700815023177,0.7174074485370614,0.11930851650547594,0.20537110270581355,0.049379127812328075,0.8806914834945241,1.5
3,0.73,0.026997667842712063,Measles,0.7707519614128497,0.7206671334794974,0.7190154725325879,0.1292129713945753,0.2191357137771673,0.054690973893989525,0.8707870286054247,1.5
3,0.74,0.025826380458401934,Measles,0.7707519614128497,0.7037941835071876,0.7207443674163512,0.14008526987997352,0.23366180499083108,0.060714309112186726,0.8599147301200265,1.5
3,0.75,0.024671181000392024,Measles,0.7707519614128497,0.6864329627900467,0.7226017087371133,0.15202685465304888,0.2489236623917915,0.06755639082722312,0.8479731453469511,1.5
3,0.76,0.02353163835886135,Measles,0.7707519614128497,0.6686340031293312,0.7245950982367604,0.16514898183188184,0.26487521771656486,0.07534105570594346,0.8348510181681181,1.5
3,0.77,0.022407338460529152,Measles,0.7707519614128497,0.6504543338974693,0.7267320595423059,0.1795732166472225,0.28144650606704386,0.08421103594723889,0.8204267833527775,1.5
3,0.78,0.021297883384272513,Measles,0.7707519614128497,0.6319569377218288,0.729019915525322,0.1954317777206088,0.29854037280604273,0.09433046084112355,0.8045682222793912,1.5
3,0.79,0.0202028905333403,Measles,0.7707519614128497,0.6132100445573895,0.7314656473111569,0.21286764924905374,0.3160297915305382,0.10588749240702636,0.7871323507509462,1.5
3,0.8,0.019121991859864438,Measles,0.7707519614128497,0.5942862847724686,0.7340757357445423,0.2320343529592357,0.3337562376228597,0.11909700481629457,0.7679656470407643,1.5
3,0.81,0.018054833137763664,Measles,0.7707519614128497,0.5752617314520386,0.7368559871224516,0.2530952360620515,0.3515296168902971,0.13420316125665616,0.7469047639379485,1.5
3,0.8200000000000001,0.01700107328046007,Measles,0.7707519614128497,0.5562148710581155,0.7398113461678245,0.27622208533883685,0.3691302516052192,0.15148166261253518,0.7237779146611631,1.5
3,0.8300000000000001,0.015960383700131864,Measles,0.7707519614128497,0.5372255494430516,0.7429457004952587,0.30159281802189286,0.38631335138631395,0.17124133150807916,0.6984071819781071,1.5
3,0.8400000000000001,0.01493244770552027,Measles,0.7707519614128497,0.5183739467895438,0.746261682143173,0.32938792361802083,0.40281622458108285,0.19382454185968473,0.6706120763819792,1.5
3,0.8500000000000001,0.013916959935524815,Measles,0.7707519614128497,0.499739640509174,0.7497604730226233,0.3597852326190323,0.4183682134879324,0.21960579352642565,0.6402147673809677,1.5
3,0.86,0.012913625826079219,Measles,0.7707519614128497,0.4814008201455185,0.7534416222441517,0.3929524622734246,0.4327029849840229,0.24898744470383732,0.6070475377265754,1.5
3,0.87,0.01192216110798487,Measles,0.7707519614128497,0.4634337242837897,0.7573028841000833,0.4290368288587401,0.44557242757825566,0.2823912261356361,0.5709631711412599,1.5
3,0.88,0.01094229133357353,Measles,0.7707519614128497,0.44591237879367523,0.7613400858657238,0.46815081086543864,0.45676107312678776,0.32024363796714983,0.5318491891345614,1.5
3,0.89,0.009973751430229803,Measles,0.7707519614128497,0.4289087324552662,0.7655470344177162,0.5103528864541248,0.46609976438319994,0.3629526290072843,0.4896471135458752,1.5
3,0.9,0.00901628527898065,Measles,0.7707519614128497,0.41249331688140173,0.7699154698604571,0.5556217367406093,0.4734773047109822,0.41087202318263594,0.44437826325939067,1.5
3,0.91,0.00806964531646629,Measles,0.7707519614128497,0.39673661429461193,0.774435072861871,0.6038219854203354,0.4788490952964934,0.46424891625730325,0.3961780145796646,1.5
3,0.9199999999999999,0.007133592158764904,Measles,0.7707519614128497,0.38171142022068716,0.7790935302516392,0.6546590118020273,0.48224228216836373,0.5231476232479358,0.34534098819797265,1.5
3,0.9299999999999999,0.006207894245648183,Measles,0.7707519614128497,0.3674966786676671,0.7838766607273493,0.707619699515542,0.4837576556525305,0.5873415918360638,0.29238030048445796,1.5
3,0.94,0.005292327503942014,Measles,0.7707519614128497,0.354183625527599,0.7887685994181877,0.7618951307863783,0.4835694222600699,0.6561618530122266,0.23810486921362173,1.5
3,0.95,0.00438667502878667,Measles,0.7707519614128497,0.3418857731359566,0.7937520368048092,0.8162801610556727,0.48192502597280906,0.7282868563154261,0.1837198389443273,1.5
3,0.96,0.0034907267816572654,Measles,0.7707519614128497,0.3307556923616053,0.7988085043594324,0.8690434545737178,0.4791486479117262,0.8014536761067428,0.1309565454262822,1.5
3,0.97,0.0026042793041091156,Measles,0.7707519614128497,0.3210146373315276,0.8039186965304761,0.9177598583339952,0.47565452648787726,0.872064248643826,0.0822401416660048,1.5
3,0.98,0.0017271354462612047,Measles,0.7707519614128497,0.3130082892389032,0.8090628166023458,0.959094852245832,0.47198160138009354,0.9346520883097693,0.04090514775416798,1.5
3,0.99,8.591041091364357e-4,Measles,0.7707519614128497,0.3073205153697419,0.8142209327036076,0.9885281296387406,0.46887416277859545,0.9811643022888785,0.011471870361259406,1.5
4,0.5,0.05972654245721052,Measles,0.7707519614128497,0.9791060979001769,0.5608345252141258,0.018825172711039766,0.03694010186515917,0.008532367399960309,0.9811748272889602,1.5
4,0.51,0.058006725089938274,Measles,0.7707519614128497,0.9768878008559015,0.5611237235492488,0.020033151340145182,0.03926116933098497,0.009100492988716515,0.9799668486598548,1.5
4,0.52,0.0563210782569087,Measles,0.7707519614128497,0.9744483666594518,0.5614342645944473,0.021334983060100107,0.041755748178510486,0.009716140899571988,0.9786650169398999,1.5
4,0.53,0.05466828516270753,Measles,0.7707519614128497,0.9717680699152159,0.5617680475318539,0.022739816876407554,0.044439723907070676,0.010384478027117564,0.9772601831235924,1.5
4,0.54,0.05304710341949958,Measles,0.7707519614128497,0.9688259034342909,0.5621271554790825,0.024257832773613538,0.047330584311037344,0.011111343906004276,0.9757421672263865,1.5
4,0.55,0.051456359554363,Measles,0.7707519614128497,0.9655995964777967,0.5625138731166586,0.025900369480793536,0.05044757877545825,0.011903350387814723,0.9740996305192064,1.5
4,0.56,0.049894944013747666,Measles,0.7707519614128497,0.962065658681049,0.5629307056826865,0.027680068845730436,0.05381188910600053,0.012767997445580897,0.9723199311542695,1.5
4,0.5700000000000001,0.04836180661207107,Measles,0.7707519614128497,0.9581994545229128,0.5633803993403514,0.02961103896341579,0.05744681104259682,0.013713807854770749,0.9703889610365842,1.5
4,0.58,0.046855952377915996,Measles,0.7707519614128497,0.9539753134632433,0.5638659628911281,0.03170903845282086,0.06137794485393985,0.014750483973297288,0.9682909615471791,1.5
4,0.59,0.04537643775690355,Measles,0.7707519614128497,0.9493666809830921,0.5643906907638889,0.03399168454095396,0.06563339239295998,0.015889090394128554,0.9660083154590461,1.5
4,0.6,0.04392236713512292,Measles,0.7707519614128497,0.9443463156729084,0.5649581871555359,0.036478687891648216,0.0702439566403092,0.01714226688257968,0.9635213121083518,1.5
4,0.61,0.04249288965122075,Measles,0.7707519614128497,0.9388865371637058,0.5655723911303101,0.039192117402226896,0.07524333798741482,0.018524476746524316,0.96080788259777306,1.5
4,0.62,0.04108719626885675,Measles,0.7707519614128497,0.9329595290223702,0.5662376024004013,0.04215669847519344,0.08066831921254806,0.020052296631433555,0.9578433015248066,1.5
4,0.63,0.039704517084457595,Measles,0.7707519614128497,0.9265376996748186,0.5669585074077521,0.04540014854054661,0.08655892816786823,0.021744754691509632,0.9545998514594534,1.5
4,0.64,0.038344118847929834,Measles,0.7707519614128497,0.9195941029265322,0.5677402052041104,0.04895355383794616,0.09295856349920152,0.023623725168704986,0.9510464461620538,1.5
4,0.65,0.037005302676457796,Measles,0.7707519614128497,0.9121029176828895,0.5685882324817895,0.05285179163890649,0.09991406413777872,0.025714388613153737,0.9471482083610935,1.5
4,0.66,0.03568740194363066,Measles,0.7707519614128497,0.90403998402025465,0.5695085869404173,0.057134002159455674,0.10747569772365906,0.02804576829346855,0.9428659978405444,1.5
4,0.67,0.0343897803280059,Measles,0.7707519614128497,0.8953833898473934,0.5705077479852964,0.06184411433078376,0.11569703647232357,0.030651354752477877,0.9381558856692163,1.5
4,0.6799999999999999,0.033111830006902085,Measles,0.7707519614128497,0.8861140990961431,0.5715926935425273,0.06703142928823161,0.12463468128639207,0.0335698319231761,0.9329685707117684,1.5
4,0.69,0.031852969982631325,Measles,0.7707519614128497,0.8762166088145034,0.5727709115485811,0.07275126481233891,0.13434778628954924,0.03684591966309387,0.927248735187661,1.5
4,0.7,0.030612644529708015,Measles,0.7707519614128497,0.8656796188902552,0.5740504044339303,0.07906566288146537,0.14489732678457742,0.04053134888458475,0.9209343371185347,1.5
4,0.71,0.02939032175269369,Measles,0.7707519614128497,0.8544966946520061,0.5754396846816878,0.08604416080496756,0.15634504460994986,0.044685986489236704,0.9139558391950324,1.5
4,0.72,0.028185492245353598,Measles,0.7707519614128497,0.8426668995747859,0.5769477593168897,0.09376462387470169,0.168751997154553,0.049379127812328075,0.9062353761252984,1.5
4,0.73,0.026997667842712063,Measles,0.7707519614128497,0.8301953730911248,0.5785841009888584,0.10231413380655234,0.18217663167984496,0.054690973893989525,0.8976858661934477,1.5
4,0.74,0.025826380458401934,Measles,0.7707519614128497,0.8170938274188135,0.5803586031718209,0.11178992205694592,0.19667230766371488,0.060714309112186726,0.8882100779430541,1.5
4,0.75,0.024671181000392024,Measles,0.7707519614128497,0.8033809376827102,0.582281516956547,0.12230032988839573,0.21228420007342713,0.06755639082722312,0.8776996701116042,1.5
4,0.76,0.02353163835886135,Measles,0.7707519614128497,0.7890826016882393,0.5843633669715049,0.1339657671667144,0.2290455401036151,0.07534105570594346,0.8660342328332856,1.5
4,0.77,0.022407338460529152,Measles,0.7707519614128497,0.7742320496528596,0.5866148441926226,0.1469196284509024,0.24697319187202418,0.08421103594723889,0.8530803715490975,1.5
4,0.78,0.021297883384272513,Measles,0.7707519614128497,0.7588697900416188,0.5890466738131892,0.16130910688238695,0.26606262864936714,0.09433046084112355,0.838690893117613,1.5
4,0.79,0.0202028905333403,Measles,0.7707519614128497,0.7430433852502709,0.5916694569841865,0.17729582227176663,0.2862824638890316,0.10588749240702636,0.8227041777282333,1.5
4,0.8,0.019121991859864438,Measles,0.7707519614128497,0.7268070599488446,0.5944934861270275,0.19505614778684505,0.30756881087839444,0.11909700481629457,0.8049438522131549,1.5
4,0.81,0.018054833137763664,Measles,0.7707519614128497,0.710221155030231,0.5975285346781741,0.21478107741032657,0.32981988481158003,0.13420316125665616,0.7852189225896734,1.5
4,0.8200000000000001,0.01700107328046007,Measles,0.7707519614128497,0.6933514508245355,0.6007836235411227,0.23667542083948206,0.3528914086535019,0.15148166261253518,0.7633245791605179,1.5
4,0.8300000000000001,0.015960383700131864,Measles,0.7707519614128497,0.6762683940849309,0.6042667681614576,0.26095603987708,0.37659351510587974,0.17124133150807916,0.73904396012292,1.5
4,0.8400000000000001,0.01493244770552027,Measles,0.7707519614128497,0.6590462739106518,0.6079847119380075,0.28784874567199087,0.4006899167525369,0.19382454185968473,0.7121512543280091,1.5
4,0.8500000000000001,0.013916959935524815,Measles,0.7707519614128497,0.6417624022241192,0.6119426535352543,0.3175833531114141,0.42490010398365236,0.21960579352642565,0.6824166468885859,1.5
4,0.86,0.012913625826079219,Measles,0.7707519614128497,0.6244963651315188,0.6161439774307985,0.3503862292206386,0.44890518675397606,0.24898744470383732,0.6496137707793614,1.5
4,0.87,0.01192216110798487,Measles,0.7707519614128497,0.607329423691441,0.6205899985506096,0.3864694664017621,0.4723576986126605,0.2823912261356361,0.613530533598238,1.5
4,0.88,0.01094229133357353,Measles,0.7707519614128497,0.5903441586941236,0.6252797329298455,0.4260155458047674,0.494895238104174,0.32024363796714983,0.5739844541952326,1.5
4,0.89,0.009973751430229803,Measles,0.7707519614128497,0.5736244782914404,0.6302097068063525,0.4691560146971109,0.5161572852147249,0.3629526290072843,0.5308439853028891,1.5
4,0.9,0.00901628527898065,Measles,0.7707519614128497,0.5572561471948754,0.6353738162495659,0.5159422636659685,0.5358039950783721,0.41087202318263594,0.4840577363340315,1.5
4,0.91,0.00806964531646629,Measles,0.7707519614128497,0.5413280649278265,0.6407632482429562,0.5663059287085307,0.5535353633171161,0.46424891625730325,0.4336940712914693,1.5
4,0.9199999999999999,0.007133592158764904,Measles,0.7707519614128497,0.5259346425797977,0.6463664720397242,0.6200057267736996,0.5691090025777147,0.5231476232479358,0.3799942732263004,1.5
4,0.9299999999999999,0.006207894245648183,Measles,0.7707519614128497,0.5111798491801403,0.652169306659458,0.676556619640854,0.5823549581383776,0.5873415918360638,0.323443380359146,1.5
4,0.94,0.005292327503942014,Measles,0.7707519614128497,0.4971839137732791,0.6581550667463242,0.7351360380321591,0.5931865535555602,0.6561618530122266,0.2648639619678409,1.5
4,0.95,0.00438667502878667,Measles,0.7707519614128497,0.4840944763586082,0.6643047849188233,0.7944604201604635,0.6016071771846405,0.7282868563154261,0.20553957983953652,1.5
4,0.96,0.0034907267816572654,Measles,0.7707519614128497,0.472105629158341,0.6705975045301205,0.8526234445957415,0.6077141895970016,0.8014536761067428,0.14737655540425854,1.5
4,0.97,0.0026042793041091156,Measles,0.7707519614128497,0.4614918680677864,0.6770106327852125,0.9068849639148951,0.6117028969472774,0.872064248643826,0.09311503608510485,1.5
4,0.98,0.0017271354462612047,Measles,0.7707519614128497,0.4526723547999982,0.6835203407789745,0.9533966450981561,0.6138764234561188,0.9346520883097693,0.04660335490184386,1.5
4,0.99,8.591041091364357e-4,Measles,0.7707519614128497,0.44634247330693644,0.6901019945276781,0.986846535431276,0.6146733204248762,0.9811643022888785,0.013153464568724016,1.5
5,0.5,0.05972654245721052,Measles,0.7707519614128497,0.9920616702441921,0.42316726145569383,0.014584752182691434,0.02874688329110796,0.008532367399960309,0.9854152478173086,1.5
5,0.51,0.058006725089938274,Measles,0.7707519614128497,0.9910393932146307,0.4233959415133053,0.015539844664695317,0.030599872613298565,0.009100492988716515,0.9844601553353047,1.5
5,0.52,0.0563210782569087,Measles,0.7707519614128497,0.9898927221235262,0.4236423405915909,0.016571917841093412,0.03259810670170002,0.009716140899571988,0.9834280821589065,1.5
5,0.53,0.05466828516270753,Measles,0.7707519614128497,0.9886078191921077,0.42390813855439147,0.01768884795502779,0.034755820965635544,0.010384478027117564,0.9823111520449722,1.5
5,0.54,0.05304710341949958,Measles,0.7707519614128497,0.9871695873621892,0.42419519118054305,0.018899451180630022,0.03708883328797583,0.011111343906004276,0.98110054881937,1.5
5,0.55,0.051456359554363,Measles,0.7707519614128497,0.9855616183438023,0.4245055488287308,0.02021360784263596,0.039614728100814074,0.011903350387814723,0.9797863921573641,1.5
5,0.56,0.049894944013747666,Measles,0.7707519614128497,0.9837661536231115,0.4248414768373009,0.021642404004633926,0.042353060119226085,0.012767997445580897,0.9783575959953661,1.5
5,0.5700000000000001,0.04836180661207107,Measles,0.7707519614128497,0.9817640625870652,0.4252054777340456,0.023198292878411013,0.04532557888866273,0.013713807854770749,0.976801707121589,1.5
5,0.58,0.046855952377915996,Measles,0.7707519614128497,0.9795348424627162,0.42560031530703957,0.024895278831441943,0.04855647498265382,0.014750483973297288,0.9751047211685581,1.5
5,0.59,0.04537643775690355,Measles,0.7707519614128497,0.9770566452640242,0.42602904055387747,0.026749127126615254,0.052072648181387016,0.015889090394128554,0.9732508728733847,1.5
5,0.6,0.04392236713512292,Measles,0.7707519614128497,0.9743063373434833,0.4264950194809215,0.028777602917058664,0.05590399720358774,0.01714226688257968,0.9712223970829413,1.5
5,0.61,0.04249288965122075,Measles,0.7707519614128497,0.9712595974067763,0.4270019626639012,0.031000743436315682,0.06008372947080531,0.018524476746524316,0.9689992565636844,1.5
5,0.62,0.04108719626885675,Measles,0.7707519614128497,0.9678910589035099,0.4275539564036994,0.03344116776434357,0.06464868785080424,0.020052296631433555,0.9665588322356564,1.5
5,0.63,0.039704517084457595,Measles,0.7707519614128497,0.9641745024871736,0.4281554952134583,0.03612442900245099,0.06963968922610546,0.021744754691509632,0.9638755709975491,1.5
5,0.64,0.038344118847929834,Measles,0.7707519614128497,0.9600831036705361,0.42881151525236016,0.039079414139489836,0.07510186690930559,0.023623725168704986,0.9609205858605102,1.5
5,0.65,0.037005302676457796,Measles,0.7707519614128497,0.9555897398194173,0.4295274281747363,0.04233879731286986,0.08108500519433305,0.025714388613153737,0.9576612026871302,1.5
5,0.66,0.03568740194363066,Measles,0.7707519614128497,0.9506673591688648,0.43030915468822695,0.045939552526037854,0.08764384948335117,0.02804576829346855,0.9540604474739621,1.5
5,0.67,0.0343897803280059,Measles,0.7707519614128497,0.9452894125717178,0.4311631569100034,0.04992353212837617,0.09483836923636337,0.030651354752477877,0.9500764678716238,1.5
5,0.6799999999999999,0.033111830006902085,Measles,0.7707519614128497,0.9394303461921141,0.4320964683753191,0.05433811742319505,0.10273394322977883,0.0335698319231761,0.945661882576805,1.5
5,0.69,0.031852969982631325,Measles,0.7707519614128497,0.9330661503692068,0.4331167202896342,0.05923694754698947,0.11140142709089881,0.03684591966309387,0.9407630524530105,1.5
5,0.7,0.030612644529708015,Measles,0.7707519614128497,0.9261749564872401,0.4342321623285482,0.0646807321240225,0.12091705169395632,0.04053134888458475,0.9353192678759775,1.5
5,0.71,0.02939032175269369,Measles,0.7707519614128497,0.9187376700450518,0.43545167598674583,0.0707381519634691,0.13136208783007686,0.044685986489236704,0.9292618480365309,1.5
5,0.72,0.028185492245353598,Measles,0.7707519614128497,0.9107386244347689,0.4367847781703509,0.0774868499867967,0.14282219796057197,0.049379127812328075,0.9225131500132033,1.5
5,0.73,0.026997667842712063,Measles,0.7707519614128497,0.9021662364895157,0.43824161243412985,0.0850145113237657,0.15538638065592378,0.054690973893989525,0.9149854886762343,1.5
5,0.74,0.025826380458401934,Measles,0.7707519614128497,0.8930136419651341,0.43983292500956983,0.09342002666099637,0.16914539901544146,0.060714309112186726,0.9065799733390036,1.5
5,0.75,0.024671181000392024,Measles,0.7707519614128497,0.883279287128919,0.44157002258213074,0.1028147258910996,0.18418957339233344,0.06755639082722312,0.8971852741089004,1.5
5,0.76,0.02353163835886135,Measles,0.7707519614128497,0.8729674518827771,0.44346470869238264,0.11332365913203375,0.20060581474517283,0.07534105570594346,0.8866763408679662,1.5
5,0.77,0.022407338460529152,Measles,0.7707519614128497,0.8620886806494429,0.44552919569848626,0.12508688826801118,0.21847378291942124,0.08421103594723889,0.8749131117319888,1.5
5,0.78,0.021297883384272513,Measles,0.7707519614128497,0.8506600998214296,0.44777598949188513,0.13826073299670202,0.23786108054210295,0.09433046084112355,0.861739267003298,1.5
5,0.79,0.0202028905333403,Measles,0.7707519614128497,0.8387056050222739,0.4502177446499699,0.1530188892474688,0.2588174454249742,0.10588749240702636,0.8469811107525312,1.5
5,0.8,0.019121991859864438,Measles,0.7707519614128497,0.8262559077356779,0.45286708847997137,0.16955330254299103,0.2813679898844013,0.11909700481629457,0.8304466974570089,1.5
5,0.81,0.018054833137763664,Measles,0.7707519614128497,0.81334843886623,0.45573641348748684,0.18807463153240897,0.30550565983332706,0.13420316125665616,0.811925368467591,1.5
5,0.8200000000000001,0.01700107328046007,Measles,0.7707519614128497,0.8000271162467726,0.458837639202595,0.20881207380309164,0.3311832507893325,0.15148166261253518,0.7911879261969084,1.5
5,0.8300000000000001,0.015960383700131864,Measles,0.7707519614128497,0.7863419937000986,0.4621819460014671,0.23201224237142767,0.35830551446022524,0.17124133150807916,0.7679877576285723,1.5
5,0.8400000000000001,0.01493244770552027,Measles,0.7707519614128497,0.7723488207491188,0.4657794855221983,0.2579366707666286,0.38672209816615544,0.19382454185968473,0.7420633292333714,1.5
5,0.8500000000000001,0.013916959935524815,Measles,0.7707519614128497,0.7581085543954897,0.469639074400939,0.2868573794000763,0.41622224453723733,0.21960579352642565,0.7131426205999237,1.5
5,0.86,0.012913625826079219,Measles,0.7707519614128497,0.7436868778934167,0.47376788021559,0.3190497457496458,0.4465322903728865,0.24898744470383732,0.6809502542503543,1.5
5,0.87,0.01192216110798487,Measles,0.7707519614128497,0.7291537971479596,0.4781711105480796,0.35478167273232564,0.4773169824580995,0.2823912261356361,0.6452183272676744,1.5
5,0.88,0.01094229133357353,Measles,0.7707519614128497,0.7145834054056851,0.48285171776060154,0.39429772681523173,0.508185420752953,0.32024363796714983,0.6057022731847683,1.5
5,0.89,0.009973751430229803,Measles,0.7707519614128497,0.7000539352847077,0.48781013321234856,0.437796498682012,0.5387020167277502,0.3629526290072843,0.562203501317988,1.5
5,0.9,0.00901628527898065,Measles,0.7707519614128497,0.6856482611502247,0.49304404501774024,0.4853988975993767,0.568402233192066,0.41087202318263594,0.5146011024006233,1.5
5,0.91,0.00806964531646629,Measles,0.7707519614128497,0.6714550874783192,0.4985482329020816,0.5371043917105359,0.5968121263887448,0.46424891625730325,0.4628956082894641,1.5
5,0.9199999999999999,0.007133592158764904,Measles,0.7707519614128497,0.6575711844624268,0.504314472150126,0.5927313068261398,0.6234699686088533,0.5231476232479358,0.40726869317386016,1.5
5,0.9299999999999999,0.006207894245648183,Measles,0.7707519614128497,0.6441052574769813,0.510331516066237,0.6518361408849324,0.6479476400525337,0.5873415918360638,0.34816385911506764,1.5
5,0.94,0.005292327503942014,Measles,0.7707519614128497,0.6311844564279644,0.5165851628781465,0.7136053706424017,0.6698691630561128,0.6561618530122266,0.2863946293575983,1.5
5,0.95,0.00438667502878667,Measles,0.7707519614128497,0.6189653449689985,0.5230584088363528,0.7767113337412701,0.6889237399520918,0.7282868563154261,0.2232886662587299,1.5
5,0.96,0.0034907267816572654,Measles,0.7707519614128497,0.6076528109073198,0.5297316846994689,0.8391213529137697,0.7048708244052658,0.8014536761067428,0.16087864708623034,1.5
5,0.97,0.0026042793041091156,Measles,0.7707519614128497,0.5975340057696424,0.5365831682266308,0.8978461911956264,0.7175347544108199,0.872064248643826,0.10215380880437364,1.5
5,0.98,0.0017271354462612047,Measles,0.7707519614128497,0.5890428492450492,0.5435891611162283,0.9486100140275217,0.7267855558710812,0.9346520883097693,0.05138998597247835,1.5
5,0.99,8.591041091364357e-4,Measles,0.7707519614128497,0.5828923920219802,0.5507245154011876,0.9854190685101976,0.7324989868952061,0.9811643022888785,0.01458093148980244,1.5
6,0.5,0.05972654245721052,Measles,0.7707519614128497,0.9970849578988366,0.3010315852659262,0.012127368494781413,0.023963275891116333,0.008532367399960309,0.9878726315052185,1.5
6,0.51,0.058006725089938274,Measles,0.7707519614128497,0.9966440963669777,0.30119845948289137,0.012929147192341459,0.02552713892233748,0.009100492988716515,0.9870708528076585,1.5
6,0.52,0.0563210782569087,Measles,0.7707519614128497,0.9961399950621612,0.3013786787466183,0.01379682142900062,0.02721668406526197,0.009716140899571988,0.9862031785709994,1.5
6,0.53,0.05466828516270753,Measles,0.7707519614128497,0.9955642593388965,0.30157356661629564,0.014737330752584196,0.02904471282481168,0.010384478027117564,0.9852626692474158,1.5
6,0.54,0.05304710341949958,Measles,0.7707519614128497,0.9949075336399034,0.3017845936521848,0.015758474410135538,0.031025531252534697,0.011111343906004276,0.9842415255898644,1.5
6,0.55,0.051456359554363,Measles,0.7707519614128497,0.9941594276771614,0.3020133942665828,0.016869030163134062,0.033175140110841946,0.011903350387814723,0.983130969836866,1.5
6,0.56,0.049894944013747666,Measles,0.7707519614128497,0.9933084457967145,0.3022617853478824,0.01807889061248814,0.035511448659771856,0.012767997445580897,0.9819211093875119,1.5
6,0.5700000000000001,0.04836180661207107,Measles,0.7707519614128497,0.9923419222479501,0.3025317867786528,0.01939921966920399,0.03805451441891539,0.013713807854770749,0.980600780330796,1.5
6,0.58,0.046855952377915996,Measles,0.7707519614128497,0.99124596563844,0.30282564395596234,0.020842632188135642,0.040826811237953536,0.014750483973297288,0.9791573678118644,1.5
6,0.59,0.04537643775690355,Measles,0.7707519614128497,0.990005416439222,0.3031458524014006,0.022423400209796173,0.043853527868080215,0.015889090394128554,0.9775765997902038,1.5
6,0.6,0.04392236713512292,Measles,0.7707519614128497,0.9886038219866352,0.30349518451726465,0.024157689730783433,0.0471628989093801,0.01714226688257968,0.9758423102692165,1.5
6,0.61,0.04249288965122075,Measles,0.7707519614128497,0.9870234339698998,0.3038767185016581,0.026063832446981385,0.050786569443761385,0.018524476746524316,0.9739361675530186,1.5
6,0.62,0.04108719626885675,Measles,0.7707519614128497,0.9852452338526851,0.3042938693759788,0.028162637483043294,0.05475999375516422,0.020052296631433555,0.9718373625169567,1.5
6,0.63,0.039704517084457595,Measles,0.7707519614128497,0.9832489919960119,0.30475042200028646,0.0304777487302961,0.05912286716615697,0.021744754691509632,0.9695222512697039,1.5
6,0.64,0.038344118847929834,Measles,0.7707519614128497,0.9810133663639083,0.30525056585202015,0.03303605405148064,0.0639195880278642,0.023623725168704986,0.9669639459485193,1.5
6,0.65,0.037005302676457796,Measles,0.7707519614128497,0.9785160465310676,0.3057989312180185,0.03586815325469217,0.06919974409413027,0.025714388613153737,0.9641318467453078,1.5
6,0.66,0.03568740194363066,Measles,0.7707519614128497,0.9757339482005598,0.3064006262955322,0.0390088923597778,0.07501861365411314,0.02804576829346855,0.9609911076402222,1.5
6,0.67,0.0343897803280059,Measles,0.7707519614128497,0.972643462511557,0.30706127451209886,0.04249797223194403,0.08143766660818522,0.030651354752477877,0.9575020277680559,1.5
6,0.6799999999999999,0.033111830006902085,Measles,0.7707519614128497,0.9692207630183652,0.30778705115483906,0.04638064007202764,0.08852504382743509,0.0335698319231761,0.9536193599279723,1.5
6,0.69,0.031852969982631325,Measles,0.7707519614128497,0.9654421713230146,0.30858471814656196,0.05070847243500339,0.09635598428805622,0.03684591966309387,0.9492915275649966,1.5
6,0.7,0.030612644529708015,Measles,0.7707519614128497,0.9612845799509901,0.3094616555207307,0.05554025826272761,0.1050131582706953,0.04053134888458475,0.9444597417372724,1.5
6,0.71,0.02939032175269369,Measles,0.7707519614128497,0.9567259282262381,0.3104258878347129,0.06094298967747281,0.11458685107169389,0.044685986489236704,0.9390570103225272,1.5
6,0.72,0.028185492245353598,Measles,0.7707519614128497,0.9517457237369299,0.3114861034295655,0.06699296673309423,0.1251749250423682,0.049379127812328075,0.9330070332669058,1.5
6,0.73,0.026997667842712063,Measles,0.7707519614128497,0.946325598657757,0.3126516641087378,0.07377701961272681,0.13688246849237384,0.054690973893989525,0.9262229803872732,1.5
6,0.74,0.025826380458401934,Measles,0.7707519614128497,0.9404498869376112,0.3139326024873107,0.08139384742565564,0.14982101868359166,0.060714309112186726,0.9186061525743443,1.5
6,0.75,0.024671181000392024,Measles,0.7707519614128497,0.934106205453875,0.31533960398425354,0.08995546616088637,0.16410722417309695,0.06755639082722312,0.9100445338391137,1.5
6,0.76,0.02353163835886135,Measles,0.7707519614128497,0.9272860199900339,0.3168839702262425,0.09958874865865924,0.17986079159584278,0.07534105570594346,0.9004112513413407,1.5
6,0.77,0.022407338460529152,Measles,0.7707519614128497,0.9199851756319984,0.3185775605433744,0.11043702554665932,0.19720154753576213,0.08421103594723889,0.8895629744533406,1.5
6,0.78,0.021297883384272513,Measles,0.7707519614128497,0.9122043711979005,0.3204327083103884,0.12266169647565686,0.21624544315224403,0.09433046084112355,0.8773383035243432,1.5
6,0.79,0.0202028905333403,Measles,0.7707519614128497,0.903949558856439,0.32246210917072726,0.13644377373270178,0.23709934543206224,0.10588749240702636,0.8635562262672982,1.5
6,0.8,0.019121991859864438,Measles,0.7707519614128497,0.895232253307121,0.3246786787227567,0.15198524285280274,0.25985450382079206,0.11909700481629457,0.8480147571471972,1.5
6,0.81,0.018054833137763664,Measles,0.7707519614128497,0.8860697398501459,0.3270953780886763,0.16951007384775327,0.28457866489524114,0.13420316125665616,0.8304899261522467,1.5
6,0.8200000000000001,0.01700107328046007,Measles,0.7707519614128497,0.8764851773276253,0.32972500695430207,0.189264647762831,0.3113069398668222,0.15148166261253518,0.810735352237169,1.5
6,0.8300000000000001,0.015960383700131864,Measles,0.7707519614128497,0.8665076001716323,0.33257996516691235,0.2115172707874548,0.3400317147448198,0.17124133150807916,0.7884827292125451,1.5
6,0.8400000000000001,0.01493244770552027,Measles,0.7707519614128497,0.856171833552251,0.33567198578288293,0.2365563247292676,0.37069212639372723,0.19382454185968473,0.7634436752707324,1.5
6,0.8500000000000001,0.013916959935524815,Measles,0.7707519614128497,0.8455183468955633,0.3390118445033883,0.26468643880227144,0.4031638902386812,0.21960579352642565,0.7353135611977286,1.5
6,0.86,0.012913625826079219,Measles,0.7707519614128497,0.8345930841359043,0.3426090526180703,0.2962218511020532,0.4372505183576934,0.24898744470383732,0.7037781488979469,1.5
6,0.87,0.01192216110798487,Measles,0.7707519614128497,0.823447324811249,0.34647154274420067,0.3314758430507323,0.4726771508185696,0.2823912261356361,0.6685241569492677,1.5
6,0.88,0.01094229133357353,Measles,0.7707519614128497,0.8121376502852022,0.3506053586158231,0.3707447562004104,0.5090882635590602,0.32024363796714983,0.6292552437995895,1.5
6,0.89,0.009973751430229803,Measles,0.7707519614128497,0.8007261173941008,0.35501436173405754,0.4142846120944194,0.5460503366552696,0.3629526290072843,0.5857153879055805,1.5
6,0.9,0.00901628527898065,Measles,0.7707519614128497,0.7892807839655123,0.35969996862291875,0.4622777191592705,0.5830601121351495,0.41087202318263594,0.5377222808407295,1.5
6,0.91,0.00806964531646629,Measles,0.7707519614128497,0.7778767984908308,0.36466093255582177,0.5147858234348927,0.6195583309207957,0.46424891625730325,0.48521417656510735,1.5
6,0.9199999999999999,0.007133592158764904,Measles,0.7707519614128497,0.7665983813967682,0.3698931827886144,0.5716852883409507,0.6549478658682397,0.5231476232479358,0.42831471165904933,1.5
6,0.9299999999999999,0.006207894245648183,Measles,0.7707519614128497,0.7555422297121628,0.37538973249890795,0.632578404010823,0.6886140674276244,0.5873415918360638,0.367421595989177,1.5
6,0.94,0.005292327503942014,Measles,0.7707519614128497,0.7448232550708455,0.3811406638308694,0.6966731419700667,0.7199440225973053,0.6561618530122266,0.3033268580299333,1.5
6,0.95,0.00438667502878667,Measles,0.7707519614128497,0.7345842969382039,0.3871331948303771,0.7626213759284205,0.7483403214654125,0.7282868563154261,0.2373786240715795,1.5
6,0.96,0.0034907267816572654,Measles,0.7707519614128497,0.7250129454250813,0.3933518288799528,0.8283026450062982,0.7732236051176509,0.8014536761067428,0.17169735499370176,1.5
6,0.97,0.0026042793041091156,Measles,0.7707519614128497,0.7163718471374008,0.3997785828363868,0.8905367662886927,0.7940158673364907,0.872064248643826,0.10946323371130728,1.5
6,0.98,0.0017271354462612047,Measles,0.7707519614128497,0.7090564540107418,0.40639328580868406,0.9447037882202067,0.8100912103949224,0.9346520883097693,0.05529621177979327,1.5
6,0.99,8.591041091364357e-4,Measles,0.7707519614128497,0.7037137150846341,0.41317393675809666,0.9842436373493214,0.8206673534598138,0.9811643022888785,0.01575636265067859,1.5
7,0.5,0.05972654245721052,Measles,0.7707519614128497,0.9989612214636593,0.20214528354486871,0.010660101595689062,0.02109509351226384,0.008532367399960309,0.9893398984043109,1.5
7,0.51,0.058006725089938274,Measles,0.7707519614128497,0.9987810020504252,0.20225893146300478,0.01136785063575117,0.022479841894474672,0.009100492988716515,0.9886321493642488,1.5
7,0.52,0.0563210782569087,Measles,0.7707519614128497,0.9985710557511381,0.20238185576003576,0.012134333977804744,0.02397730300874916,0.009716140899571988,0.9878656660221953,1.5
7,0.53,0.05466828516270753,Measles,0.7707519614128497,0.9983268104515333,0.2025150063915474,0.012965837443905228,0.025599203489008873,0.010384478027117564,0.9870341625560948,1.5
7,0.54,0.05304710341949958,Measles,0.7707519614128497,0.9980430700704057,0.2026594436099156,0.013869443616381052,0.02735869336495998,0.011111343906004276,0.9861305563836189,1.5
7,0.55,0.051456359554363,Measles,0.7707519614128497,0.9977139490989119,0.20281635138767984,0.014853145253036595,0.029270534840817236,0.011903350387814723,0.9851468547469634,1.5
7,0.56,0.049894944013747666,Measles,0.7707519614128497,0.9973328052786313,0.20298705238860848,0.015925976037402187,0.03135131646735474,0.012767997445580897,0.9840740239625978,1.5
7,0.5700000000000001,0.04836180661207107,Measles,0.7707519614128497,0.9968921718183272,0.2031730246199961,0.017098161394971136,0.03361969574821881,0.013713807854770749,0.9829018386050289,1.5
7,0.58,0.046855952377915996,Measles,0.7707519614128497,0.9963836909807747,0.20337591989636938,0.018381292526848197,0.036096673398389394,0.014750483973297288,0.9816187074731518,1.5
7,0.59,0.04537643775690355,Measles,0.7707519614128497,0.9957980513543725,0.2035975842356994,0.019788527289502127,0.03880590257577423,0.015889090394128554,0.9802114727104979,1.5
7,0.6,0.04392236713512292,Measles,0.7707519614128497,0.9951249316489004,0.20384008029261103,0.021334822087693724,0.041774036391920795,0.01714226688257968,0.9786651779123062,1.5
7,0.61,0.04249288965122075,Measles,0.7707519614128497,0.994352954402851,0.2041057119068136,0.02303719955003815,0.045031116813440665,0.018524476746524316,0.9769628004499619,1.5
7,0.62,0.04108719626885675,Measles,0.7707519614128497,0.993469653534991,0.2043970508065548,0.024915057424057772,0.048611007609438504,0.020052296631433555,0.9750849425759422,1.5
7,0.63,0.039704517084457595,Measles,0.7707519614128497,0.9924614601794965,0.20471696545346085,0.026990524857380082,0.05255187317134405,0.021744754691509632,0.9730094751426199,1.5
7,0.64,0.038344118847929834,Measles,0.7707519614128497,0.991313711666631,0.20506865194352075,0.0292888730165727,0.0568967036853109,0.023623725168704986,0.9707111269834273,1.5
7,0.65,0.037005302676457796,Measles,0.7707519614128497,0.9900106887946282,0.20545566678580607,0.03183898781981593,0.06169388508582554,0.025714388613153737,0.968161012180184,1.5
7,0.66,0.03568740194363066,Measles,0.7707519614128497,0.9885356866212186,0.20588196126231684,0.03467391339856984,0.06699780922430168,0.02804576829346855,0.9653260866014302,1.5
7,0.67,0.0343897803280059,Measles,0.7707519614128497,0.9868711238190321,0.20635191692583743,0.03783147571555833,0.07286951545180537,0.030651354752477877,0.9621685242844417,1.5
7,0.6799999999999999,0.033111830006902085,Measles,0.7707519614128497,0.9849986951239194,0.20687038161499416,0.04135499648949072,0.07937734898184758,0.0335698319231761,0.9586450035105093,1.5
7,0.69,0.031852969982631325,Measles,0.7707519614128497,0.9828995705037619,0.20744270515502838,0.045294108119575544,0.08659761354823656,0.03684591966309387,0.9547058918804244,1.5
7,0.7,0.030612644529708015,Measles,0.7707519614128497,0.9805546433509839,0.20807477366873617,0.049705680532870236,0.09461518553619674,0.04053134888458475,0.9502943194671297,1.5
7,0.71,0.02939032175269369,Measles,0.7707519614128497,0.9779448282459541,0.208773041146588,0.05465487060879927,0.10352404345964332,0.044685986489236704,0.9453451293912007,1.5
7,0.72,0.028185492245353598,Measles,0.7707519614128497,0.9750514066807984,0.20954455662324434,0.06021630380709806,0.11342764994488004,0.049379127812328075,0.9397836961929019,1.5
7,0.73,0.026997667842712063,Measles,0.7707519614128497,0.971856416650557,0.21039698498876092,0.0664753954787569,0.12443910297408377,0.054690973893989525,0.9335246045212431,1.5
7,0.74,0.025826380458401934,Measles,0.7707519614128497,0.9683430793398778,0.21133861914098384,0.07352981558244788,0.13668094907048944,0.060714309112186726,0.9264701844175521,1.5
7,0.75,0.024671181000392024,Measles,0.7707519614128497,0.9644962534394643,0.2123783808812031,0.08149109449380816,0.15028452396342634,0.06755639082722312,0.9185089055061918,1.5
7,0.76,0.02353163835886135,Measles,0.7707519614128497,0.9603029051441256,0.21352580769491236,0.09048635838052378,0.16538865754539778,0.07534105570594346,0.9095136416194762,1.5
7,0.77,0.022407338460529152,Measles,0.7707519614128497,0.95575257987195394,0.21479102237718817,0.10066016901513335,0.18213755244417906,0.08421103594723889,0.8993398309848667,1.5
7,0.78,0.021297883384272513,Measles,0.7707519614128497,0.9508378604733255,0.21618468239747268,0.11217642329697074,0.20067762390724367,0.09433046084112355,0.8878235767030292,1.5
7,0.79,0.0202028905333403,Measles,0.7707519614128497,0.945554796428088,0.2177179059957981,0.12522024001391685,0.22115307982611598,0.10588749240702636,0.8747797599860831,1.5
7,0.8,0.019121991859864438,Measles,0.7707519614128497,0.9399032894825798,0.21940217230771486,0.1399997226616793,0.24370003301515614,0.11909700481629457,0.8600002773383207,1.5
7,0.81,0.018054833137763664,Measles,0.7707519614128497,0.9338874235227193,0.22124919337147808,0.15674743372101008,0.26843898496231366,0.13420316125665616,0.8432525662789899,1.5
7,0.8200000000000001,0.01700107328046007,Measles,0.7707519614128497,0.927515730320136,0.22327075671287855,0.17572134277243842,0.29546561396371224,0.15148166261253518,0.8242786572275616,1.5
7,0.8300000000000001,0.015960383700131864,Measles,0.7707519614128497,0.9208013881782119,0.2254785383490454,0.1972049117919214,0.32483995222283457,0.17124133150807916,0.8027950882080785,1.5
7,0.8400000000000001,0.01493244770552027,Measles,0.7707519614128497,0.9137623574840628,0.22788388749726451,0.22150584755355424,0.356574251897303,0.19382454185968473,0.7784941524464457,1.5
7,0.8500000000000001,0.013916959935524815,Measles,0.7707519614128497,0.9064214658412316,0.23049758598218006,0.24895287238845254,0.39062011341101227,0.21960579352642565,0.7510471276115475,1.5
7,0.86,0.012913625826079219,Measles,0.7707519614128497,0.8988064661048328,0.2333295872309371,0.2798896264948795,0.4268557564052208,0.24898744470383732,0.7201103735051205,1.5
7,0.87,0.01192216110798487,Measles,0.7707519614128497,0.8909501039420489,0.2363887417183509,0.31466449930741675,0.4650746061124238,0.2823912261356361,0.6853355006925832,1.5
7,0.88,0.01094229133357353,Measles,0.7707519614128497,0.8828902488950435,0.23968251762307413,0.35361477054662205,0.5049765716629986,0.32024363796714983,0.646385229453378,1.5
7,0.89,0.009973751430229803,Measles,0.7707519614128497,0.8746701670149096,0.24321672710333386,0.3970428931568308,0.5461634146033996,0.3629526290072843,0.6029571068431692,1.5
7,0.9,0.00901628527898065,Measles,0.7707519614128497,0.8663390489626311,0.24699526980618214,0.4451820314427325,0.5881393497939718,0.41087202318263594,0.5548179685572675,1.5
7,0.91,0.00806964531646629,Measles,0.7707519614128497,0.857952964300349,0.2510199058058774,0.49814702843314335,0.6303174131579216,0.46424891625730325,0.5018529715668567,1.5
7,0.9199999999999999,0.007133592158764904,Measles,0.7707519614128497,0.8495765079848562,0.2552900699759587,0.5558657530231342,0.6720311441653483,0.5231476232479358,0.44413424697686577,1.5
7,0.9299999999999999,0.006207894245648183,Measles,0.7707519614128497,0.8412855727477826,0.25980273874695015,0.6179841883914861,0.7125497913067316,0.5873415918360638,0.38201581160851394,1.5
7,0.94,0.005292327503942014,Measles,0.7707519614128497,0.8331719898014937,0.26455235827761137,0.6837365649527605,0.7510936009112543,0.6561618530122266,0.3162634350472395,1.5
7,0.95,0.00438667502878667,Measles,0.7707519614128497,0.8253513764503072,0.2695308403549631,0.7517691820758479,0.7868437524891129,0.7282868563154261,0.24823081792415214,1.5
7,0.96,0.0034907267816572654,Measles,0.7707519614128497,0.817976743392081,0.2747276290121664,0.8199031361453955,0.818938806905124,0.8014536761067428,0.18009686385460455,1.5
7,0.97,0.0026042793041091156,Measles,0.7707519614128497,0.8112630485444573,0.2801298371667428,0.8848167671680253,0.8464450095875291,0.872064248643826,0.11518323283197474,1.5
7,0.98,0.0017271354462612047,Measles,0.7707519614128497,0.8055340528563572,0.2857224488393568,0.9416229854832108,0.8682784238786596,0.9346520883097693,0.05837701451678923,1.5
7,0.99,8.591041091364357e-4,Measles,0.7707519614128497,0.8013187212968224,0.29148857903504877,0.9833094082848254,0.8830346497683426,0.9811643022888785,0.01669059171517462,1.5
8,0.5,0.05972654245721052,Measles,0.7707519614128497,0.999639737463367,0.1283456142782624,0.009772934578528217,0.0193566299035349,0.008532367399960309,0.9902270654214718,1.5
8,0.51,0.058006725089938274,Measles,0.7707519614128497,0.999569303326089,0.1284183469493635,0.01042292858202229,0.020630731865465417,0.009100492988716515,0.9895770714179777,1.5
8,0.52,0.0563210782569087,Measles,0.7707519614128497,0.9994857561081003,0.12849709565585732,0.011127109079535943,0.022009193460232522,0.009716140899571988,0.988872890920464,1.5
8,0.53,0.05466828516270753,Measles,0.7707519614128497,0.9993868079684427,0.12858249060456683,0.01189132410419939,0.023502994996356497,0.010384478027117564,0.9881086758958006,1.5
8,0.54,0.05304710341949958,Measles,0.7707519614128497,0.9992698107423473,0.12867523766936262,0.01272217275734623,0.025124474048699146,0.011111343906004276,0.9872778272426538,1.5
8,0.55,0.051456359554363,Measles,0.7707519614128497,0.9991317093614792,0.1287761280413433,0.013627114095005352,0.02688751059791012,0.011903350387814723,0.9863728859049946,1.5
8,0.56,0.049894944013747666,Measles,0.7707519614128497,0.9989689919566219,0.12888604907265622,0.014614593062198153,0.02880773823686034,0.012767997445580897,0.9853854069378019,1.5
8,0.5700000000000001,0.04836180661207107,Measles,0.7707519614128497,0.9987776371765833,0.12900599643370558,0.015694186245625404,0.03090278486579761,0.013713807854770749,0.9843058137543746,1.5
8,0.58,0.046855952377915996,Measles,0.7707519614128497,0.9985530595296533,0.12913708770573318,0.016876770660462937,0.033192546598380564,0.014750483973297288,0.9831232293395371,1.5
8,0.59,0.04537643775690355,Measles,0.7707519614128497,0.9982900538777243,0.12928057752945443,0.018174719296695903,0.0356994988606412,0.015889090394128554,0.9818252807033041,1.5
8,0.6,0.04392236713512292,Measles,0.7707519614128497,0.997982740586889,0.12943787442425314,0.019602127730981616,0.038449048847665014,0.01714226688257968,0.9803978722690184,1.5
8,0.61,0.04249288965122075,Measles,0.7707519614128497,0.9976245132561438,0.12961055937977606,0.021175076766698973,0.04146993355595264,0.018524476746524316,0.9788249232333011,1.5
8,0.62,0.04108719626885675,Measles,0.7707519614128497,0.9972079913964444,0.12980040630069578,0.022911936801415653,0.04479466746053105,0.020052296631433555,0.9770880631985843,1.5
8,0.63,0.039704517084457595,Measles,0.7707519614128497,0.996724980897624,0.13000940435365826,0.024833720438181335,0.04846004345515659,0.021744754691509632,0.9751662795618187,1.5
8,0.64,0.038344118847929834,Measles,0.7707519614128497,0.9961664455746326,0.13023978222043286,0.026964490751299627,0.05250768978780099,0.023623725168704986,0.9730355092487004,1.5
8,0.65,0.037005302676457796,Measles,0.7707519614128497,0.9955224934927313,0.13049403420016492,0.029331833577755213,0.05698468422436074,0.025714388613153737,0.9706681664222447,1.5
8,0.66,0.03568740194363066,Measles,0.7707519614128497,0.9947823820912802,0.13077494802333067,0.031967403211530784,0.06194422433048837,0.02804576829346855,0.9680325967884692,1.5
8,0.67,0.0343897803280059,Measles,0.7707519614128497,0.9939345463081152,0.13108563413744534,0.034907551893906257,0.06744634927950603,0.030651354752477877,0.9650924481060937,1.5
8,0.6799999999999999,0.033111830006902085,Measles,0.7707519614128497,0.9929666538977753,0.13142955609678708,0.03819405446173272,0.07355870360497417,0.0335698319231761,0.9618059455382673,1.5
8,0.69,0.031852969982631325,Measles,0.7707519614128497,0.9918656918834804,0.1318105615330062,0.041874940351601456,0.08035732637231843,0.03684591966309387,0.9581250596483986,1.5
8,0.7,0.030612644529708015,Measles,0.7707519614128497,0.9906180875374321,0.13223291299895013,0.04600544573333925,0.0879274398196853,0.04053134888458475,0.9539945542666608,1.5
8,0.71,0.02939032175269369,Measles,0.7707519614128497,0.9892098664124582,0.13270131776440353,0.05064909867843926,0.09636419903006879,0.044685986489236704,0.9493509013215607,1.5
8,0.72,0.028185492245353598,Measles,0.7707519614128497,0.9876268487376523,0.13322095540183276,0.05587894969757638,0.10577334804146306,0.049379127812328075,0.9441210503024237,1.5
8,0.73,0.026997667842712063,Measles,0.7707519614128497,0.9858548839585212,0.13379750173786453,0.061778958342611164,0.1162717074396049,0.054690973893989525,0.9382210416573888,1.5
8,0.74,0.025826380458401934,Measles,0.7707519614128497,0.983880121401896,0.13443714747105162,0.06844554335882651,0.12798739356910616,0.060714309112186726,0.9315544566411735,1.5
8,0.75,0.024671181000392024,Measles,0.7707519614128497,0.9816893130721573,0.13514660948212587,0.07598929840185047,0.14105964012070973,0.06755639082722312,0.9240107015981496,1.5
8,0.76,0.02353163835886135,Measles,0.7707519614128497,0.9792701425742862,0.13593313260843842,0.08453686665978588,0.15563805981371698,0.07534105570594346,0.9154631333402141,1.5
8,0.77,0.022407338460529152,Measles,0.7707519614128497,0.9766115722833384,0.13680447944443086,0.09423295457339195,0.17188114916543323,0.08421103594723889,0.905767045426608,1.5
8,0.78,0.021297883384272513,Measles,0.7707519614128497,0.9737041993387583,0.13776890559520094,0.10524244551494628,0.18995380658601213,0.09433046084112355,0.8947575544850537,1.5
8,0.79,0.0202028905333403,Measles,0.7707519614128497,0.9705406100469507,0.1388351177857925,0.11775254648287838,0.21002360919457327,0.10588749240702636,0.8822474535171216,1.5
8,0.8,0.019121991859864438,Measles,0.7707519614128497,0.9671157220337672,0.14001221235301164,0.13197486154985674,0.23225558552587686,0.11909700481629457,0.8680251384501433,1.5
8,0.81,0.018054833137763664,Measles,0.7707519614128497,0.9634271041862169,0.1413095919574473,0.14814723093033613,0.25680524132190363,0.13420316125665616,0.8518527690696639,1.5
8,0.8200000000000001,0.01700107328046007,Measles,0.7707519614128497,0.9594752662152178,0.14273685888468313,0.16653509878121095,0.28380965789384494,0.15148166261253518,0.833464901218789,1.5
8,0.8300000000000001,0.015960383700131864,Measles,0.7707519614128497,0.9552639126835577,0.14430368408029048,0.18743206920583252,0.31337660170274445,0.17124133150807916,0.8125679307941674,1.5
8,0.8400000000000001,0.01493244770552027,Measles,0.7707519614128497,0.9508001606899189,0.14601965209049372,0.21115916920528818,0.34557177148299073,0.19382454185968473,0.7888408307947118,1.5
8,0.8500000000000001,0.013916959935524815,Measles,0.7707519614128497,0.946094726229365,0.14789408334445175,0.23806214750190308,0.3804045684533198,0.21960579352642565,0.7619378524980969,1.5
8,0.86,0.012913625826079219,Measles,0.7707519614128497,0.941162091831937,0.14993583667119792,0.2685058835952028,0.4178130928603137,0.24898744470383732,0.7314941164047972,1.5
8,0.87,0.01192216110798487,Measles,0.7707519614128497,0.9360206779452593,0.15215309651950026,0.30286464177119926,0.45764940919827396,0.2823912261356361,0.6971353582288007,1.5
8,0.88,0.01094229133357353,Measles,0.7707519614128497,0.9306930537144731,0.15455315093533717,0.34150645372658095,0.4996664161917523,0.32024363796714983,0.658493546273419,1.5
8,0.89,0.009973751430229803,Measles,0.7707519614128497,0.925206241292711,0.15714216781594315,0.3847693169546511,0.5435078101467217,0.3629526290072843,0.6152306830453489,1.5
8,0.9,0.00901628527898065,Measles,0.7707519614128497,0.9195921952563765,0.15992497815107298,0.4329261101943828,0.588702526912972,0.41087202318263594,0.5670738898056171,1.5
8,0.91,0.00806964531646629,Measles,0.7707519614128497,0.9138885819308276,0.16290487573014922,0.48613409566765897,0.6346645756910451,0.46424891625730325,0.513865904332341,1.5
8,0.9199999999999999,0.007133592158764904,Measles,0.7707519614128497,0.9081400553798414,0.16608344300409095,0.5443635281668264,0.6806982512347162,0.5231476232479358,0.4556364718331736,1.5
8,0.9299999999999999,0.006207894245648183,Measles,0.7707519614128497,0.902400352663727,0.16946041234784182,0.607298130729268,0.7260072834019732,0.5873415918360638,0.39270186927073203,1.5
8,0.94,0.005292327503942014,Measles,0.7707519614128497,0.8967357618219169,0.1730335708349382,0.6741979074348601,0.7697045215516611,0.6561618530122266,0.3258020925651399,1.5
8,0.95,0.00438667502878667,Measles,0.7707519614128497,0.8912309607952278,0.17679871483973486,0.7437117951890126,0.8108161283995884,0.7282868563154261,0.25628820481098735,1.5
8,0.96,0.0034907267816572654,Measles,0.7707519614128497,0.8859991304140903,0.18074965843079793,0.8136238167636938,0.8482704888561632,0.8014536761067428,0.18637618323630623,1.5
8,0.97,0.0026042793041091156,Measles,0.7707519614128497,0.881200206764283,0.18487829678190149,0.8805114439909418,0.8808556907374862,0.872064248643826,0.11948855600905817,1.5
8,0.98,0.0017271354462612047,Measles,0.7707519614128497,0.8770757326875063,0.18917472292640847,0.9392885053735467,0.9071166859515818,0.9346520883097693,0.06071149462645331,1.5
8,0.99,8.591041091364357e-4,Measles,0.7707519614128497,0.8740206009359678,0.19362739336185641,0.9825967880295481,0.9251338916198082,0.9811643022888785,0.017403211970451915,1.5
9,0.5,0.05972654245721052,Measles,0.7707519614128497,0.9998781368925805,0.0771902096700745,0.009238363948000016,0.018307575239464115,0.008532367399960309,0.990761636052,1.5
9,0.51,0.058006725089938274,Measles,0.7707519614128497,0.9998516602918924,0.0772341531268409,0.009853237224663611,0.019514168194213897,0.009100492988716515,0.9901467627753364,1.5
9,0.52,0.0563210782569087,Measles,0.7707519614128497,0.9998196999755121,0.07728176289914768,0.010519471980418948,0.020819890213703462,0.009716140899571988,0.9894805280195811,1.5
9,0.53,0.05466828516270753,Measles,0.7707519614128497,0.9997811879260017,0.07733342927013742,0.011242634187944047,0.022235231095421953,0.010384478027117564,0.988757365812056,1.5
9,0.54,0.05304710341949958,Measles,0.7707519614128497,0.9997348662666748,0.07738959058594774,0.012029009714444204,0.023771990093101193,0.011111343906004276,0.9879709902855558,1.5
9,0.55,0.051456359554363,Measles,0.7707519614128497,0.9996792585149562,0.07745073961545235,0.012885709804713081,0.0254434574097328,0.011903350387814723,0.987114290195287,1.5
9,0.56,0.049894944013747666,Measles,0.7707519614128497,0.9996126378769784,0.07751743074139128,0.013820793327369114,0.02726462192806475,0.012767997445580897,0.9861792066726309,1.5
9,0.5700000000000001,0.04836180661207107,Measles,0.7707519614128497,0.9995329926812846,0.07759028807572554,0.014843408564406933,0.02925240880161039,0.013713807854770749,0.9851565914355931,1.5
9,0.58,0.046855952377915996,Measles,0.7707519614128497,0.9994379891961557,0.07767001459645018,0.015963957783745934,0.03142595090437652,0.014750483973297288,0.9840360422162541,1.5
9,0.59,0.04537643775690355,Measles,0.7707519614128497,0.9993249322598632,0.07775740240558415,0.017194288363846268,0.03380689849408727,0.015889090394128554,0.9828057116361537,1.5
9,0.6,0.04392236713512292,Measles,0.7707519614128497,0.9991907243786462,0.07785334420772172,0.018547914846424547,0.03641977175048353,0.01714226688257968,0.9814520851535754,1.5
9,0.61,0.04249288965122075,Measles,0.7707519614128497,0.9990318242136413,0.07795884610429837,0.02004027698488071,0.03929236106141194,0.018524476746524316,0.9799597230151192,1.5
9,0.62,0.04108719626885675,Measles,0.7707519614128497,0.9988442056826085,0.07807504178926705,0.021689039638199455,0.04245617997995902,0.020052296631433555,0.9783109603618005,1.5
9,0.63,0.039704517084457595,Measles,0.7707519614128497,0.9986233192381405,0.07820320821557614,0.023514441236120096,0.04594697557469952,0.021744754691509632,0.9764855587638799,1.5
9,0.64,0.038344118847929834,Measles,0.7707519614128497,0.9983640572391211,0.07834478277684154,0.025539698510805404,0.04980530031797073,0.023623725168704986,0.9744603014891946,1.5
9,0.65,0.037005302676457796,Measles,0.7707519614128497,0.9980607256883146,0.07850138201276191,0.027791476245900653,0.05407714853588993,0.025714388613153737,0.9722085237540994,1.5
9,0.66,0.03568740194363066,Measles,0.7707519614128497,0.9977070249417748,0.07867482179777929,0.03030043191912694,0.058814658556651786,0.02804576829346855,0.9696995680808731,1.5
9,0.67,0.0343897803280059,Measles,0.7707519614128497,0.997296042274121,0.07886713890777808,0.03310184627828485,0.06407687875152476,0.030651354752477877,0.9668981537217152,1.5
9,0.6799999999999999,0.033111830006902085,Measles,0.7707519614128497,0.9968202593713802,0.0790806137766975,0.036236352041019694,0.06993059129802562,0.0335698319231761,0.9637636479589803,1.5
9,0.69,0.031852969982631325,Measles,0.7707519614128497,0.9962715778800001,0.07931779415155293,0.03975077396511554,0.07645118125037793,0.03684591966309387,0.9602492260348845,1.5
9,0.7,0.030612644529708015,Measles,0.7707519614128497,0.9956413660267144,0.07958151922868617,0.043699094376083644,0.08372352982750697,0.04053134888458475,0.9563009056239163,1.5
9,0.71,0.02939032175269369,Measles,0.7707519614128497,0.994920529003101,0.0798749437051931,0.04814355868380393,0.09184289908782635,0.044685986489236704,0.9518564413161961,1.5
9,0.72,0.028185492245353598,Measles,0.7707519614128497,0.9940996052546303,0.08020156100777087,0.05315593521240852,0.10091575965887035,0.049379127812328075,0.9468440647875915,1.5
9,0.73,0.026997667842712063,Measles,0.7707519614128497,0.9931688900162886,0.08056522476911987,0.058818942443580095,0.1110604932416857,0.054690973893989525,0.9411810575564199,1.5
9,0.74,0.025826380458401934,Measles,0.7707519614128497,0.9921185864068922,0.08097016741442653,0.06522785402419255,0.12240787665101129,0.060714309112186726,0.9347721459758075,1.5
9,0.75,0.024671181000392024,Measles,0.7707519614128497,0.9909389831703899,0.08142101450554684,0.07249228691109433,0.13510122393499235,0.06755639082722312,0.9275077130889057,1.5
9,0.76,0.02353163835886135,Measles,0.7707519614128497,0.9896206568032966,0.08192279328044927,0.08073816985311551,0.14929602800348454,0.07534105570594346,0.9192618301468845,1.5
9,0.77,0.022407338460529152,Measles,0.7707519614128497,0.9881546944313773,0.08248093363669029,0.09010987672976904,0.16515890457064203,0.08421103594723889,0.909890123270231,1.5
9,0.78,0.021297883384272513,Measles,0.7707519614128497,0.9865329325211619,0.08310125966115134,0.10077249029942159,0.18286560203968244,0.09433046084112355,0.8992275097005784,1.5
9,0.79,0.0202028905333403,Measles,0.7707519614128497,0.984748205477564,0.0837899697290796,0.1129141342666987,0.20259780638568722,0.10588749240702636,0.8870858657333013,1.5
9,0.8,0.019121991859864438,Measles,0.7707519614128497,0.9827945975426724,0.08455360321193472,0.12674827206091377,0.22453844811573606,0.11909700481629457,0.8732517279390862,1.5
9,0.81,0.018054833137763664,Measles,0.7707519614128497,0.980667691326605,0.08539899197512957,0.14251581506343944,0.248865220225658,0.13420316125665616,0.8574841849365605,1.5
9,0.8200000000000001,0.01700107328046007,Measles,0.7707519614128497,0.9783648069142282,0.08633319514138849,0.16048680558207679,0.2757420560022244,0.15148166261253518,0.8395131944179233,1.5
9,0.8300000000000001,0.015960383700131864,Measles,0.7707519614128497,0.9758852269343713,0.08736341606570686,0.18096133317994526,0.30530840957716354,0.17124133150807916,0.8190386668200548,1.5
9,0.8400000000000001,0.01493244770552027,Measles,0.7707519614128497,0.9732304053806669,0.08849690112622521,0.20426919719893047,0.33766634512857047,0.19382454185968473,0.7957308028010696,1.5
9,0.8500000000000001,0.013916959935524815,Measles,0.7707519614128497,0.9704041614869204,0.08974082077955692,0.23076763058671987,0.37286568088855077,0.21960579352642565,0.7692323694132801,1.5
9,0.86,0.012913625826079219,Measles,0.7707519614128497,0.9674128648118665,0.09110213433728986,0.2608361335868883,0.4108877460005395,0.24898744470383732,0.7391638664131117,1.5
9,0.87,0.01192216110798487,Measles,0.7707519614128497,0.9642656242736208,0.09258744104805072,0.29486710851958753,0.45162866323656137,0.2823912261356361,0.7051328914804125,1.5
9,0.88,0.01094229133357353,Measles,0.7707519614128497,0.9609745029228759,0.09420282124810087,0.33325051021215507,0.49488340922137336,0.32024363796714983,0.666749489787845,1.5
9,0.89,0.009973751430229803,Measles,0.7707519614128497,0.9575547931082918,0.09595367248268549,0.3763500936326982,0.5403321325633922,0.3629526290072843,0.6236499063673018,1.5
9,0.9,0.00901628527898065,Measles,0.7707519614128497,0.9540254058736288,0.09784454649394747,0.4244680030991914,0.5875302069653338,0.41087202318263594,0.5755319969008086,1.5
9,0.91,0.00806964531646629,Measles,0.7707519614128497,0.9504094586022656,0.09987899370723896,0.477793344419063,0.6359031264081703,0.46424891625730325,0.522206655580937,1.5
9,0.9199999999999999,0.007133592158764904,Measles,0.7707519614128497,0.9467351949466987,0.10205942222072517,0.5363289331447361,0.6847464886495208,0.5231476232479358,0.46367106685526394,1.5
9,0.9299999999999999,0.006207894245648183,Measles,0.7707519614128497,0.9430374582394632,0.10438697823047782,0.5997885170711398,0.7332298621769222,0.5873415918360638,0.4002114829288602,1.5
9,0.94,0.005292327503942014,Measles,0.7707519614128497,0.9393600990011421,0.10686145425775706,0.6674542989261512,0.780401192728642,0.6561618530122266,0.33254570107384884,1.5
9,0.95,0.00438667502878667,Measles,0.7707519614128497,0.9357600037589033,0.10948123048726954,0.7379813696278815,0.8251853723608736,0.7282868563154261,0.2620186303721185,1.5
9,0.96,0.0034907267816572654,Measles,0.7707519614128497,0.9323140556104704,0.11224325302809646,0.809131491642622,0.8663660643140938,0.8014536761067428,0.190868508357378,1.5
9,0.97,0.0026042793041091156,Measles,0.7707519614128497,0.9291316877563863,0.11514305107647704,0.8774132765288071,0.9025321756147259,0.872064248643826,0.12258672347119293,1.5
9,0.98,0.0017271354462612047,Measles,0.7707519614128497,0.9263788535326589,0.11817479293663302,0.9375988390138007,0.9319550776088567,0.9346520883097693,0.0624011609861993,1.5
9,0.99,8.591041091364357e-4,Measles,0.7707519614128497,0.9243273803633922,0.1213313788116882,0.9820780493710105,0.9523279954295599,0.9811643022888785,0.01792195062898949,1.5
10,0.5,0.05972654245721052,Measles,0.7707519614128497,0.9999597270920252,0.0440585047612696,0.008921752000531498,0.01768571012654251,0.008532367399960309,0.9910782479994685,1.5
10,0.51,0.058006725089938274,Measles,0.7707519614128497,0.9999501118955013,0.04408365401271486,0.009515713167311644,0.01885202690408404,0.009100492988716515,0.9904842868326884,1.5
10,0.52,0.0563210782569087,Measles,0.7707519614128497,0.9999383067453683,0.04411091346487961,0.01015933076335689,0.020114301081294167,0.009716140899571988,0.9898406692366432,1.5
10,0.53,0.05466828516270753,Measles,0.7707519614128497,0.9999238414944731,0.044140510328081195,0.010857996194586614,0.021482715381285544,0.010384478027117564,0.9891420038054134,1.5
10,0.54,0.05304710341949958,Measles,0.7707519614128497,0.9999061531836408,0.04417270033523124,0.011617800656918658,0.022968730140710006,0.011111343906004276,0.9883821993430814,1.5
10,0.55,0.051456359554363,Measles,0.7707519614128497,0.9998845700746677,0.04420777162750089,0.012445638268459625,0.024585261936875137,0.011903350387814723,0.9875543617315403,1.5
10,0.56,0.049894944013747666,Measles,0.7707519614128497,0.9998582936230618,0.04424604917093333,0.01334932573423589,0.02634688842572686,0.012767997445580897,0.9866506742657641,1.5
10,0.5700000000000001,0.04836180661207107,Measles,0.7707519614128497,0.9998263783282894,0.044287899768268635,0.014337741319765137,0.028270083114601628,0.013713807854770749,0.9856622586802348,1.5
10,0.58,0.046855952377915996,Measles,0.7707519614128497,0.9997877094672069,0.0443337377346299,0.015420986377067774,0.030373484212193064,0.014750483973297288,0.9845790136229322,1.5
10,0.59,0.04537643775690355,Measles,0.7707519614128497,0.9997409788081543,0.04438403130919699,0.01661057320719217,0.03267820211184575,0.015889090394128554,0.9833894267928078,1.5
10,0.6,0.04392236713512292,Measles,0.7707519614128497,0.9996846585221024,0.04443930987701683,0.017919643665705774,0.03520817044557391,0.01714226688257968,0.9820803563342942,1.5
10,0.61,0.04249288965122075,Measles,0.7707519614128497,0.9996169736554678,0.04450017207500778,0.019363223630181,0.03799054595364153,0.018524476746524316,0.980636776369819,1.5
10,0.62,0.04108719626885675,Measles,0.7707519614128497,0.9995358737076141,0.04456729485316746,0.020958519258974385,0.04105616258848509,0.020052296631433555,0.9790414807410256,1.5
10,0.63,0.039704517084457595,Measles,0.7707519614128497,0.9994390040632761,0.04464144355495103,0.02272526188374655,0.04444004522722365,0.021744754691509632,0.9772747381162534,1.5
10,0.64,0.038344118847929834,Measles,0.7707519614128497,0.9993236782620298,0.04472348306853535,0.024686109395987362,0.04818198798665321,0.023623725168704986,0.9753138906040126,1.5
10,0.65,0.037005302676457796,Measles,0.7707519614128497,0.9991868523354686,0.04481439008177912,0.026867113105810737,0.05232720125786094,0.025714388613153737,0.9731328868941893,1.5
10,0.66,0.03568740194363066,Measles,0.7707519614128497,0.9990251026959731,0.04491526644650001,0.02929826025598202,0.05692702998991051,0.02804576829346855,0.970701739744018,1.5
10,0.67,0.0343897803280059,Measles,0.7707519614128497,0.9988346093019232,0.04502735362047505,0.03201410363804284,0.06203974317096139,0.030651354752477877,0.9679858963619572,1.5
10,0.6799999999999999,0.033111830006902085,Measles,0.7707519614128497,0.9986111460316835,0.04515204810643847,0.035054491032813356,0.06773139051666255,0.0335698319231761,0.9649455089671867,1.5
10,0.69,0.031852969982631325,Measles,0.7707519614128497,0.998350080347402,0.04529091774451277,0.0384654084080453,0.07407671662170832,0.03684591966309387,0.9615345915919546,1.5
10,0.7,0.030612644529708015,Measles,0.7707519614128497,0.99804638439204,0.04544571863636937,0.04229995183372023,0.08116011469941978,0.04053134888458475,0.9577000481662797,1.5
10,0.71,0.02939032175269369,Measles,0.7707519614128497,0.9976946596114091,0.045618412384831664,0.04661944374610421,0.089076590864769,0.044685986489236704,0.9533805562538958,1.5
10,0.72,0.028185492245353598,Measles,0.7707519614128497,0.9972891768028024,0.045811183221182605,0.051494709251101764,0.09793269496532185,0.049379127812328075,0.9485052907488982,1.5
10,0.73,0.026997667842712063,Measles,0.7707519614128497,0.9968239331456733,0.04602645446496134,0.05700752724357438,0.10784735446189715,0.054690973893989525,0.9429924727564256,1.5
10,0.74,0.025826380458401934,Measles,0.7707519614128497,0.9962927272616006,0.04626690361983676,0.06325226872205077,0.11895252311030301,0.060714309112186726,0.9367477312779492,1.5
10,0.75,0.024671181000392024,Measles,0.7707519614128497,0.9956892526898662,0.04653547525866464,0.07033773008772229,0.1313935257519789,0.06755639082722312,0.9296622699122777,1.5
10,0.76,0.02353163835886135,Measles,0.7707519614128497,0.9950072093794933,0.04683539069813025,0.07838916145296657,0.14532894446517372,0.07534105570594346,0.9216108385470334,1.5
10,0.77,0.022407338460529152,Measles,0.7707519614128497,0.9942404319372117,0.04717015331835317,0.08755047770856718,0.1609298506710089,0.08421103594723889,0.9124495222914328,1.5
10,0.78,0.021297883384272513,Measles,0.7707519614128497,0.9933830325026097,0.047543548258662804,0.09798662148862494,0.17837814500903726,0.09433046084112355,0.9020133785113751,1.5
10,0.79,0.0202028905333403,Measles,0.7707519614128497,0.9924295553333856,0.04795963513371149,0.10988601976880576,0.1978637265039125,0.10588749240702636,0.8901139802311943,1.5
10,0.8,0.019121991859864438,Measles,0.7707519614128497,0.9913751395751494,0.04842273238308936,0.12346303633345963,0.21958018216894845,0.11909700481629457,0.8765369636665403,1.5
10,0.81,0.018054833137763664,Measles,0.7707519614128497,0.9902156863685303,0.048937391913128625,0.13896026633365527,0.243718678521709,0.13420316125665616,0.8610397336663447,1.5
10,0.8200000000000001,0.01700107328046007,Measles,0.7707519614128497,0.988948026520464,0.049508362831984565,0.1566504407548688,0.2704597617113521,0.15148166261253518,0.8433495592451312,1.5
10,0.8300000000000001,0.015960383700131864,Measles,0.7707519614128497,0.9875700855439525,0.05014054333625406,0.17683760003160887,0.2999628497029023,0.17124133150807916,0.8231623999683911,1.5
10,0.8400000000000001,0.01493244770552027,Measles,0.7707519614128497,0.986081044061294,0.05083892019159231,0.19985704700363632,0.33235334467651045,0.19382454185968473,0.8001429529963637,1.5
10,0.8500000000000001,0.013916959935524815,Measles,0.7707519614128497,0.9844814934952589,0.051608495764564166,0.22607338638074037,0.3677075178722009,0.21960579352642565,0.7739266136192596,1.5
10,0.86,0.012913625826079219,Measles,0.7707519614128497,0.9827735898128025,0.05245420319948568,0.2558756831344996,0.4060356214661806,0.24898744470383732,0.7441243168655004,1.5
10,0.87,0.01192216110798487,Measles,0.7707519614128497,0.9809612121116099,0.05338081106865378,0.2896684025952145,0.44726403986074076,0.2823912261356361,0.7103315974047855,1.5
10,0.88,0.01094229133357353,Measles,0.7707519614128497,0.9790501385328665,0.05439281961714282,0.3278563003043909,0.49121765214879015,0.32024363796714983,0.6721436996956092,1.5
10,0.89,0.009973751430229803,Measles,0.7707519614128497,0.977048260215837,0.0554943515185653,0.3708207706374332,0.5376038480145795,0.3629526290072843,0.6291792293625669,1.5
10,0.9,0.00901628527898065,Measles,0.7707519614128497,0.97496586638259,0.05668904078738801,0.41888428905151953,0.5859996961609922,0.41087202318263594,0.5811157109484805,1.5
10,0.91,0.00806964531646629,Measles,0.7707519614128497,0.9728160531325886,0.05797992408154806,0.47225842788694977,0.6358434612331543,0.46424891625730325,0.5277415721130503,1.5
10,0.9199999999999999,0.007133592158764904,Measles,0.7707519614128497,0.9706153407904345,0.05936933900213248,0.5309694053522773,0.6864308546676114,0.5231476232479358,0.4690305946477227,1.5
10,0.9299999999999999,0.006207894245648183,Measles,0.7707519614128497,0.9683846407377138,0.06085883409224857,0.5947531329200426,0.7369149522919883,0.5873415918360638,0.4052468670799574,1.5
10,0.94,0.005292327503942014,Measles,0.7707519614128497,0.9661508150428509,0.062449095013089484,0.6629091184122794,0.7863064727090375,0.6561618530122266,0.3370908815877206,1.5
10,0.95,0.00438667502878667,Measles,0.7707519614128497,0.9639492688395115,0.06413989081914773,0.7340991821945962,0.8334678194856178,0.7282868563154261,0.26590081780540376,1.5
10,0.96,0.0034907267816572654,Measles,0.7707519614128497,0.961828414794352,0.0659300433885125,0.8060725244803416,0.8770892545012027,0.8014536761067428,0.1939274755196584,1.5
10,0.97,0.0026042793041091156,Measles,0.7707519614128497,0.959857714316683,0.06781742194469276,0.8752929528849195,0.9156269380265796,0.872064248643826,0.12470704711508052,1.5
10,0.98,0.0017271354462612047,Measles,0.7707519614128497,0.9581430255888533,0.06979896331982294,0.9364366727412569,0.9471655034449041,0.9346520883097693,0.06356332725874314,1.5
10,0.99,8.591041091364357e-4,Measles,0.7707519614128497,0.9568582042462982,0.07187071726210537,0.981719491302477,0.9691294310031361,0.9811643022888785,0.018280508697522957,1.5
11,0.5,0.05972654245721052,Measles,0.7707519614128497,0.9999869795015282,0.023911029828746933,0.00873944336512866,0.017327452468993032,0.008532367399960309,0.9912605566348713,1.5
11,0.51,0.058006725089938274,Measles,0.7707519614128497,0.999983594754289,0.02392470050640505,0.00932132550534315,0.018470478840646322,0.009100492988716515,0.9906786744946569,1.5
11,0.52,0.0563210782569087,Measles,0.7707519614128497,0.9999793702675379,0.023939522565945115,0.009951870682862294,0.01970760973602035,0.009716140899571988,0.9900481293171377,1.5
11,0.53,0.05466828516270753,Measles,0.7707519614128497,0.999974109348044,0.02395562099192361,0.010636366825289898,0.02104884462130612,0.010384478027117564,0.9893636331747101,1.5
11,0.54,0.05304710341949958,Measles,0.7707519614128497,0.9999675727213575,0.023973136688621333,0.01138078937147794,0.022505440756140103,0.011111343906004276,0.9886192106285221,1.5
11,0.55,0.051456359554363,Measles,0.7707519614128497,0.9999594703766166,0.023992228699499907,0.012191902893856086,0.024090089847392047,0.011903350387814723,0.9878080971061439,1.5
11,0.56,0.049894944013747666,Measles,0.7707519614128497,0.999949452173403,0.024013076740981742,0.013077379088680199,0.025817120834396856,0.012767997445580897,0.9869226209113198,1.5
11,0.5700000000000001,0.04836180661207107,Measles,0.7707519614128497,0.9999370971218629,0.02403588409107338,0.01404593390274151,0.027702732577054533,0.013713807854770749,0.9859540660972584,1.5
11,0.58,0.046855952377915996,Measles,0.7707519614128497,0.9999219012740024,0.024060880876763058,0.01510748703619946,0.02976526066079241,0.014750483973297288,0.9848925129638005,1.5
11,0.59,0.04537643775690355,Measles,0.7707519614128497,0.9999032642038946,0.02408832780717618,0.016273347607463698,0.03202548297824483,0.015889090394128554,0.9837266523925363,1.5
11,0.6,0.04392236713512292,Measles,0.7707519614128497,0.9998804741100921,0.024118520401850585,0.01755643039682486,0.034506969171450436,0.01714226688257968,0.9824435696031751,1.5
11,0.61,0.04249288965122075,Measles,0.7707519614128497,0.9998526916469841,0.024151793764836782,0.018971507809930392,0.03723647938176572,0.018524476746524316,0.9810284921900696,1.5
11,0.62,0.04108719626885675,Measles,0.7707519614128497,0.9998189326849337,0.024188527955135375,0.02053550352872914,0.04024441800131947,0.020052296631433555,0.9794644964712709,1.5
11,0.63,0.039704517084457595,Measles,0.7707519614128497,0.9997780503124478,0.024229154001652486,0.02226783475261251,0.04356534816874592,0.021744754691509632,0.9777321652473875,1.5
11,0.64,0.038344118847929834,Measles,0.7707519614128497,0.99972871652677,0.024274160605647577,0.02419081097948783,0.047238572490487546,0.023623725168704986,0.9758091890205122,1.5
11,0.65,0.037005302676457796,Measles,0.7707519614128497,0.9996694042093255,0.02432410156467768,0.02633009843280227,0.05130878474172774,0.025714388613153737,0.9736699015671977,1.5
11,0.66,0.03568740194363066,Measles,0.7707519614128497,0.9995983701444642,0.024379603938284977,0.028715260494819202,0.055826795898932954,0.02804576829346855,0.9712847395051808,1.5
11,0.67,0.0343897803280059,Measles,0.7707519614128497,0.9995136400058031,0.02444137695601145,0.031380385833820204,0.06085033550175537,0.030651354752477877,0.9686196141661798,1.5
11,0.6799999999999999,0.033111830006902085,Measles,0.7707519614128497,0.9994129963932357,0.02451022164150063,0.03436481726862602,0.06644492567563909,0.0335698319231761,0.9656351827313739,1.5
11,0.69,0.031852969982631325,Measles,0.7707519614128497,0.9992939711412615,0.024587041091204243,0.037713995724740705,0.07268481971122695,0.03684591966309387,0.9622860042752593,1.5
11,0.7,0.030612644529708015,Measles,0.7707519614128497,0.9991538432193015,0.02467285130139818,0.041480434788177485,0.07965398932729999,0.04053134888458475,0.9585195652118225,1.5
11,0.71,0.02939032175269369,Measles,0.7707519614128497,0.9989896435892728,0.024768792381822724,0.04572484218480283,0.08744713396699304,0.044685986489236704,0.9542751578151971,1.5
11,0.72,0.028185492245353598,Measles,0.7707519614128497,0.9987981683573803,0.024876139927690555,0.050517404753952194,0.09617067092372679,0.049379127812328075,0.9494825952460478,1.5
11,0.73,0.026997667842712063,Measles,0.7707519614128497,0.9985760014408364,0.024996316244143446,0.055939252785309215,0.10594364594741636,0.054690973893989525,0.9440607472146908,1.5
11,0.74,0.025826380458401934,Measles,0.7707519614128497,0.9983195477560908,0.025130901029394748,0.06208411743812012,0.11689847947160506,0.060714309112186726,0.9379158825618799,1.5
11,0.75,0.024671181000392024,Measles,0.7707519614128497,0.9980250776210828,0.025281641026896118,0.06906019064935928,0.12918143316713007,0.06755639082722312,0.9309398093506407,1.5
11,0.76,0.02353163835886135,Measles,0.7707519614128497,0.9976887826582964,0.025450458056716085,0.07699218947532462,0.14295264508001873,0.07534105570594346,0.9230078105246754,1.5
11,0.77,0.022407338460529152,Measles,0.7707519614128497,0.997306843008659,0.02563945473735918,0.08602361484511183,0.1583855399308852,0.08421103594723889,0.9139763851548882,1.5
11,0.78,0.021297883384272513,Measles,0.7707519614128497,0.9968755051523652,0.02585091711915566,0.09631917638654866,0.175665376419566,0.09433046084112355,0.9036808236134514,1.5
11,0.79,0.0202028905333403,Measles,0.7707519614128497,0.9963911691280072,0.02608731337877146,0.10806732781340475,0.19498664984285038,0.10588749240702636,0.8919326721865952,1.5
11,0.8,0.019121991859864438,Measles,0.7707519614128497,0.9958504835035722,0.026351287682944147,0.12148281796635634,0.21654903304146866,0.11909700481629457,0.8785171820336437,1.5
11,0.81,0.018054833137763664,Measles,0.7707519614128497,0.995250446147347,0.02664564833121008,0.136809106461349,0.24055152209778113,0.13420316125665616,0.863190893538651,1.5
11,0.8200000000000001,0.01700107328046007,Measles,0.7707519614128497,0.9945885087446531,0.02697334934552975,0.1543204139918361,0.2671844693405706,0.15148166261253518,0.8456795860081638,1.5
11,0.8300000000000001,0.015960383700131864,Measles,0.7707519614128497,0.9938626831814663,0.027337464801843403,0.17432306765135408,0.2966192519175718,0.17124133150807916,0.8256769323486459,1.5
11,0.8400000000000001,0.01493244770552027,Measles,0.7707519614128497,0.99307164844699,0.027741155404306328,0.19715565059891307,0.328995456746536,0.19382454185968473,0.802844349401087,1.5
11,0.8500000000000001,0.013916959935524815,Measles,0.7707519614128497,0.9922148576838451,0.028187627092158163,0.22318725902409292,0.36440567513451577,0.21960579352642565,0.7768127409759071,1.5
11,0.86,0.012913625826079219,Measles,0.7707519614128497,0.9912926465543868,0.02868008183959403,0.25281288934180113,0.402878294369405,0.24898744470383732,0.7471871106581989,1.5
11,0.87,0.01192216110798487,Measles,0.7707519614128497,0.9903063463727869,0.029221661249440034,0.2864446008539901,0.44435902981091113,0.2823912261356361,0.71355539914601,1.5
11,0.88,0.01094229133357353,Measles,0.7707519614128497,0.9892584087739166,0.029815384030546066,0.32449659242055995,0.4886923092641406,0.32024363796714983,0.67550340757944,1.5
11,0.89,0.009973751430229803,Measles,0.7707519614128497,0.9881525535802641,0.030464078954921536,0.3673616552134471,0.5356039137497302,0.3629526290072843,0.6326383447865529,1.5
11,0.9,0.00901628527898065,Measles,0.7707519614128497,0.9869939589484545,0.031170315373192925,0.41537556447723534,0.5846863697270865,0.41087202318263594,0.5846244355227647,1.5
11,0.91,0.00806964531646629,Measles,0.7707519614128497,0.9857895246091725,0.03193633377984495,0.46876478293392165,0.6353883249673877,0.46424891625730325,0.5312352170660783,1.5
11,0.9199999999999999,0.007133592158764904,Measles,0.7707519614128497,0.9845482584398123,0.03276397921548602,0.5275712786938764,0.6870083626133299,0.5231476232479358,0.47242872130612357,1.5
11,0.9299999999999999,0.006207894245648183,Measles,0.7707519614128497,0.983281870341917,0.03365464042985378,0.591546197553587,0.7386922590240947,0.5873415918360638,0.40845380244641305,1.5
11,0.94,0.005292327503942014,Measles,0.7707519614128497,0.9820057188916783,0.03460919767514081,0.6600014273486873,0.7894303963500601,0.6561618530122266,0.3399985726513127,1.5
11,0.95,0.00438667502878667,Measles,0.7707519614128497,0.9807403742224985,0.03562798173997517,0.7316045635500334,0.8380485936114141,0.7282868563154261,0.26839543644996655,1.5
11,0.96,0.0034907267816572654,Measles,0.7707519614128497,0.9795143000997719,0.036710746376117265,0.8040981915321819,0.8831802658765668,0.8014536761067428,0.19590180846781813,1.5
11,0.97,0.0026042793041091156,Measles,0.7707519614128497,0.9783686768730894,0.037856655640287395,0.8739184371798089,0.9231985890219716,0.872064248643826,0.12608156282019112,1.5
11,0.98,0.0017271354462612047,Measles,0.7707519614128497,0.9773666009783485,0.03906428691981656,0.9356800160969116,0.9560691190412616,0.9346520883097693,0.06431998390308835,1.5
11,0.99,8.591041091364357e-4,Measles,0.7707519614128497,0.9766120226556133,0.04033164959487534,0.9814850406252879,0.9790424680227224,0.9811643022888785,0.018514959374712148,1.5
12,0.5,0.05972654245721052,Measles,0.7707519614128497,0.9999958771594777,0.012361107515730607,0.008638199168262022,0.01712843886019495,0.008532367399960309,0.991361800831738,1.5
12,0.51,0.058006725089938274,Measles,0.7707519614128497,0.9999947191909575,0.01236818167517817,0.009213360870492274,0.018258498715016013,0.009100492988716515,0.9907866391295077,1.5
12,0.52,0.0563210782569087,Measles,0.7707519614128497,0.9999932507632247,0.01237585313883982,0.009836629843617368,0.01948162486133278,0.009716140899571988,0.9901633701563827,1.5
12,0.53,0.05466828516270753,Measles,0.7707519614128497,0.9999913932081735,0.012384187124564239,0.010513235427568187,0.0208077125911496,0.010384478027117564,0.9894867645724318,1.5
12,0.54,0.05304710341949958,Measles,0.7707519614128497,0.9999890493688911,0.012393257249714962,0.011249087368161902,0.022247903386738724,0.011111343906004276,0.9887509126318381,1.5
12,0.55,0.051456359554363,Measles,0.7707519614128497,0.9999860997156552,0.012403146723937608,0.01205087653220131,0.023814760338637244,0.011903350387814723,0.9879491234677987,1.5
12,0.56,0.049894944013747666,Measles,0.7707519614128497,0.9999823977926463,0.012413949715848971,0.01292619188386564,0.025522469620844878,0.012767997445580897,0.9870738081161343,1.5
12,0.5700000000000001,0.04836180661207107,Measles,0.7707519614128497,0.9999777649264159,0.012425772917233013,0.013883656483686486,0.02738707181550249,0.013713807854770749,0.9861163435163135,1.5
12,0.58,0.046855952377915996,Measles,0.7707519614128497,0.9999719841354965,0.012438737330608629,0.014933085744224781,0.029426727334582445,0.014750483973297288,0.9850669142557752,1.5
12,0.59,0.04537643775690355,Measles,0.7707519614128497,0.9999647931953536,0.012452980308217954,0.016085671725617607,0.03166202064927289,0.015889090394128554,0.9839143282743824,1.5
12,0.6,0.04392236713512292,Measles,0.7707519614128497,0.9999558768359055,0.01246865787238749,0.017354197889199986,0.034116308484938546,0.01714226688257968,0.9826458021108,1.5
12,0.61,0.04249288965122075,Measles,0.7707519614128497,0.9999448580815542,0.012485947348658488,0.01875328945803327,0.03681611753386771,0.018524476746524316,0.9812467105419668,1.5
12,0.62,0.04108719626885675,Measles,0.7707519614128497,0.9999312887876153,0.012505050343798119,0.020299705368519036,0.039791597525306505,0.020052296631433555,0.979700294631481,1.5
12,0.63,0.039704517084457595,Measles,0.7707519614128497,0.9999146394832267,0.012526196100450582,0.022012678744577532,0.04307703559410623,0.021744754691509632,0.9779873212554224,1.5
12,0.64,0.038344118847929834,Measles,0.7707519614128497,0.9998942886998111,0.012549645258371545,0.023914313889415104,0.04671143769592773,0.023623725168704986,0.9760856861105849,1.5
12,0.65,0.037005302676457796,Measles,0.7707519614128497,0.9998695120453296,0.012575694048390429,0.026030048968258123,0.05073918217626292,0.025714388613153737,0.9739699510317419,1.5
12,0.66,0.03568740194363066,Measles,0.7707519614128497,0.9998394713763518,0.012604678938876068,0.028389194838743928,0.05521074930706549,0.02804576829346855,0.9716108051612561,1.5
12,0.67,0.0343897803280059,Measles,0.7707519614128497,0.999803204518894,0.012636981744883924,0.03102556185071947,0.06018352838482227,0.030651354752477877,0.9689744381492805,1.5
12,0.6799999999999999,0.033111830006902085,Measles,0.7707519614128497,0.9997596160900674,0.01267303519657792,0.03397818784123933,0.06572270048053883,0.0335698319231761,0.9660218121587607,1.5
12,0.69,0.031852969982631325,Measles,0.7707519614128497,0.999707470068747,0.012713328945143432,0.03729218192265522,0.07190218969051343,0.03684591966309387,0.9627078180773447,1.5
12,0.7,0.030612644529708015,Measles,0.7707519614128497,0.9996453848460274,0.012758415960510638,0.04101969988995591,0.07880566819086958,0.04053134888458475,0.9589803001100441,1.5
12,0.71,0.02939032175269369,Measles,0.7707519614128497,0.9995718315450199,0.01280891924505767,0.04522106798968874,0.08652758986973459,0.044685986489236704,0.9547789320103113,1.5
12,0.72,0.028185492245353598,Measles,0.7707519614128497,0.9994851364238909,0.012865538750532757,0.04996607214846354,0.09517421301712653,0.049379127812328075,0.9500339278515365,1.5
12,0.73,0.026997667842712063,Measles,0.7707519614128497,0.9993834881557611,0.012929058341580757,0.055335429196457474,0.1048645536533677,0.054690973893989525,0.9446645708035425,1.5
12,0.74,0.025826380458401934,Measles,0.7707519614128497,0.9992649507059361,0.013000352598719567,0.0614224546321747,0.11573118675938775,0.060714309112186726,0.9385775453678253,1.5
12,0.75,0.024671181000392024,Measles,0.7707519614128497,0.999127482396258,0.013080393197293927,0.06833493734604254,0.12792078231051932,0.06755639082722312,0.9316650626539574,1.5
12,0.76,0.02353163835886135,Measles,0.7707519614128497,0.9989689615586268,0.01317025453874432,0.07619722446171531,0.14159422642543776,0.07534105570594346,0.9238027755382847,1.5
12,0.77,0.022407338460529152,Measles,0.7707519614128497,0.9987872189421371,0.013271118249210345,0.08515250770306029,0.1569261357694059,0.08421103594723889,0.9148474922969397,1.5
12,0.78,0.021297883384272513,Measles,0.7707519614128497,0.9985800767655009,0.013384276102202053,0.09536528458893473,0.17410352759789807,0.09433046084112355,0.9046347154110652,1.5
12,0.79,0.0202028905333403,Measles,0.7707519614128497,0.9983453940210747,0.013511130872128962,0.10702394076977663,0.19332336252607815,0.10588749240702636,0.8929760592302234,1.5
12,0.8,0.019121991859864438,Measles,0.7707519614128497,0.9980811173690689,0.013653194590489526,0.12034336053880715,0.21478863906699106,0.11909700481629457,0.8796566394611929,1.5
12,0.81,0.018054833137763664,Measles,0.7707519614128497,0.9977853367465712,0.013812083664054509,0.13556741639648173,0.23870269842447298,0.13420316125665616,0.8644325836035183,1.5
12,0.8200000000000001,0.01700107328046007,Measles,0.7707519614128497,0.9974563446975129,0.013989510332493404,0.1529711094013931,0.26526140885145977,0.15148166261253518,0.8470288905986069,1.5
12,0.8300000000000001,0.015960383700131864,Measles,0.7707519614128497,0.997092698451691,0.014187269999472174,0.17286202176426477,0.2946429579923073,0.17124133150807916,0.8271379782357352,1.5
12,0.8400000000000001,0.01493244770552027,Measles,0.7707519614128497,0.9966932839931679,0.014407224072827352,0.1955805909481057,0.32699510670229776,0.19382454185968473,0.8044194090518944,1.5
12,0.8500000000000001,0.013916959935524815,Measles,0.7707519614128497,0.9962573818180562,0.014651278100180076,0.22149850619303296,0.3624199628661077,0.21960579352642565,0.778501493806967,1.5
12,0.86,0.012913625826079219,Measles,0.7707519614128497,0.9957847348624521,0.014921355186611085,0.251014245161346,0.40095662182835357,0.24898744470383732,0.748985754838654,1.5
12,0.87,0.01192216110798487,Measles,0.7707519614128497,0.9952756202904829,0.015219364926117085,0.2845443857544646,0.44256237391870107,0.2823912261356361,0.7154556142455354,1.5
12,0.88,0.01094229133357353,Measles,0.7707519614128497,0.99473092864462,0.015547168358035712,0.3225088140105922,0.4870935512622221,0.32024363796714983,0.6774911859894077,1.5
12,0.89,0.009973751430229803,Measles,0.7707519614128497,0.9941522565776507,0.015906539756743165,0.3653072615673556,0.5342873893397555,0.3629526290072843,0.6346927384326444,1.5
12,0.9,0.00901628527898065,Measles,0.7707519614128497,0.9935420235519254,0.016299126355386995,0.4132836911845758,0.5837463881123905,0.41087202318263594,0.5867163088154241,1.5
12,0.91,0.00806964531646629,Measles,0.7707519614128497,0.9929036295105819,0.016726407365994178,0.46667383596464895,0.6349264173875931,0.46424891625730325,0.533326164035351,1.5
12,0.9199999999999999,0.007133592158764904,Measles,0.7707519614128497,0.9922416815005866,0.01718965386098792,0.5255295963451176,0.6871290529307468,0.5231476232479358,0.47447040365488236,1.5
12,0.9299999999999999,0.006207894245648183,Measles,0.7707519614128497,0.9915623362815954,0.01768989119901998,0.5896118916448487,0.7394971843747685,0.5873415918360638,0.41038810835515127,1.5
12,0.94,0.005292327503942014,Measles,0.7707519614128497,0.9908738406651927,0.018227865690355838,0.6582407995063692,0.7910106104225105,0.6561618530122266,0.34175920049363084,1.5
12,0.95,0.00438667502878667,Measles,0.7707519614128497,0.9901874178799542,0.018804017092056036,0.7300882041554272,0.840474798848724,0.7282868563154261,0.2699117958445728,1.5
12,0.96,0.0034907267816572654,Measles,0.7707519614128497,0.989518783278791,0.01941845830051314,0.8028934663595463,0.8864904444777081,0.8014536761067428,0.19710653364045372,1.5
12,0.97,0.0026042793041091156,Measles,0.7707519614128497,0.9888908650597197,0.020070963280614085,0.8730765095939718,0.9273818613457537,0.872064248643826,0.12692349040602824,1.5
12,0.98,0.0017271354462612047,Measles,0.7707519614128497,0.9883389897846868,0.02076096386083015,0.9352147875519271,0.9610433035468203,0.9346520883097693,0.06478521244807289,1.5
12,0.99,8.591041091364357e-4,Measles,0.7707519614128497,0.9879215539602255,0.02148755556518256,0.9813403488032884,0.9846199543017705,0.9811643022888785,0.018659651196711646,1.5
13,0.5,0.05972654245721052,Measles,0.7707519614128497,0.9999987202713992,0.006097662085059685,0.008584253836517598,0.017022383029210126,0.008532367399960309,0.9914157461634824,1.5
13,0.51,0.058006725089938274,Measles,0.7707519614128497,0.9999983344705886,0.00610115386178689,0.009155830738581814,0.018145523855373834,0.009100492988716515,0.9908441692614182,1.5
13,0.52,0.0563210782569087,Measles,0.7707519614128497,0.9999978376458221,0.006104940967873174,0.009775217388960571,0.019361174677297546,0.009716140899571988,0.9902247826110394,1.5
13,0.53,0.05466828516270753,Measles,0.7707519614128497,0.9999971995817841,0.00610905578567511,0.010447611501812566,0.020679174418100205,0.010384478027117564,0.9895523884981874,1.5
13,0.54,0.05304710341949958,Measles,0.7707519614128497,0.9999963824176332,0.0061135349035769115,0.011178887299623243,0.022110601779656822,0.011111343906004276,0.9888211127003768,1.5
13,0.55,0.051456359554363,Measles,0.7707519614128497,0.9999953389052435,0.006118419722111801,0.011975695716218307,0.023667949944526635,0.011903350387814723,0.9880243042837817,1.5
13,0.56,0.049894944013747666,Measles,0.7707519614128497,0.9999940103344587,0.0061237571506056465,0.012845580797430518,0.02536532728216615,0.012767997445580897,0.9871544192025695,1.5
13,0.5700000000000001,0.04836180661207107,Measles,0.7707519614128497,0.9999923240825387,0.006129600407136393,0.013797115055412843,0.02721868786013076,0.013713807854770749,0.9862028849445872,1.5
13,0.58,0.046855952377915996,Measles,0.7707519614128497,0.9999901907465033,0.0061360099359675235,0.014840057006082359,0.02924609602259161,0.014750483973297288,0.9851599429939176,1.5
13,0.59,0.04537643775690355,Measles,0.7707519614128497,0.999987500821496,0.006143054457985464,0.015985534669466585,0.03146802977047606,0.015889090394128554,0.9840144653305334,1.5
13,0.6,0.04392236713512292,Measles,0.7707519614128497,0.9999841208966306,0.006150812170934716,0.017246259449775668,0.03390772813679867,0.01714226688257968,0.9827537405502244,1.5
13,0.61,0.04249288965122075,Measles,0.7707519614128497,0.9999798893528944,0.006159372117329642,0.01863677554572689,0.03659158816131385,0.018524476746524316,0.9813632244542732,1.5
13,0.62,0.04108719626885675,Measles,0.7707519614128497,0.9999746115665907,0.006168835738688649,0.020173750881492213,0.03954961737751747,0.020052296631433555,0.9798262491185078,1.5
13,0.63,0.039704517084457595,Measles,0.7707519614128497,0.9999680546473034,0.00617931863500476,0.02187631650231076,0.04281594785525605,0.021744754691509632,0.9781236834976892,1.5
13,0.64,0.038344118847929834,Measles,0.7707519614128497,0.9999599417721479,0.006190952547943218,0.02376646245116933,0.046429417685737405,0.023623725168704986,0.9762335375488307,1.5
13,0.65,0.037005302676457796,Measles,0.7707519614128497,0.9999499462181982,0.006203887584855905,0.025869499333272514,0.050434225202449876,0.025714388613153737,0.9741305006667275,1.5
13,0.66,0.03568740194363066,Measles,0.7707519614128497,0.9999376852422481,0.006218294698007387,0.02821459607431225,0.05488065999808115,0.02804576829346855,0.9717854039256878,1.5
13,0.67,0.0343897803280059,Measles,0.7707519614128497,0.9999227140101379,0.0062343684290679935,0.030835405764625467,0.05982591265253509,0.030651354752477877,0.9691645942353745,1.5
13,0.6799999999999999,0.033111830006902085,Measles,0.7707519614128497,0.9999045198347806,0.006252329922512012,0.03377079291265241,0.06533496167575832,0.0335698319231761,0.9662292070873476,1.5
13,0.69,0.031852969982631325,Measles,0.7707519614128497,0.999882517039489,0.00627243020259638,0.037065676838157265,0.07148153103795654,0.03684591966309387,0.9629343231618427,1.5
13,0.7,0.030612644529708015,Measles,0.7707519614128497,0.9998560428170554,0.006294953696669325,0.04077200720813,0.07834910424304378,0.04053134888458475,0.95922799279187,1.5
13,0.71,0.02939032175269369,Measles,0.7707519614128497,0.9998243545000433,0.006320221972204276,0.04494988868957406,0.08603197051776017,0.044685986489236704,0.9550501113104259,1.5
13,0.72,0.028185492245353598,Measles,0.7707519614128497,0.9997866286880868,0.006348597635788211,0.04966887211679414,0.09463626455110082,0.049379127812328075,0.9503311278832058,1.5
13,0.73,0.026997667842712063,Measles,0.7707519614128497,0.9997419626877151,0.006380488319168487,0.055009429090120104,0.10428094247344898,0.054690973893989525,0.9449905709098799,1.5
13,0.74,0.025826380458401934,Measles,0.7707519614128497,0.9996893787039128,0.0064163506503539525,0.06106462503099781,0.11509861257762707,0.060714309112186726,0.9389353749690021,1.5
13,0.75,0.024671181000392024,Measles,0.7707519614128497,0.9996278311763902,0.0064566940769996695,0.06794200170232047,0.12723610899407908,0.06755639082722312,0.9320579982976795,1.5
13,0.76,0.02353163835886135,Measles,0.7707519614128497,0.9995562175757102,0.006502084375795247,0.07576567307088133,0.1408546599033156,0.07534105570594346,0.9242343269291187,1.5
13,0.77,0.022407338460529152,Measles,0.7707519614128497,0.9994733928667584,0.006553146646578689,0.08467862677484903,0.15612945947180748,0.08421103594723889,0.915321373225151,1.5
13,0.78,0.021297883384272513,Measles,0.7707519614128497,0.9993781877151485,0.006610567555531466,0.09484520549256122,0.173248406435109,0.09433046084112355,0.9051547945074387,1.5
13,0.79,0.0202028905333403,Measles,0.7707519614128497,0.9992694303660457,0.006675096560815219,0.10645371564859665,0.19240972603301823,0.10588749240702636,0.8935462843514034,1.5
13,0.8,0.019121991859864438,Measles,0.7707519614128497,0.9991459719791453,0.006747545829868806,0.11971907170541657,0.2138181524907353,0.11909700481629457,0.8802809282945834,1.5
13,0.81,0.018054833137763664,Measles,0.7707519614128497,0.9990067150765101,0.006828788544439912,0.1348853281585746,0.23767932652787355,0.13420316125665616,0.8651146718414254,1.5
13,0.8200000000000001,0.01700107328046007,Measles,0.7707519614128497,0.9988506446740165,0.0069197552917350524,0.15222787210848185,0.26419207026455505,0.15148166261253518,0.8477721278915181,1.5
13,0.8300000000000001,0.015960383700131864,Measles,0.7707519614128497,0.9986768616472846,0.007021428262444673,0.17205493870260072,0.29353825729014427,0.17124133150807916,0.8279450612973993,1.5
13,0.8400000000000001,0.01493244770552027,Measles,0.7707519614128497,0.998484617957691,0.007134833022775733,0.19470795892743417,0.3258701164408904,0.19382454185968473,0.8052920410725658,1.5
13,0.8500000000000001,0.013916959935524815,Measles,0.7707519614128497,0.998273353566733,0.0072610277009511615,0.2205600397807111,0.36129500845065476,0.21960579352642565,0.779439960219289,1.5
13,0.86,0.012913625826079219,Measles,0.7707519614128497,0.9980427352400405,0.007401089529855076,0.25001159181036836,0.39985799900529234,0.24898744470383732,0.7499884081896316,1.5
13,0.87,0.01192216110798487,Measles,0.7707519614128497,0.9977926980462509,0.007556098814976098,0.28348173350004574,0.4415229036834462,0.2823912261356361,0.7165182664999543,1.5
13,0.88,0.01094229133357353,Measles,0.7707519614128497,0.9975234912867942,0.007727120545810373,0.32139358348261604,0.4861528531333994,0.32024363796714983,0.678606416517384,1.5
13,0.89,0.009973751430229803,Measles,0.7707519614128497,0.9972357320134569,0.007915184031180855,0.36415085767229516,0.53349173536076,0.3629526290072843,0.6358491423277048,1.5
13,0.9,0.00901628527898065,Measles,0.7707519614128497,0.9969304714923828,0.008121261103044453,0.4121022639968935,0.5831479908191646,0.41087202318263594,0.5878977360031066,1.5
13,0.91,0.00806964531646629,Measles,0.7707519614128497,0.996609283490386,0.008346243585401814,0.46548896104010373,0.6345820079742088,0.46424891625730325,0.5345110389598963,1.5
13,0.9199999999999999,0.007133592158764904,Measles,0.7707519614128497,0.9962743891039633,0.008590920849505301,0.5243687261981678,0.6870976195548765,0.5231476232479358,0.47563127380183223,1.5
13,0.9299999999999999,0.006207894245648183,Measles,0.7707519614128497,0.9959288430020323,0.008855958358979898,0.5885083448374056,0.7398367565080822,0.5873415918360638,0.41149165516259445,1.5
13,0.94,0.005292327503942014,Measles,0.7707519614128497,0.9955768244385286,0.009141878136290416,0.6572329312601566,0.7917739744267325,0.6561618530122266,0.3427670687398434,1.5
13,0.95,0.00438667502878667,Measles,0.7707519614128497,0.9952241118161508,0.009449042047206535,0.7292172285884442,0.8417039787189221,0.7282868563154261,0.2707827714115558,1.5
13,0.96,0.0034907267816572654,Measles,0.7707519614128497,0.994878891428151,0.00977763870046322,0.8021991565457784,0.8882096228025818,0.8014536761067428,0.19780084345422155,1.5
13,0.97,0.0026042793041091156,Measles,0.7707519614128497,0.9945532065339329,0.010127674600296399,0.8725896625687616,0.9295880473390733,0.872064248643826,0.12741033743123842,1.5
13,0.98,0.0017271354462612047,Measles,0.7707519614128497,0.9942657168214245,0.010498969981174389,0.9349448738415111,0.963693274002931,0.9346520883097693,0.06505512615848885,1.5
13,0.99,8.591041091364357e-4,Measles,0.7707519614128497,0.9940473752367089,0.010891159513593762,0.9812561260598553,0.9876103352264503,0.9811643022888785,0.01874387394014465,1.5
14,0.5,0.05972654245721052,Measles,0.7707519614128497,0.9999996103071047,0.002874987656061534,0.008556754766685638,0.016968315760028045,0.008532367399960309,0.9914432452333144,1.5
14,0.51,0.058006725089938274,Measles,0.7707519614128497,0.9999994849236602,0.002876634635999631,0.009126503037955544,0.018087926474958466,0.009100492988716515,0.9908734969620444,1.5
14,0.52,0.0563210782569087,Measles,0.7707519614128497,0.9999993210376535,0.002878421077980642,0.009743908930493544,0.01929976260411006,0.009716140899571988,0.9902560910695064,1.5
14,0.53,0.05466828516270753,Measles,0.7707519614128497,0.9999991074645919,0.0028803623208289997,0.0104141538932304,0.02061363403768964,0.010384478027117564,0.9895858461067696,1.5
14,0.54,0.05304710341949958,Measles,0.7707519614128497,0.9999988299943362,0.002882475708677057,0.011143093854885655,0.02204058709183609,0.011111343906004276,0.9888569061451143,1.5
14,0.55,0.051456359554363,Measles,0.7707519614128497,0.9999984706503737,0.002884780883375071,0.011937359154534042,0.023593078822872978,0.011903350387814723,0.9880626408454659,1.5
14,0.56,0.049894944013747666,Measles,0.7707519614128497,0.9999980067944853,0.0028873001214448912,0.012804470634490573,0.025285177313257544,0.012767997445580897,0.9871955293655095,1.5
14,0.5700000000000001,0.04836180661207107,Measles,0.7707519614128497,0.999997410053541,0.002890058722088029,0.013752974648148836,0.027132791733002093,0.013713807854770749,0.9862470253518512,1.5
14,0.58,0.046855952377915996,Measles,0.7707519614128497,0.9999966450447632,0.00289308545351441,0.014792600209117658,0.02915393644501092,0.014750483973297288,0.9852073997908823,1.5
14,0.59,0.04537643775690355,Measles,0.7707519614128497,0.9999956678765648,0.0028964130656300435,0.01593444205878563,0.03136903389905384,0.015889090394128554,0.9840655579412144,1.5
14,0.6,0.04392236713512292,Measles,0.7707519614128497,0.9999944244045964,0.0029000788778731357,0.017191174067380608,0.033801261524296154,0.01714226688257968,0.9828088259326194,1.5
14,0.61,0.04249288965122075,Measles,0.7707519614128497,0.9999928482273018,0.0029041254516637416,0.01857729811872082,0.0364769482489749,0.018524476746524316,0.9814227018812792,1.5
14,0.62,0.04108719626885675,Measles,0.7707519614128497,0.9999908584127185,0.0029086013574957104,0.020109434470855756,0.039426026595603486,0.020052296631433555,0.9798905655291442,1.5
14,0.63,0.039704517084457595,Measles,0.7707519614128497,0.9999883569589253,0.002913562047031859,0.02180666054160501,0.04268254644478983,0.021744754691509632,0.978193339458395,1.5
14,0.64,0.038344118847929834,Measles,0.7707519614128497,0.9999852260049715,0.0029190708406006127,0.023690906144795132,0.04628525642326794,0.023623725168704986,0.9763090938552048,1.5
14,0.65,0.037005302676457796,Measles,0.7707519614128497,0.9999813248274693,0.0029252000400699085,0.025787414399429096,0.050278258303038496,0.025714388613153737,0.9742125856005709,1.5
14,0.66,0.03568740194363066,Measles,0.7707519614128497,0.9999764866805144,0.0029320321760406554,0.028125278841594815,0.05471173859650953,0.02804576829346855,0.9718747211584052,1.5
14,0.67,0.0343897803280059,Measles,0.7707519614128497,0.9999705155627422,0.0029396613964821627,0.03073806866603623,0.0596427794270834,0.030651354752477877,0.9692619313339638,1.5
14,0.6799999999999999,0.033111830006902085,Measles,0.7707519614128497,0.9999631830244652,0.002948195001095222,0.03366455547012685,0.0651362473921995,0.0335698319231761,0.9663354445298732,1.5
14,0.69,0.031852969982631325,Measles,0.7707519614128497,0.9999542251586101,0.0029577551215770326,0.03694955629880031,0.07126575406406482,0.03684591966309387,0.9630504437011997,1.5
14,0.7,0.030612644529708015,Measles,0.7707519614128497,0.9999433399496992,0.002968480542365648,0.04064490908541617,0.07811467442671728,0.04053134888458475,0.9593550909145838,1.5
14,0.71,0.02939032175269369,Measles,0.7707519614128497,0.9999301851829681,0.002980528649085379,0.044810597585012886,0.08577719924482431,0.044685986489236704,0.9551894024149871,1.5
14,0.72,0.028185492245353598,Measles,0.7707519614128497,0.9999143771379342,0.0029940774825543137,0.04951604335727573,0.09435938330920776,0.049379127812328075,0.9504839566427242,1.5
14,0.73,0.026997667842712063,Measles,0.7707519614128497,0.9998954903042425,0.0030093278647603805,0.054841581921623694,0.103980132847439,0.054690973893989525,0.9451584180783763,1.5
14,0.74,0.025826380458401934,Measles,0.7707519614128497,0.9998730583593127,0.003026505549566738,0.060880138369665354,0.11477205127964998,0.060714309112186726,0.9391198616303347,1.5
14,0.75,0.024671181000392024,Measles,0.7707519614128497,0.9998465766347078,0.003045863335161103,0.0677391137685374,0.1268820322613332,0.06755639082722312,0.9322608862314626,1.5
14,0.76,0.02353163835886135,Measles,0.7707519614128497,0.9998155062695876,0.0030676830578408865,0.07554248663000843,0.14047145232294259,0.07534105570594346,0.9244575133699916,1.5
14,0.77,0.022407338460529152,Measles,0.7707519614128497,0.9997792802051177,0.003092277368138441,0.08443312218688569,0.15571577292279443,0.08421103594723889,0.9155668778131143,1.5
14,0.78,0.021297883384272513,Measles,0.7707519614128497,0.9997373111150428,0.003119991171571024,0.09457526433566142,0.17280331522460476,0.09433046084112355,0.9054247356643386,1.5
14,0.79,0.0202028905333403,Measles,0.7707519614128497,0.9996890012988772,0.0031512025987580072,0.1061571583242147,0.1919329242361008,0.10588749240702636,0.8938428416757853,1.5
14,0.8,0.019121991859864438,Measles,0.7707519614128497,0.9996337544918673,0.0031863233550264436,0.11939371314009799,0.21331019868801634,0.11909700481629457,0.880606286859902,1.5
14,0.81,0.018054833137763664,Measles,0.7707519614128497,0.9995709894786247,0.003225798290030002,0.13452905645405072,0.23714193920662968,0.13420316125665616,0.8654709435459493,1.5
14,0.8200000000000001,0.01700107328046007,Measles,0.7707519614128497,0.9995001553463307,0.0032701040256477576,0.15183875569339478,0.26362847368042314,0.15148166261253518,0.8481612443066052,1.5
14,0.8300000000000001,0.015960383700131864,Measles,0.7707519614128497,0.9994207481914243,0.0033197464880094785,0.1716313680975916,0.2929535721446553,0.17124133150807916,0.8283686319024084,1.5
14,0.8400000000000001,0.01493244770552027,Measles,0.7707519614128497,0.9993323291158215,0.003375257209082716,0.19424882947789301,0.3252717819689402,0.19382454185968473,0.805751170522107,1.5
14,0.8500000000000001,0.013916959935524815,Measles,0.7707519614128497,0.9992345434329097,0.003437188296678384,0.2200649813730636,0.36069321231446727,0.21960579352642565,0.7799350186269364,1.5
14,0.86,0.012913625826079219,Measles,0.7707519614128497,0.9991271411725359,0.0035061060198072758,0.24948125027170245,0.39926607904949013,0.24898744470383732,0.7505187497282976,1.5
14,0.87,0.01192216110798487,Measles,0.7707519614128497,0.9990099992599926,0.0035825830186304586,0.28291810550578866,0.44095767199614794,0.2823912261356361,0.7170818944942113,1.5
14,0.88,0.01094229133357353,Measles,0.7707519614128497,0.9988831461964931,0.0036671892228344882,0.32080040152462747,0.4856347795338809,0.32024363796714983,0.6791995984753725,1.5
14,0.89,0.009973751430229803,Measles,0.7707519614128497,0.9987467907711715,0.003760481645313174,0.36353401277776115,0.5330449165136655,0.3629526290072843,0.6364659872222389,1.5
14,0.9,0.00901628527898065,Measles,0.7707519614128497,0.9986013574348206,0.0038629933040056352,0.4114702397599229,0.5827998248964685,0.41087202318263594,0.5885297602400771,1.5
14,0.91,0.00806964531646629,Measles,0.7707519614128497,0.9984475327330965,0.003975221606738466,0.4648532307978028,0.6343624946291149,0.46424891625730325,0.5351467692021972,1.5
14,0.9199999999999999,0.007133592158764904,Measles,0.7707519614128497,0.998286330141558,0.004097616604001764,0.5237440326273465,0.6870382103467666,0.5231476232479358,0.4762559673726535,1.5
14,0.9299999999999999,0.006207894245648183,Measles,0.7707519614128497,0.998119185763212,0.004230569565023767,0.587912733450131,0.7399686875181173,0.5873415918360638,0.41208726654986905,1.5
14,0.94,0.005292327503942014,Measles,0.7707519614128497,0.9979481066698281,0.0043744023563998535,0.6566873402264576,0.7921260106959572,0.6561618530122266,0.3433126597735424,1.5
14,0.95,0.00438667502878667,Measles,0.7707519614128497,0.9977759115255485,0.004529358095078262,0.72874433888674,0.8422994712377858,0.7282868563154261,0.27125566111326005,1.5
14,0.96,0.0034907267816572654,Measles,0.7707519614128497,0.9976066393379591,0.0046955935067911625,0.8018210677116254,0.889062692073049,0.8014536761067428,0.19817893228837458,1.5
14,0.97,0.0026042793041091156,Measles,0.7707519614128497,0.997446280546705,0.004873173348488136,0.8723237656710656,0.9306985072962929,0.872064248643826,0.12767623432893438,1.5
14,0.98,0.0017271354462612047,Measles,0.7707519614128497,0.9973041679954651,0.005062067153873362,0.9347970253213433,0.965039484274954,0.9346520883097693,0.06520297467865666,1.5
14,0.99,8.591041091364357e-4,Measles,0.7707519614128497,0.9971958373472039,0.005262148442670811,0.9812098579680384,0.989138262436977,0.9811643022888785,0.01879014203196161,1.5
15,0.5,0.05972654245721052,Measles,0.7707519614128497,0.9999998835111606,0.0012976516462132048,0.008543358124853054,0.016941974874153207,0.008532367399960309,0.9914566418751469,1.5
15,0.51,0.058006725089938274,Measles,0.7707519614128497,0.9999998437092149,0.0012983952137518573,0.00911221516564424,0.018059864930459597,0.009100492988716515,0.9908877848343558,1.5
15,0.52,0.0563210782569087,Measles,0.7707519614128497,0.9999997909321726,0.001299201795909588,0.009728655567752554,0.019269841446037526,0.009716140899571988,0.9902713444322474,1.5
15,0.53,0.05466828516270753,Measles,0.7707519614128497,0.9999997211788025,0.0013000783390689774,0.0103978528074038,0.020581700067312268,0.010384478027117564,0.9896021471925962,1.5
15,0.54,0.05304710341949958,Measles,0.7707519614128497,0.9999996292976137,0.0013010327023227353,0.011125653837386902,0.022006471203222848,0.011111343906004276,0.988874346162613,1.5
15,0.55,0.051456359554363,Measles,0.7707519614128497,0.9999995086864925,0.001302073791834224,0.011918678880557726,0.02355659414207348,0.011903350387814723,0.9880813211194422,1.5
15,0.56,0.049894944013747666,Measles,0.7707519614128497,0.9999993509247165,0.001303211716005448,0.012784437367282067,0.025246117121957408,0.012767997445580897,0.9872155626327179,1.5
15,0.5700000000000001,0.04836180661207107,Measles,0.7707519614128497,0.9999991453258542,0.001304457964579675,0.013731462767533693,0.027090927159501337,0.013713807854770749,0.9862685372324663,1.5
15,0.58,0.046855952377915996,Measles,0.7707519614128497,0.99999887839945,0.0013058256151937675,0.014769469542124684,0.029109013907733496,0.014750483973297288,0.9852305304578753,1.5
15,0.59,0.04537643775690355,Measles,0.7707519614128497,0.9999985332091834,0.0013073295712972,0.015909535988507112,0.03132077229214313,0.015889090394128554,0.9840904640114929,1.5
15,0.6,0.04392236713512292,Measles,0.7707519614128497,0.999998088615738,0.0013089868357613055,0.017164317394885092,0.033749349141988835,0.01714226688257968,0.9828356826051149,1.5
15,0.61,0.04249288965122075,Measles,0.7707519614128497,0.999997518394035,0.0013108168248753271,0.01854829465212623,0.03642103945642937,0.018524476746524316,0.9814517053478737,1.5
15,0.62,0.04108719626885675,Measles,0.7707519614128497,0.999996790217152,0.0013128417277735727,0.020078064315940884,0.0393657382700694,0.020052296631433555,0.9799219356840592,1.5
15,0.63,0.039704517084457595,Measles,0.7707519614128497,0.9999958645033651,0.0013150869165752255,0.021772677070068087,0.04261745423421917,0.021744754691509632,0.9782273229299319,1.5
15,0.64,0.038344118847929834,Measles,0.7707519614128497,0.9999946931286856,0.0013175814126462626,0.02365403262010537,0.046214890901945964,0.023623725168704986,0.9763459673798947,1.5
15,0.65,0.037005302676457796,Measles,0.7707519614128497,0.9999932180150818,0.0013203584143142155,0.02574734024700943,0.05020210114838303,0.025714388613153737,0.9742526597529906,1.5
15,0.66,0.03568740194363066,Measles,0.7707519614128497,0.9999913696145613,0.0013234558910116823,0.028081655560925785,0.05462921897132972,0.02804576829346855,0.9719183444390742,1.5
15,0.67,0.0343897803280059,Measles,0.7707519614128497,0.9999890653212602,0.0013269172481180647,0.030690505398596503,0.05955327083148588,0.030651354752477877,0.9693094946014035,1.5
15,0.6799999999999999,0.033111830006902085,Measles,0.7707519614128497,0.9999862078574993,0.0013307920655969419,0.033612614260677964,0.06503906535386743,0.0335698319231761,0.966387385739322,1.5
15,0.69,0.031852969982631325,Measles,0.7707519614128497,0.9999826836948745,0.001335136911737811,0.03689274712061532,0.07116015517029674,0.03684591966309387,0.9631072528793847,1.5
15,0.7,0.030612644529708015,Measles,0.7707519614128497,0.9999783615870993,0.0013400162308363495,0.04058268474539266,0.07799985737220526,0.04053134888458475,0.9594173152546074,1.5
15,0.71,0.02939032175269369,Measles,0.7707519614128497,0.9999730913064324,0.0013455033003176853,0.044742348685515944,0.08565230878125146,0.044685986489236704,0.955257651314484,1.5
15,0.72,0.028185492245353598,Measles,0.7707519614128497,0.9999667026887431,0.001351681248478065,0.04944109357194922,0.09422351824073165,0.049379127812328075,0.9505589064280507,1.5
15,0.73,0.026997667842712063,Measles,0.7707519614128497,0.9999590051021074,0.0013586441186711484,0.05475918394681148,0.10383235952161478,0.054690973893989525,0.9452408160531885,1.5
15,0.74,0.025826380458401934,Measles,0.7707519614128497,0.9999497874586982,0.0013664979592831195,0.060789471046537355,0.11461142437279123,0.060714309112186726,0.9392105289534627,1.5
15,0.75,0.024671181000392024,Measles,0.7707519614128497,0.999938818888253,0.0013753619112443216,0.06763928103887785,0.12670762503854782,0.06755639082722312,0.9323607189611222,1.5
15,0.76,0.02353163835886135,Measles,0.7707519614128497,0.999925850182469,0.0013853692563160491,0.0754325191961822,0.14028239894060626,0.07534105570594346,0.9245674808038178,1.5
15,0.77,0.022407338460529152,Measles,0.7707519614128497,0.999910616102955,0.0013966683801345248,0.08431198299830574,0.15551132569009318,0.08421103594723889,0.9156880170016942,1.5
15,0.78,0.021297883384272513,Measles,0.7707519614128497,0.9998928386212401,0.0014094235944807076,0.09444185932286965,0.17258291997945005,0.09433046084112355,0.9055581406771304,1.5
15,0.79,0.0202028905333403,Measles,0.7707519614128497,0.9998722311293291,0.0014238157540602536,0.10601035414669842,0.19169631701364204,0.10588749240702636,0.8939896458533015,1.5
15,0.8,0.019121991859864438,Measles,0.7707519614128497,0.9998485036261476,0.001440042595047819,0.11923236409841408,0.21305752652175525,0.11909700481629457,0.8807676359015859,1.5
15,0.81,0.018054833137763664,Measles,0.7707519614128497,0.9998213688526755,0.0014583187167774847,0.13435204312417784,0.23687390701645292,0.13420316125665616,0.8656479568758222,1.5
15,0.8200000000000001,0.01700107328046007,Measles,0.7707519614128497,0.9997905493219212,0.001478875125373147,0.1516450382397997,0.26334651754992083,0.15148166261253518,0.8483549617602003,1.5
15,0.8300000000000001,0.015960383700131864,Measles,0.7707519614128497,0.9997557851751879,0.0015019582600881431,0.17142005755672818,0.29266005664468164,0.17124133150807916,0.8285799424432718,1.5
15,0.8400000000000001,0.01493244770552027,Measles,0.7707519614128497,0.9997168428007879,0.0015278284307560508,0.1940192804874843,0.32497021535569026,0.19382454185968473,0.8059807195125157,1.5
15,0.8500000000000001,0.013916959935524815,Measles,0.7707519614128497,0.9996735241845026,0.0015567576090758095,0.21981690971738854,0.3603884683366152,0.21960579352642565,0.7801830902826115,1.5
15,0.86,0.012913625826079219,Measles,0.7707519614128497,0.9996256770340236,0.00158902653800852,0.24921487801221112,0.3989646078569016,0.24898744470383732,0.7507851219877889,1.5
15,0.87,0.01192216110798487,Measles,0.7707519614128497,0.9995732058483289,0.0016249211523137186,0.2826343350640944,0.44066767565848175,0.2823912261356361,0.7173656649359056,1.5
15,0.88,0.01094229133357353,Measles,0.7707519614128497,0.9995160843120019,0.0016647283384858547,0.32050101743792314,0.4853663206982519,0.32024363796714983,0.6794989825620769,1.5
15,0.89,0.009973751430229803,Measles,0.7707519614128497,0.9994543697243052,0.001708731102383232,0.3632219053209673,0.5328099227977942,0.3629526290072843,0.6367780946790327,1.5
15,0.9,0.00901628527898065,Measles,0.7707519614128497,0.9993882206945374,0.0017572032551429473,0.4111496373285524,0.5826119478492723,0.41087202318263594,0.5888503626714476,1.5
15,0.91,0.00806964531646629,Measles,0.7707519614128497,0.999317920178146,0.0018104037693463804,0.4645299166178311,0.634236781264251,0.46424891625730325,0.5354700833821688,1.5
15,0.9199999999999999,0.007133592158764904,Measles,0.7707519614128497,0.9992439073363542,0.0018685709939488815,0.5234255042670867,0.6869905471241731,0.5231476232479358,0.47657449573291333,1.5
15,0.9299999999999999,0.006207894245648183,Measles,0.7707519614128497,0.9991668241525107,0.00193191694442707,0.5876082383671307,0.7400149791147478,0.5873415918360638,0.4123917616328693,1.5
15,0.94,0.005292327503942014,Measles,0.7707519614128497,0.999087587201621,0.002000621900349997,0.6564076839312625,0.792281054008337,0.6561618530122266,0.3435923160687375,1.5
15,0.95,0.00438667502878667,Measles,0.7707519614128497,0.9990075035195479,0.002074829543534773,0.7285013098257318,0.8425754696213672,0.7282868563154261,0.2714986901742682,1.5
15,0.96,0.0034907267816572654,Measles,0.7707519614128497,0.9989284668509054,0.002154642854801714,0.8016262487049933,0.8894673099218701,0.8014536761067428,0.19837375129500667,1.5
15,0.97,0.0026042793041091156,Measles,0.7707519614128497,0.9988533080637043,0.0022401209563891467,0.8721863977004348,0.9312322618353515,0.872064248643826,0.12781360229956518,1.5
15,0.98,0.0017271354462612047,Measles,0.7707519614128497,0.9987864612646397,0.0023312770423096207,0.9347204449870299,0.9656920515791395,0.9346520883097693,0.06527955501297011,1.5
15,0.99,8.591041091364357e-4,Measles,0.7707519614128497,0.9987353330495856,0.0024280774838401076,0.9811858308773937,0.9898828048701126,0.9811643022888785,0.01881416912260625,1.5
0,0.5,0.09497690450094864,RSV-A,0.8184389020604829,0.49065819508563263,0.9574036223452477,0.08913036812751944,0.1508568755147692,0.008423437195702656,0.9108696318724806,1.5
0,0.51,0.09219126303295479,RSV-A,0.8184389020604829,0.480493175109256,0.9575664460072744,0.09312828308427255,0.15601754011279967,0.008987462096856438,0.9068717169157274,1.5
0,0.52,0.08946391153100311,RSV-A,0.8184389020604829,0.4701446826381466,0.9577365310921038,0.09732042321764968,0.1612598872273185,0.009598760576496994,0.9026795767823503,1.5
0,0.53,0.08679254389879366,RSV-A,0.8184389020604829,0.45961461537266673,0.9579142828848118,0.10171930151276945,0.16657350013756428,0.01026247796588034,0.8982806984872306,1.5
0,0.54,0.0841749866510103,RSV-A,0.8184389020604829,0.44890581176151584,0.9581001301105116,0.10633838524042294,0.17194567509399536,0.010984430162425458,0.8936616147595771,1.5
0,0.55,0.08160918899542047,RSV-A,0.8184389020604829,0.4380221579190206,0.9582945259454456,0.11119217739580026,0.17736112972617324,0.011771203103613914,0.8888078226041998,1.5
0,0.56,0.07909321382199169,RSV-A,0.8184389020604829,0.4269686985485347,0.9584979489660423,0.11629630513608638,0.1828016960900503,0.012630268354234381,0.8837036948639136,1.5
0,0.5700000000000001,0.07662522950149853,RSV-A,0.8184389020604829,0.41575175029015626,0.9587109040057885,0.12166761570534422,0.18824600445660336,0.013570117556893215,0.8783323842946558,1.5
0,0.58,0.07420350240809076,RSV-A,0.8184389020604829,0.40437901545174093,0.9589339228833732,0.12732428032665621,0.19366916673412363,0.014600418970364785,0.8726757196733438,1.5
0,0.59,0.07182639009063523,RSV-A,0.8184389020604829,0.39285969357819595,0.9591675649582517,0.13328590651655942,0.19904247182892887,0.015732199872675875,0.8667140934834405,1.5
0,0.6,0.06949233502659016,RSV-A,0.8184389020604829,0.38120458777778216,0.959412417461476,0.13957365922963347,0.20433310929176132,0.016978059246007437,0.8604263407703665,1.5
0,0.61,0.06719985889991154,RSV-A,0.8184389020604829,0.36942620217420197,0.9596690955403692,0.1462103911642662,0.20950394221057217,0.018352415898938997,0.8537896088357337,1.5
0,0.62,0.06494755735122526,RSV-A,0.8184389020604829,0.35753882631643313,0.9599382419453956,0.15322078244450432,0.21451335533516977,0.019871798028153604,0.8467792175554957,1.5
0,0.63,0.0627340951543576,RSV-A,0.8184389020604829,0.3455586018885274,0.9602205262765025,0.16063148972530383,0.2193152095560721,0.021555181184959693,0.8393685102746962,1.5
0,0.64,0.060558201778427724,RSV-A,0.8184389020604829,0.3335035666618346,0.9605166436944891,0.16847130453384293,0.22385893862924724,0.023424382697421198,0.831528695466157,1.5
0,0.65,0.058418667299189056,RSV-A,0.8184389020604829,0.3213936703720743,0.9608273129908906,0.17677132033791906,0.22808982774542386,0.02550452180696687,0.8232286796620809,1.5
0,0.66,0.05631433862722098,RSV-A,0.8184389020604829,0.30925075713890016,0.9611532738979207,0.18556510739867843,0.23194951526152802,0.02782455610127353,0.8144348926013216,1.5
0,0.67,0.05424411602402406,RSV-A,0.8184389020604829,0.2970985092339161,0.9614952835088397,0.19488889388683364,0.2353767575053718,0.030417906242391157,0.8051111061131664,1.5
0,0.6799999999999999,0.05220694988010563,RSV-A,0.8184389020604829,0.28496234749996785,0.9618541116695801,0.20478175097868123,0.2383084907620705,0.03332318246087487,0.7952182490213188,1.5
0,0.69,0.05020183773181428,RSV-A,0.8184389020604829,0.27286928457715615,0.9622305351956854,0.21528577864905532,0.24068121310208065,0.03658502774553289,0.7847142213509447,1.5
0,0.7,0.04822782149605947,RSV-A,0.8184389020604829,0.2608477283307309,0.9626253307660025,0.2264462875780273,0.24243269063544515,0.04025509399673228,0.7735537124219727,1.5
0,0.71,0.04628398490412797,RSV-A,0.8184389020604829,0.24892723451065243,0.9630392663478149,0.23831197090455483,0.24350396769694096,0.04439316846472728,0.7616880290954452,1.5
0,0.72,0.04436945111769108,RSV-A,0.8184389020604829,0.23713820967896226,0.9634730910191561,0.2509350573897517,0.24384162899344258,0.04906846831945338,0.7490649426102483,1.5
0,0.73,0.0424833805117236,RSV-A,0.8184389020604829,0.22551156775814304,0.9639275230751156,0.26437143476474717,0.24340022583854415,0.05436112084096548,0.7356285652352528,1.5
0,0.74,0.04062496861054482,RSV-A,0.8184389020604829,0.21407834608077142,0.9644032363383239,0.2786807284683764,0.24214474178757764,0.06036384497476893,0.7213192715316237,1.5
0,0.75,0.03879344416448818,RSV-A,0.8184389020604829,0.20286928941698637,0.9649008446417817,0.29392631642175426,0.24005294029427862,0.06718384615170654,0.7060736835782457,1.5
0,0.76,0.0369880673558855,RSV-A,0.8184389020604829,0.19191441294914174,0.9654208845167447,0.3101752546793564,0.23711741448216372,0.07494492933459587,0.6898247453206436,1.5
0,0.77,0.035208128124095336,RSV-A,0.8184389020604829,0.18124255735891923,0.9659637962009261,0.32749808141292575,0.2333471528781795,0.08378982385149196,0.6725019185870742,1.5
0,0.78,0.03345294460024189,RSV-A,0.8184389020604829,0.1708809508967942,0.9665299031832267,0.34596845731428094,0.2287684498693191,0.09388269582683723,0.6540315426857191,1.5
0,0.79,0.03172186164316956,RSV-A,0.8184389020604829,0.160854794343015,0.9671193906195577,0.3656625886307525,0.22342502791048283,0.10541179736504422,0.6343374113692475,1.5
0,0.8,0.030014249468886943,RSV-A,0.8184389020604829,0.15118688501516775,0.9677322830871259,0.3866583640256149,0.2173772984937566,0.11859216260803704,0.6133416359743851,1.5
0,0.81,0.028329502366429286,RSV-A,0.8184389020604829,0.14189729536990797,0.9683684222865815,0.40903411747649454,0.2107007646707317,0.13366820471047683,0.5909658825235055,1.5
0,0.8200000000000001,0.026667037493713974,RSV-A,0.8184389020604829,0.13300312031479583,0.9690274454446869,0.43286690547155043,0.20348364990254314,0.1509159883976195,0.5671330945284496,1.5
0,0.8300000000000001,0.025026293747480787,RSV-A,0.8184389020604829,0.12451830521818315,0.9697087653040658,0.4582301565688732,0.19582391456116288,0.17064484174898487,0.5417698434311268,1.5
0,0.8400000000000001,0.023406730701940943,RSV-A,0.8184389020604829,0.11645356401596245,0.9704115526978918,0.48519051336024077,0.18782588122181126,0.19319781710359457,0.5148094866397592,1.5
0,0.8500000000000001,0.02180782761118018,RSV-A,0.8184389020604829,0.10881639410224377,0.9711347227812097,0.5138036390450613,0.17959672448980338,0.21895029984886075,0.4861963609549387,1.5
0,0.86,0.020229082470800512,RSV-A,0.8184389020604829,0.10161119230218088,0.9718769260113842,0.5441087006970795,0.17124308672919902,0.24830577600582893,0.4558912993029205,1.5
0,0.87,0.018670011134623,RSV-A,0.8184389020604829,0.09483947472090017,0.9726365449236017,0.5761211658090515,0.16286805943718835,0.2816873795670652,0.4238788341909485,1.5
0,0.88,0.017130146482643594,RSV-A,0.8184389020604829,0.08850020336640341,0.9734116976222051,0.6098234539780383,0.15456872791591245,0.3195233152268864,0.3901765460219617,1.5
0,0.89,0.01560903763671078,RSV-A,0.8184389020604829,0.0825902251476752,0.9742002486993031,0.6451528668549454,0.14643442476820154,0.3622235480620386,0.35484713314505456,1.5
0,0.9,0.014106249220694091,RSV-A,0.8184389020604829,0.07710483565006343,0.9749998280004073,0.6819860707592472,0.13854578801440723,0.410144212376813,0.3180139292407528,1.5
0,0.91,0.01262136066214969,RSV-A,0.8184389020604829,0.072038493481899,0.9758078572937894,0.7201192202390599,0.13097468560826353,0.46353494400104767,0.27988077976094006,1.5
0,0.9199999999999999,0.011153965532731572,RSV-A,0.8184389020604829,0.067385735476008235,0.9766215844862535,0.7592425781238062,0.12378506443548175,0.5224626889263901,0.24075742187619376,1.5
0,0.9299999999999999,0.009703670924803226,RSV-A,0.8184389020604829,0.06314238728993304,0.9774381245922208,0.7989081968393139,0.11703482766010588,0.5867033637977592,0.2010918031606861,1.5
0,0.94,0.008270096861893731,RSV-A,0.8184389020604829,0.0593072455840501,0.9782545062408547,0.8384888627563631,0.11077897184229542,0.6555898827434661,0.16151113724363686,1.5
0,0.95,0.006852875740824652,RSV-A,0.8184389020604829,0.05588456463129004,0.9790677221354483,0.8771260525610846,0.10507449040964431,0.727801317804762,0.12287394743891544,1.5
0,0.96,0.005451651803495008,RSV-A,0.8184389020604829,0.05288799735525057,0.9798747815966127,0.9136640863360768,0.09998812189651575,0.8010730673624338,0.08633591366392324,1.5
0,0.97,0.004066080636449747,RSV-A,0.8184389020604829,0.05034732598841261,0.9806727631553115,0.9465669593526571,0.09560925341958368,0.8718015368584658,0.05343304064734289,1.5
0,0.98,0.002695828696508644,RSV-A,0.8184389020604829,0.048320919002159145,0.9814588651319676,0.9738134603050753,0.09207314085356649,0.9345085659553068,0.026186539694924682,1.5
0,0.99,0.00134057286084162,RSV-A,0.8184389020604829,0.04692097341425117,0.9822304522485391,0.9927650969137994,0.08960686508801852,0.9811201281562052,0.0072349030862005614,1.5
1,0.5,0.09497690450094864,RSV-A,0.8184389020604829,0.7885533515680003,0.8573726562956198,0.04485991524182121,0.08489050492417156,0.008423437195702656,0.9551400847581788,1.5
1,0.51,0.09219126303295479,RSV-A,0.8184389020604829,0.7793898984573683,0.857657175567017,0.04730748595378952,0.08920066125541197,0.008987462096856438,0.9526925140462105,1.5
1,0.52,0.08946391153100311,RSV-A,0.8184389020604829,0.7698521444707445,0.8579579378025619,0.04990689004465533,0.09373712202502546,0.009598760576496994,0.9500931099553447,1.5
1,0.53,0.08679254389879366,RSV-A,0.8184389020604829,0.7599293095906062,0.8582760580996195,0.0526700168540982,0.09851223903711684,0.01026247796588034,0.9473299831459018,1.5
1,0.54,0.0841749866510103,RSV-A,0.8184389020604829,0.7496112719346588,0.8586127332432976,0.05560984249729064,0.10353867780997691,0.010984430162425458,0.9443901575027094,1.5
1,0.55,0.08160918899542047,RSV-A,0.8184389020604829,0.7388887571874078,0.858969247131266,0.05874054021461088,0.10882931431194678,0.011771203103613914,0.9412594597853892,1.5
1,0.56,0.07909321382199169,RSV-A,0.8184389020604829,0.7277535494977038,0.8593469763273927,0.06207760239922234,0.11439709710572904,0.012630268354234381,0.9379223976007777,1.5
1,0.5700000000000001,0.07662522950149853,RSV-A,0.8184389020604829,0.7161987237271302,0.8597473956821298,0.06563797547372757,0.12025486731530186,0.013570117556893215,0.9343620245262725,1.5
1,0.58,0.07420350240809076,RSV-A,0.8184389020604829,0.7042188982460038,0.860172083938296,0.0694402088685047,0.12641512762833146,0.014600418970364785,0.9305597911314953,1.5
1,0.59,0.07182639009063523,RSV-A,0.8184389020604829,0.6918105066256381,0.8606227292179094,0.07350461942818103,0.13288975031275843,0.015732199872675875,0.926495380571819,1.5
1,0.6,0.06949233502659016,RSV-A,0.8184389020604829,0.6789720855620145,0.8611011342586061,0.07785347263308127,0.13968961304105956,0.016978059246007437,0.9221465273669187,1.5
1,0.61,0.06719985889991154,RSV-A,0.8184389020604829,0.6657045751902841,0.861609221236584,0.08251118206138149,0.14682415030760934,0.018352415898938997,0.9174888179386185,1.5
1,0.62,0.06494755735122526,RSV-A,0.8184389020604829,0.6520116266282534,0.8621490359766152,0.08750452852421052,0.1543008075831589,0.019871798028153604,0.9124954714757895,1.5
1,0.63,0.0627340951543576,RSV-A,0.8184389020604829,0.6378999101514655,0.8627227513083732,0.09286290026563888,0.1621243853447992,0.021555181184959693,0.9071370997343611,1.5
1,0.64,0.060558201778427724,RSV-A,0.8184389020604829,0.6233794159040379,0.8633326692821713,0.09861855551322447,0.17029626111679114,0.023424382697421198,0.9013814444867755,1.5
1,0.65,0.058418667299189056,RSV-A,0.8184389020604829,0.6084637375603679,0.8639812219066272,0.1048069084672937,0.17881348013775902,0.02550452180696687,0.8951930915327063,1.5
1,0.66,0.05631433862722098,RSV-A,0.8184389020604829,0.5931703279685586,0.8646709700165769,0.11146683949543046,0.18766770983451486,0.02782455610127353,0.8885331605045695,1.5
1,0.67,0.05424411602402406,RSV-A,0.8184389020604829,0.577520714644395,0.8654045998231654,0.11864102980952292,0.19684406064423762,0.030417906242391157,0.881358970190477,1.5
1,0.6799999999999999,0.05220694988010563,RSV-A,0.8184389020604829,0.5615406621805883,0.8661849166415841,0.126376320190214,0.20631978666666173,0.03332318246087487,0.8736236798097861,1.5
1,0.69,0.05020183773181428,RSV-A,0.8184389020604829,0.5452602683370873,0.8670148352384117,0.13472409231495275,0.21606289490740885,0.03658502774553289,0.8652759076850473,1.5
1,0.7,0.04822782149605947,RSV-A,0.8184389020604829,0.5287139809320462,0.8678973661940408,0.1437406698472371,0.22603071207463785,0.04025509399673228,0.8562593301527629,1.5
1,0.71,0.04628398490412797,RSV-A,0.8184389020604829,0.5119405237929182,0.8688355976414929,0.15348773453500683,0.23616848316927652,0.04439316846472728,0.8465122654649931,1.5
1,0.72,0.04436945111769108,RSV-A,0.8184389020604829,0.49498272205480537,0.869832671727569,0.1640327499896701,0.24640810584957773,0.04906846831945338,0.8359672500103299,1.5
1,0.73,0.0424833805117236,RSV-A,0.8184389020604829,0.47788722005839446,0.8708917551535967,0.1754493823743053,0.2566671369447908,0.05436112084096548,0.8245506176256947,1.5
1,0.74,0.04062496861054482,RSV-A,0.8184389020604829,0.4607040889839333,0.8720160031998844,0.1878179026637036,0.2668482390912299,0.06036384497476893,0.8121820973362964,1.5
1,0.75,0.03879344416448818,RSV-A,0.8184389020604829,0.4434863260566951,0.8732085167301392,0.20122554912295695,0.2768392608385376,0.06718384615170654,0.798774450877043,1.5
1,0.76,0.0369880673558855,RSV-A,0.8184389020604829,0.42628925247982313,0.874472291819377,0.21576682076649348,0.2865141552806708,0.07494492933459587,0.7842331792335065,1.5
1,0.77,0.035208128124095336,RSV-A,0.8184389020604829,0.4091698229099742,0.875810161860422,0.2315436622727877,0.2957349313821883,0.08378982385149196,0.7684563377272123,1.5
1,0.78,0.03345294460024189,RSV-A,0.8184389020604829,0.3921858649381168,0.8772247322871344,0.2486654874620099,0.3043547896569205,0.09388269582683723,0.7513345125379901,1.5
1,0.79,0.03172186164316956,RSV-A,0.8184389020604829,0.3753952722792234,0.8787183084107018,0.2672489711313246,0.31222251288445685,0.10541179736504422,0.7327510288686754,1.5
1,0.8,0.030014249468886943,RSV-A,0.8184389020604829,0.3588551798212728,0.880292817296939,0.28741751668840837,0.3191880616093996,0.11859216260803704,0.7125824833115917,1.5
1,0.81,0.028329502366429286,RSV-A,0.8184389020604829,0.34262115200029153,0.8819497251087296,0.30930027823833,0.32510917030366154,0.13366820471047683,0.6906997217616699,1.5
1,0.8200000000000001,0.026667037493713974,RSV-A,0.8184389020604829,0.32674641793213455,0.8836899518803708,0.3330305787995441,0.32985857107373673,0.1509159883976195,0.6669694212004559,1.5
1,0.8300000000000001,0.025026293747480787,RSV-A,0.8184389020604829,0.311281187285179,0.885513786251466,0.35874351892507833,0.33333131589574194,0.17064484174898487,0.6412564810749217,1.5
1,0.8400000000000001,0.023406730701940943,RSV-A,0.8184389020604829,0.2962720801837601,0.8874208032279093,0.38657250936816606,0.33545156026649103,0.19319781710359457,0.613427490631834,1.5
1,0.8500000000000001,0.02180782761118018,RSV-A,0.8184389020604829,0.28176170291394165,0.8894097885076421,0.41664438400684084,0.33617814433685866,0.21895029984886075,0.5833556159931592,1.5
1,0.86,0.020229082470800512,RSV-A,0.8184389020604829,0.26778839960328515,0.8914786732530884,0.44907265055011736,0.3355083844231385,0.24830577600582893,0.5509273494498826,1.5
1,0.87,0.018670011134623,RSV-A,0.8184389020604829,0.2543862094976394,0.8936244833520421,0.4839483109541712,0.3334796708166421,0.2816873795670652,0.5160516890458289,1.5
1,0.88,0.017130146482643594,RSV-A,0.8184389020604829,0.2415850616361834,0.8958433071295644,0.5213275238899823,0.3301687359233653,0.3195233152268864,0.47867247611001773,1.5
1,0.89,0.01560903763671078,RSV-A,0.8184389020604829,0.22941124614456687,0.8981302851125154,0.5612151791244209,0.3256887690147128,0.3622235480620386,0.43878482087557913,1.5
1,0.9,0.014106249220694091,RSV-A,0.8184389020604829,0.21788821799679256,0.9004796247829492,0.6035431971349147,0.32018486092774545,0.410144212376813,0.39645680286508533,1.5
1,0.91,0.01262136066214969,RSV-A,0.8184389020604829,0.20703782162584178,0.9028846422918576,0.6481420426834978,0.3138285224470041,0.46353494400104767,0.35185795731650216,1.5
1,0.9199999999999999,0.011153965532731572,RSV-A,0.8184389020604829,0.19688208520840955,0.9053378318782258,0.694703530916868,0.3068122170094306,0.5224626889263901,0.305296469083132,1.5
1,0.9299999999999999,0.009703670924803226,RSV-A,0.8184389020604829,0.18744584472529924,0.9078309623216858,0.7427324869490052,0.29934500445840584,0.5867033637977592,0.2572675130509948,1.5
1,0.94,0.008270096861893731,RSV-A,0.8184389020604829,0.1787606661846865,0.9103551982518245,0.7914841674966246,0.29165058580008163,0.6555898827434661,0.20851583250337535,1.5
1,0.95,0.006852875740824652,RSV-A,0.8184389020604829,0.17087093806412346,0.9129012426662652,0.8398835319018789,0.2839694331809591,0.727801317804762,0.16011646809812108,1.5
1,0.96,0.005451651803495008,RSV-A,0.8184389020604829,0.16384382774664843,0.9154594957037775,0.8864214173579795,0.27656761697769483,0.8010730673624338,0.11357858264202048,1.5
1,0.97,0.004066080636449747,RSV-A,0.8184389020604829,0.15778657609402272,0.918020223700473,0.9290213765670536,0.2697571392769973,0.8718015368584658,0.07097862343294636,1.5
1,0.98,0.002695828696508644,RSV-A,0.8184389020604829,0.15287877058846447,0.9205737319249372,0.9648693098259078,0.26393788806157603,0.9345085659553068,0.035130690174092205,1.5
1,0.99,0.00134057286084162,RSV-A,0.8184389020604829,0.14943796727505057,0.9231105342027488,0.9901959862842142,0.2596849188848457,0.9811201281562052,0.009804013715785764,1.5
2,0.5,0.09497690450094864,RSV-A,0.8184389020604829,0.9207138896798674,0.7104043126827244,0.026297943097608877,0.051135330398070535,0.008423437195702656,0.9737020569023911,1.5
2,0.51,0.09219126303295479,RSV-A,0.8184389020604829,0.9153753294838038,0.7107150920750231,0.027896133940976238,0.05414227778042334,0.008987462096856438,0.9721038660590238,1.5
2,0.52,0.08946391153100311,RSV-A,0.8184389020604829,0.9096933074430322,0.7110464605553855,0.0296086020585617,0.057350563994295486,0.009598760576496994,0.9703913979414382,1.5
2,0.53,0.08679254389879366,RSV-A,0.8184389020604829,0.9036486804272182,0.7114000522086769,0.03144557936361504,0.060776239399771906,0.01026247796588034,0.968554420636385,1.5
2,0.54,0.0841749866510103,RSV-A,0.8184389020604829,0.897221928654755,0.7117776413881417,0.03341836174113801,0.06443668361083123,0.010984430162425458,0.966581638258862,1.5
2,0.55,0.08160918899542047,RSV-A,0.8184389020604829,0.8903932930904325,0.712181154347903,0.035539431590301616,0.06835069262545362,0.011771203103613914,0.9644605684096984,1.5
2,0.56,0.07909321382199169,RSV-A,0.8184389020604829,0.8831429425522264,0.7126126815479885,0.03782259523602982,0.0725385623699396,0.012630268354234381,0.9621774047639702,1.5
2,0.5700000000000001,0.07662522950149853,RSV-A,0.8184389020604829,0.8754511732213307,0.7130744905851611,0.04028313699645199,0.07702216494693191,0.013570117556893215,0.959716863003548,1.5
2,0.58,0.07420350240809076,RSV-A,0.8184389020604829,0.8672986429043201,0.7135690396740474,0.042937991878914825,0.08182501266714662,0.014600418970364785,0.9570620081210852,1.5
2,0.59,0.07182639009063523,RSV-A,0.8184389020604829,0.8586666418539584,0.7140989915672404,0.04580593907102185,0.08697230343645693,0.015732199872675875,0.9541940609289782,1.5
2,0.6,0.06949233502659016,RSV-A,0.8184389020604829,0.8495374011819825,0.7146672277590915,0.048907818590343675,0.09249093920995942,0.016978059246007437,0.9510921814096563,1.5
2,0.61,0.06719985889991154,RSV-A,0.8184389020604829,0.8398944388624096,0.715276862764674,0.05226677365038007,0.09840950696027988,0.018352415898938997,0.9477332263496199,1.5
2,0.62,0.06494755735122526,RSV-A,0.8184389020604829,0.8297229420054681,0.7159312582017907,0.05590852148129303,0.10475820889199425,0.019871798028153604,0.944091478518707,1.5
2,0.63,0.0627340951543576,RSV-A,0.8184389020604829,0.819010182469402,0.7166340363289327,0.05986165549808287,0.11156872543734679,0.021555181184959693,0.9401383445019171,1.5
2,0.64,0.060558201778427724,RSV-A,0.8184389020604829,0.8077459609786395,0.7173890926050333,0.0641579818169344,0.11887399089172428,0.023424382697421198,0.9358420181830656,1.5
2,0.65,0.058418667299189056,RSV-A,0.8184389020604829,0.7959230727644064,0.7182006067373901,0.06883289315584479,0.12670785744637797,0.02550452180696687,0.9311671068441552,1.5
2,0.66,0.05631433862722098,RSV-A,0.8184389020604829,0.7835377854006252,0.7190730515725259,0.07392578308223924,0.13510461899331946,0.02782455610127353,0.9260742169177607,1.5
2,0.67,0.05424411602402406,RSV-A,0.8184389020604829,0.7705903170720637,0.7200111990622056,0.0794805033392599,0.1440983616861757,0.030417906242391157,0.9205194966607401,1.5
2,0.6799999999999999,0.05220694988010563,RSV-A,0.8184389020604829,0.7570853011193825,0.7210201224057191,0.08554586652856108,0.15372210430116345,0.03332318246087487,0.9144541334714389,1.5
2,0.69,0.05020183773181428,RSV-A,0.8184389020604829,0.7430322205309716,0.7221051933337859,0.09217619566378431,0.16400668866868395,0.03658502774553289,0.9078238043362157,1.5
2,0.7,0.04822782149605947,RSV-A,0.8184389020604829,0.728445794300713,0.7232720733649428,0.09943192092051362,0.17497937988204976,0.04025509399673228,0.9005680790794863,1.5
2,0.71,0.04628398490412797,RSV-A,0.8184389020604829,0.7133462964721597,0.724526697740286,0.1073802221438957,0.1866621390761708,0.04439316846472728,0.8926197778561042,1.5
2,0.72,0.04436945111769108,RSV-A,0.8184389020604829,0.6977597884762581,0.7258752506378388,0.11609571313537398,0.19906954018231854,0.04906846831945338,0.8839042868646261,1.5
2,0.73,0.0424833805117236,RSV-A,0.8184389020604829,0.6817182462560355,0.7273241301975261,0.12566116016538872,0.2122063184894591,0.05436112084096548,0.8743388398346112,1.5
2,0.74,0.04062496861054482,RSV-A,0.8184389020604829,0.6652595658278807,0.7288799018685219,0.136168222210329,0.226064565614685,0.06036384497476893,0.863831777789671,1.5
2,0.75,0.03879344416448818,RSV-A,0.8184389020604829,0.6484274344502174,0.7305492386421839,0.14771819364950417,0.24062062504416803,0.06718384615170654,0.8522818063504958,1.5
2,0.76,0.0369880673558855,RSV-A,0.8184389020604829,0.6312710594531031,0.7323388468773535,0.1604227210102877,0.2558317964636248,0.07494492933459587,0.8395772789897122,1.5
2,0.77,0.035208128124095336,RSV-A,0.8184389020604829,0.6138447529031879,0.7342553766827453,0.17440445307910943,0.2716330256803731,0.08378982385149196,0.8255955469208905,1.5
2,0.78,0.03345294460024189,RSV-A,0.8184389020604829,0.5962073773910643,0.7363053162143807,0.18979756735016753,0.2879338371142216,0.09388269582683723,0.8102024326498325,1.5
2,0.79,0.03172186164316956,RSV-A,0.8184389020604829,0.578421665971693,0.738494869791567,0.20674809413684664,0.30461585028586885,0.10541179736504422,0.7932519058631533,1.5
2,0.8,0.030014249468886943,RSV-A,0.8184389020604829,0.5605534372217285,0.7408298204422895,0.22541393114725214,0.32153129757655485,0.11859216260803704,0.7745860688527478,1.5
2,0.81,0.028329502366429286,RSV-A,0.8184389020604829,0.542670734026713,0.7433153783564436,0.24596440390574947,0.3385030090389069,0.13366820471047683,0.7540355960942505,1.5
2,0.8200000000000001,0.026667037493713974,RSV-A,0.8184389020604829,0.524842921644427,0.7459560177356261,0.26857917849986385,0.3553263280947012,0.1509159883976195,0.7314208215001361,1.5
2,0.8300000000000001,0.025026293747480787,RSV-A,0.8184389020604829,0.507139786496885,0.7487553056449423,0.2934462694437116,0.37177334611242235,0.17064484174898487,0.7065537305562883,1.5
2,0.8400000000000001,0.023406730701940943,RSV-A,0.8184389020604829,0.4896306819333702,0.7517157276368067,0.3207588027586697,0.38759967718619015,0.19319781710359457,0.6792411972413304,1.5
2,0.8500000000000001,0.02180782761118018,RSV-A,0.8184389020604829,0.4723837711129728,0.7548385160483807,0.350710087312939,0.40255373531537125,0.21895029984886075,0.649289912687061,1.5
2,0.86,0.020229082470800512,RSV-A,0.8184389020604829,0.4554654208640396,0.7581234878719986,0.38348640920750815,0.41638814650524386,0.24830577600582893,0.6165135907924919,1.5
2,0.87,0.018670011134623,RSV-A,0.8184389020604829,0.43893980519964126,0.761568899847045,0.41925678588457765,0.42887257730145106,0.2816873795670652,0.5807432141154223,1.5
2,0.88,0.017130146482643594,RSV-A,0.8184389020604829,0.42286878532316385,0.7651713288034295,0.4581586876824989,0.4398069610351591,0.3195233152268864,0.5418413123175011,1.5
2,0.89,0.01560903763671078,RSV-A,0.8184389020604829,0.4073121480859503,0.7689255851926409,0.5002784408744729,0.4490339341818744,0.3622235480620386,0.49972155912552707,1.5
2,0.9,0.014106249220694091,RSV-A,0.8184389020604829,0.39232831301712556,0.772824667089625,0.5456246502448137,0.4564493251914295,0.410144212376813,0.45437534975518634,1.5
2,0.91,0.01262136066214969,RSV-A,0.8184389020604829,0.37797566969322727,0.7768597606976906,0.594092498824206,0.4620098000848691,0.46353494400104767,0.405907501175794,1.5
2,0.9199999999999999,0.011153965532731572,RSV-A,0.8184389020604829,0.36431480130929994,0.7810202915556435,0.6454161696122807,0.46573725153641715,0.5224626889263901,0.35458383038771935,1.5
2,0.9299999999999999,0.009703670924803226,RSV-A,0.8184389020604829,0.35141202302386987,0.7852940283127802,0.6991058538545166,0.46772017462637844,0.5867033637977592,0.3008941461454834,1.5
2,0.94,0.008270096861893731,RSV-A,0.8184389020604829,0.33934498773754673,0.7896672382491514,0.7543648186113208,0.4681130563798577,0.6555898827434661,0.24563518138867924,1.5
2,0.95,0.006852875740824652,RSV-A,0.8184389020604829,0.32821174215263876,0.7941248908763646,0.8099807476477305,0.46713573438212697,0.727801317804762,0.19001925235226946,1.5
2,0.96,0.005451651803495008,RSV-A,0.8184389020604829,0.31814590207133053,0.7986509031944501,0.864183974810732,0.46507594132153224,0.8010730673624338,0.13581602518926805,1.5
2,0.97,0.004066080636449747,RSV-A,0.8184389020604829,0.3093434067517735,0.8032284177473952,0.9144632114136687,0.4623004336942221,0.8718015368584658,0.08553678858633129,1.5
2,0.98,0.002695828696508644,RSV-A,0.8184389020604829,0.30211284829865503,0.8078401027361211,0.9573268205229988,0.45928477506428983,0.9345085659553068,0.04267317947700122,1.5
2,0.99,0.00134057286084162,RSV-A,0.8184389020604829,0.2969782110237269,0.8124684622843026,0.9879944765314581,0.45668337542627324,0.9811201281562052,0.01200552346854189,1.5
3,0.5,0.09497690450094864,RSV-A,0.8184389020604829,0.9722382400531439,0.5428799450936693,0.017747157633217003,0.034858019812391276,0.008423437195702656,0.982252842366783,1.5
3,0.51,0.09219126303295479,RSV-A,0.8184389020604829,0.9697012221731298,0.5431501113339378,0.01888607807440228,0.037050552816568535,0.008987462096856438,0.9811139219255978,1.5
3,0.52,0.08946391153100311,RSV-A,0.8184389020604829,0.9669414258908716,0.5434399076359581,0.02011324259191367,0.039406788888417484,0.009598760576496994,0.9798867574080863,1.5
3,0.53,0.08679254389879366,RSV-A,0.8184389020604829,0.9639410062758457,0.5437510580361753,0.02143726907970683,0.04194178671341708,0.01026247796588034,0.9785627309202932,1.5
3,0.54,0.0841749866510103,RSV-A,0.8184389020604829,0.960681102184301,0.5440854523796568,0.02286775578706866,0.04467214954489233,0.010984430162425458,0.9771322442129313,1.5
3,0.55,0.08160918899542047,RSV-A,0.8184389020604829,0.957141869306855,0.5444451622351405,0.024415405048761458,0.04761618509444008,0.011771203103613914,0.9755845949512385,1.5
3,0.56,0.07909321382199169,RSV-A,0.8184389020604829,0.9533025363535518,0.5448324580689117,0.026092163573653602,0.05079407866014487,0.012630268354234381,0.9739078364263464,1.5
3,0.5700000000000001,0.07662522950149853,RSV-A,0.8184389020604829,0.9491414883524836,0.5452498276905318,0.02791138152969222,0.0542280792036582,0.013570117556893215,0.9720886184703078,1.5
3,0.58,0.07420350240809076,RSV-A,0.8184389020604829,0.9446363811913079,0.5456999959554747,0.02988799294396806,0.057942697473756966,0.014600418970364785,0.970112007056032,1.5
3,0.59,0.07182639009063523,RSV-A,0.8184389020604829,0.9397642915517446,0.5461859456729133,0.032038720242607885,0.06196491442319258,0.015732199872675875,0.9679612797573921,1.5
3,0.6,0.06949233502659016,RSV-A,0.8184389020604829,0.9345019062312059,0.5467109396195142,0.034382306084465936,0.06632439700873116,0.016978059246007437,0.9656176939155341,1.5
3,0.61,0.06719985889991154,RSV-A,0.8184389020604829,0.928825754464335,0.5472785435002392,0.036939775991167545,0.07105371691730837,0.018352415898938997,0.9630602240088324,1.5
3,0.62,0.06494755735122526,RSV-A,0.8184389020604829,0.9227124862014394,0.5478926496228326,0.03973473563707028,0.07618856572353412,0.019871798028153604,0.9602652643629297,1.5
3,0.63,0.0627340951543576,RSV-A,0.8184389020604829,0.9161391983231519,0.5485575009618622,0.04279370702515837,0.08176795733808741,0.021555181184959693,0.9572062929748416,1.5
3,0.64,0.060558201778427724,RSV-A,0.8184389020604829,0.9090838094325646,0.5492777151789955,0.046146508122056486,0.08783440522073062,0.023424382697421198,0.9538534918779435,1.5
3,0.65,0.058418667299189056,RSV-A,0.8184389020604829,0.9015254821428287,0.5500583080370359,0.04982668083271585,0.09443405756453978,0.02550452180696687,0.9501733191672841,1.5
3,0.66,0.05631433862722098,RSV-A,0.8184389020604829,0.8934450896677121,0.5509047154950625,0.053871972427869085,0.10161676837092096,0.02782455610127353,0.9461280275721309,1.5
3,0.67,0.05424411602402406,RSV-A,0.8184389020604829,0.8848257210532187,0.5518228136007013,0.05832487564575597,0.10943607591241734,0.030417906242391157,0.941675124354244,1.5
3,0.6799999999999999,0.05220694988010563,RSV-A,0.8184389020604829,0.8756532166272519,0.5528189351042742,0.0632332326057102,0.11794905246351155,0.03332318246087487,0.9367667673942898,1.5
3,0.69,0.05020183773181428,RSV-A,0.8184389020604829,0.8659167223037881,0.5538998815113323,0.0686509073013613,0.127215980418007,0.03658502774553289,0.9313490926986387,1.5
3,0.7,0.04822782149605947,RSV-A,0.8184389020604829,0.8556092484194671,0.5550729290703563,0.07463853065850222,0.13729980023849503,0.04025509399673228,0.9253614693414978,1.5
3,0.71,0.04628398490412797,RSV-A,0.8184389020604829,0.8447282160129319,0.556345826969677,0.08126432077590269,0.14826526561992184,0.04439316846472728,0.9187356792240973,1.5
3,0.72,0.04436945111769108,RSV-A,0.8184389020604829,0.8332759711305922,0.5577267858041942,0.0886049787871726,0.160177731739598,0.04906846831945338,0.9113950212128274,1.5
3,0.73,0.0424833805117236,RSV-A,0.8184389020604829,0.82126024613223,0.559224454184793,0.0967466574830245,0.17310149504121652,0.05436112084096548,0.9032533425169755,1.5
3,0.74,0.04062496861054482,RSV-A,0.8184389020604829,0.8086945463563644,0.5608478812227033,0.10578599501093568,0.18709759995180647,0.06036384497476893,0.8942140049890643,1.5
3,0.75,0.03879344416448818,RSV-A,0.8184389020604829,0.7955984411436154,0.5626064625534943,0.1158311990893255,0.20222103245997217,0.06718384615170654,0.8841688009106745,1.5
3,0.76,0.0369880673558855,RSV-A,0.8184389020604829,0.7819977403061928,0.5645098676012436,0.1270031575331634,0.21851723675687046,0.07494492933459587,0.8729968424668366,1.5
3,0.77,0.035208128124095336,RSV-A,0.8184389020604829,0.767924540783457,0.566567945956292,0.13943653756717503,0.23601792414183848,0.08378982385149196,0.860563462432825,1.5
3,0.78,0.03345294460024189,RSV-A,0.8184389020604829,0.7534171334347932,0.5687906110844746,0.15328081819895056,0.2547361984217703,0.09388269582683723,0.8467191818010494,1.5
3,0.79,0.03172186164316956,RSV-A,0.8184389020604829,0.7385197665608617,0.571187700134448,0.16870117527142733,0.27466110367419044,0.10541179736504422,0.8312988247285726,1.5
3,0.8,0.030014249468886943,RSV-A,0.8184389020604829,0.7232822705593517,0.5737688093888285,0.18587910567792423,0.29575181066465217,0.11859216260803704,0.8141208943220758,1.5
3,0.81,0.028329502366429286,RSV-A,0.8184389020604829,0.7077595567607711,0.5765431059288508,0.2050126329684316,0.31793179475186095,0.13366820471047683,0.7949873670315684,1.5
3,0.8200000000000001,0.026667037493713974,RSV-A,0.8184389020604829,0.6920110125603203,0.5795191173474924,0.22631587779577875,0.34108351045063,0.1509159883976195,0.7736841222042212,1.5
3,0.8300000000000001,0.025026293747480787,RSV-A,0.8184389020604829,0.6760998241016366,0.5827045028250835,0.2500176989535066,0.3650442153974813,0.17064484174898487,0.7499823010464934,1.5
3,0.8400000000000001,0.023406730701940943,RSV-A,0.8184389020604829,0.660092266756243,0.5861058105170167,0.27635900849022094,0.38960370747491613,0.19319781710359457,0.723640991509779,1.5
3,0.8500000000000001,0.02180782761118018,RSV-A,0.8184389020604829,0.6440570125263777,0.5897282279055237,0.3055882302920923,0.4145047725001244,0.21895029984886075,0.6944117697079077,1.5
3,0.86,0.020229082470800512,RSV-A,0.8184389020604829,0.6280645127724872,0.593575333413826,0.33795419630502005,0.43944705345183893,0.24830577600582893,0.6620458036949799,1.5
3,0.87,0.018670011134623,RSV-A,0.8184389020604829,0.6121865255076946,0.5976488590210783,0.37369554632935886,0.4640948134471833,0.2816873795670652,0.6263044536706411,1.5
3,0.88,0.017130146482643594,RSV-A,0.8184389020604829,0.5964958711542269,0.6019484746825037,0.4130254008801191,0.488088667632213,0.3195233152268864,0.5869745991198809,1.5
3,0.89,0.01560903763671078,RSV-A,0.8184389020604829,0.5810665230803743,0.6064716058826087,0.45610969262538764,0.511060838503221,0.3622235480620386,0.5438903073746124,1.5
3,0.9,0.014106249220694091,RSV-A,0.8184389020604829,0.5659741763290168,0.611213295481473,0.5030370457965092,0.5326529259282747,0.410144212376813,0.4969629542034908,1.5
3,0.91,0.01262136066214969,RSV-A,0.8184389020604829,0.5512975019311319,0.6161661200499206,0.5537774534835127,0.5525346950183869,0.46353494400104767,0.4462225465164873,1.5
3,0.9199999999999999,0.011153965532731572,RSV-A,0.8184389020604829,0.5371204074938082,0.621320169089466,0.608126180319751,0.5704220999332463,0.5224626889263901,0.39187381968024904,1.5
3,0.9299999999999999,0.009703670924803226,RSV-A,0.8184389020604829,0.5235358303410377,0.6266630929412276,0.6656282626700066,0.586092781044252,0.5867033637977592,0.33437173732999337,1.5
3,0.94,0.008270096861893731,RSV-A,0.8184389020604829,0.5106519739064955,0.6321802219391774,0.7254776268589535,0.5993976391328554,0.6555898827434661,0.27452237314104655,1.5
3,0.95,0.006852875740824652,RSV-A,0.8184389020604829,0.4986026453126293,0.6378547556776832,0.7863831185255271,0.6102677775275441,0.727801317804762,0.21361688147447289,1.5
3,0.96,0.005451651803495008,RSV-A,0.8184389020604829,0.48756487792043146,0.6436680174297195,0.8463915325735515,0.6187170450334171,0.8010730673624338,0.15360846742644851,1.5
3,0.97,0.004066080636449747,RSV-A,0.8184389020604829,0.4777903357329014,0.6495997650953138,0.9026549273919547,0.6248415816695112,0.8718015368584658,0.09734507260804526,1.5
3,0.98,0.002695828696508644,RSV-A,0.8184389020604829,0.4696647588577169,0.6556285469025142,0.951125940952892,0.6288193408930752,0.9345085659553068,0.048874059047107954,1.5
3,0.99,0.00134057286084162,RSV-A,0.8184389020604829,0.46382971126023254,0.6617320877057129,0.9861603020764733,0.6309153083280138,0.9811201281562052,0.013839697923526684,1.5
4,0.5,0.09497690450094864,RSV-A,0.8184389020604829,0.9907729478871978,0.38299862511175453,0.013457576674092362,0.02655446650286463,0.008423437195702656,0.9865424233259077,1.5
4,0.51,0.09219126303295479,RSV-A,0.8184389020604829,0.989708905365423,0.38320170370560025,0.014343261967812878,0.028276726176962023,0.008987462096856438,0.9856567380321871,1.5
4,0.52,0.08946391153100311,RSV-A,0.8184389020604829,0.9885267057538064,0.3834204151012641,0.015300546615081363,0.03013466491559402,0.009598760576496994,0.9846994533849186,1.5
4,0.53,0.08679254389879366,RSV-A,0.8184389020604829,0.9872141360992014,0.38365623272936,0.016336799679213927,0.03214170602996068,0.01026247796588034,0.983663200320786,1.5
4,0.54,0.0841749866510103,RSV-A,0.8184389020604829,0.9857579430771851,0.3839107840575027,0.01746027975644246,0.034312792703561745,0.010984430162425458,0.9825397202435575,1.5
4,0.55,0.08160918899542047,RSV-A,0.8184389020604829,0.9841437962566161,0.384185867016533,0.018680254682299495,0.03666457090028144,0.011771203103613914,0.9813197453177005,1.5
4,0.56,0.07909321382199169,RSV-A,0.8184389020604829,0.9823562627423386,0.3844834679831166,0.020007138424625193,0.039215593283038586,0.012630268354234381,0.9799928615753748,1.5
4,0.5700000000000001,0.07662522950149853,RSV-A,0.8184389020604829,0.9803787965906476,0.3848057813942789,0.02145264768483883,0.04198654582289608,0.013570117556893215,0.9785473523151612,1.5
4,0.58,0.07420350240809076,RSV-A,0.8184389020604829,0.9781937468149181,0.38515523105034555,0.023029981083998785,0.045000498605658,0.014600418970364785,0.9769700189160012,1.5
4,0.59,0.07182639009063523,RSV-A,0.8184389020604829,0.9757823881806148,0.38553449313529264,0.024754024206119576,0.04828318201695137,0.015732199872675875,0.9752459757938804,1.5
4,0.6,0.06949233502659016,RSV-A,0.8184389020604829,0.9731249792947404,0.3859465209456938,0.026641584209286074,0.05186328894852298,0.016978059246007437,0.9733584157907139,1.5
4,0.61,0.06719985889991154,RSV-A,0.8184389020604829,0.9702008526813397,0.3863945712690551,0.02871165819466849,0.05577280284122946,0.018352415898938997,0.9712883418053315,1.5
4,0.62,0.06494755735122526,RSV-A,0.8184389020604829,0.9669885415526831,0.3868822322868648,0.030985740041322932,0.060047350165440175,0.019871798028153604,0.9690142599586771,1.5
4,0.63,0.0627340951543576,RSV-A,0.8184389020604829,0.9634659477796224,0.38741345279450434,0.03348817096360666,0.06472657421292477,0.021555181184959693,0.9665118290363933,1.5
4,0.64,0.060558201778427724,RSV-A,0.8184389020604829,0.9596105550774674,0.3879925724265332,0.03624653961557196,0.06985452468129016,0.023424382697421198,0.963753460384428,1.5
4,0.65,0.058418667299189056,RSV-A,0.8184389020604829,0.9553996906002903,0.38862435244913385,0.03929213813248984,0.0754800542850132,0.02550452180696687,0.9607078618675101,1.5
4,0.66,0.05631433862722098,RSV-A,0.8184389020604829,0.9508108369304502,0.3893140065293429,0.04266048103257617,0.0816572093044541,0.02782455610127353,0.9573395189674239,1.5
4,0.67,0.05424411602402406,RSV-A,0.8184389020604829,0.9458219948308656,0.390067230711434,0.046391894355966204,0.08844559533369019,0.030417906242391157,0.9536081056440338,1.5
4,0.6799999999999999,0.05220694988010563,RSV-A,0.8184389020604829,0.9404120950899929,0.39089023162385694,0.05053218272665356,0.09591069223820757,0.03332318246087487,0.9494678172733464,1.5
4,0.69,0.05020183773181428,RSV-A,0.8184389020604829,0.9345614553625613,0.39178975170646735,0.05513338209241459,0.10412408321709812,0.03658502774553289,0.9448666179075854,1.5
4,0.7,0.04822782149605947,RSV-A,0.8184389020604829,0.928252275165123,0.39277308999074356,0.060254605596545434,0.11316355166101408,0.04025509399673228,0.9397453944034546,1.5
4,0.71,0.04628398490412797,RSV-A,0.8184389020604829,0.9214691592458093,0.3938481166915866,0.06596298918255149,0.12311298610265167,0.04439316846472728,0.9340370108174485,1.5
4,0.72,0.04436945111769108,RSV-A,0.8184389020604829,0.9141996565859869,0.395023279588379,0.07233474188132986,0.13406201809057053,0.04906846831945338,0.9276652581186702,1.5
4,0.73,0.0424833805117236,RSV-A,0.8184389020604829,0.9064347995297974,0.3963075999001543,0.07945630294457934,0.1461053007785319,0.05436112084096548,0.9205436970554206,1.5
4,0.74,0.04062496861054482,RSV-A,0.8184389020604829,0.8981696252369519,0.39771065511533543,0.08742560361609716,0.159341318499203,0.06036384497476893,0.9125743963839028,1.5
4,0.75,0.03879344416448818,RSV-A,0.8184389020604829,0.8894036600959694,0.3992425460468305,0.09635342476938255,0.17387060152730455,0.06718384615170654,0.9036465752306174,1.5
4,0.76,0.0369880673558855,RSV-A,0.8184389020604829,0.8801413471974968,0.40091384528043916,0.10636483207894751,0.18979320873400585,0.07494492933459587,0.8936351679210525,1.5
4,0.77,0.035208128124095336,RSV-A,0.8184389020604829,0.8703923976944513,0.4027355242060239,0.11760065676459724,0.2072053384379792,0.08378982385149196,0.8823993432354027,1.5
4,0.78,0.03345294460024189,RSV-A,0.8184389020604829,0.8601720490486927,0.4047188560077706,0.13021897083956674,0.22619494063005471,0.09388269582683723,0.8697810291604333,1.5
4,0.79,0.03172186164316956,RSV-A,0.8184389020604829,0.8495012168735694,0.40687529238408404,0.14439647934531513,0.24683623955013195,0.10541179736504422,0.8556035206546848,1.5
4,0.8,0.030014249468886943,RSV-A,0.8184389020604829,0.8384065323144717,0.40921631240783096,0.16032971582847702,0.26918314284609485,0.11859216260803704,0.839670284171523,1.5
4,0.81,0.028329502366429286,RSV-A,0.8184389020604829,0.8269202635474997,0.4117532428536559,0.17823587812038633,0.2932616201585684,0.13366820471047683,0.8217641218796137,1.5
4,0.8200000000000001,0.026667037493713974,RSV-A,0.8184389020604829,0.8150801278233963,0.4144970505250515,0.19835307515815517,0.3190612847071203,0.1509159883976195,0.8016469248418449,1.5
4,0.8300000000000001,0.025026293747480787,RSV-A,0.8184389020604829,0.8029290093140491,0.4174581086012259,0.2209396667350696,0.3465266042014457,0.17064484174898487,0.7790603332649304,1.5
4,0.8400000000000001,0.023406730701940943,RSV-A,0.8184389020604829,0.7905146076630462,0.42064594075354156,0.24627225967803074,0.375548388719366,0.19319781710359457,0.7537277403219693,1.5
4,0.8500000000000001,0.02180782761118018,RSV-A,0.8184389020604829,0.7778890526043778,0.42406894867891187,0.27464176695935466,0.4059564241437747,0.21895029984886075,0.7253582330406454,1.5
4,0.86,0.020229082470800512,RSV-A,0.8184389020604829,0.7651085316471726,0.42773413064971866,0.30634672896525655,0.4375142940444355,0.24830577600582893,0.6936532710347434,1.5
4,0.87,0.018670011134623,RSV-A,0.8184389020604829,0.7522329915772494,0.4316468005370815,0.3416828235143972,0.46991749997007437,0.2816873795670652,0.6583171764856028,1.5
4,0.88,0.017130146482643594,RSV-A,0.8184389020604829,0.7393259923381641,0.43581031834815853,0.38092713391478306,0.5027958854836336,0.3195233152268864,0.6190728660852169,1.5
4,0.89,0.01560903763671078,RSV-A,0.8184389020604829,0.7264548173219574,0.4402258444365563,0.42431527759615884,0.5357210425162581,0.3622235480620386,0.5756847224038412,1.5
4,0.9,0.014106249220694091,RSV-A,0.8184389020604829,0.7136909837031244,0.4448921300120192,0.4720088899762381,0.5682188157082614,0.410144212376813,0.527991110023762,1.5
4,0.91,0.01262136066214969,RSV-A,0.8184389020604829,0.701111361912819,0.449805356237852,0.5240501687854385,0.5997862622056029,0.46353494400104767,0.47594983121456147,1.5
4,0.9199999999999999,0.011153965532731572,RSV-A,0.8184389020604829,0.6888002264355892,0.454959032966167,0.5802991615922386,0.6299115698515363,0.5224626889263901,0.4197008384077614,1.5
4,0.9299999999999999,0.009703670924803226,RSV-A,0.8184389020604829,0.6768527627541374,0.4603439660076466,0.6403481582873624,0.658094620399479,0.5867033637977592,0.35965184171263764,1.5
4,0.94,0.008270096861893731,RSV-A,0.8184389020604829,0.6653809320819122,0.46594829884564737,0.703405847759178,0.6838652235788044,0.6555898827434661,0.296594152240822,1.5
4,0.95,0.006852875740824652,RSV-A,0.8184389020604829,0.6545233264921875,0.47175763106436563,0.7681417087706868,0.7067955618225815,0.727801317804762,0.23185829122931323,1.5
4,0.96,0.005451651803495008,RSV-A,0.8184389020604829,0.644462138944786,0.4777552117351269,0.8324782962249428,0.7265028847945159,0.8010730673624338,0.16752170377505715,1.5
4,0.97,0.004066080636449747,RSV-A,0.8184389020604829,0.6354536121605455,0.4839222019216304,0.8933154879022184,0.7426373983659394,0.8718015368584658,0.10668451209778163,1.5
4,0.98,0.002695828696508644,RSV-A,0.8184389020604829,0.6278859210240434,0.49023799667522394,0.9461661622015292,0.7548472106187036,0.9345085659553068,0.05383383779847084,1.5
4,0.99,0.00134057286084162,RSV-A,0.8184389020604829,0.6223980049411169,0.4966805937261056,0.9846769189673058,0.762703643444741,0.9811201281562052,0.015323081032694197,1.5
5,0.5,0.09497690450094864,RSV-A,0.8184389020604829,0.997060501184312,0.25020600180702557,0.011170282357451782,0.022093051526490725,0.008423437195702656,0.9888297176425482,1.5
5,0.51,0.09219126303295479,RSV-A,0.8184389020604829,0.9966518308888634,0.25034302485257154,0.011913348266677837,0.023545251427265476,0.008987462096856438,0.9880866517333222,1.5
5,0.52,0.08946391153100311,RSV-A,0.8184389020604829,0.9961884154710909,0.250490984447449,0.012717740036085666,0.025114853796392205,0.009598760576496994,0.9872822599639144,1.5
5,0.53,0.08679254389879366,RSV-A,0.8184389020604829,0.9956633615947684,0.250650963280187,0.013589956325586664,0.026813925421501558,0.01026247796588034,0.9864100436744133,1.5
5,0.54,0.0841749866510103,RSV-A,0.8184389020604829,0.9950690179357814,0.25082416443767497,0.01453730939479177,0.02865597370244612,0.010984430162425458,0.9854626906052082,1.5
5,0.55,0.08160918899542047,RSV-A,0.8184389020604829,0.9943969190173991,0.25101192529834093,0.015568039338868215,0.03065613361261061,0.011771203103613914,0.9844319606611318,1.5
5,0.56,0.07909321382199169,RSV-A,0.8184389020604829,0.9936377316407522,0.2512157329132584,0.016691445543377814,0.032831379043712305,0.012630268354234381,0.9833085544566222,1.5
5,0.5700000000000001,0.07662522950149853,RSV-A,0.8184389020604829,0.9927812059904358,0.2514372409834751,0.017918038033975823,0.03520076128190586,0.013570117556893215,0.9820819619660242,1.5
5,0.58,0.07420350240809076,RSV-A,0.8184389020604829,0.9918161339212246,0.25167828853325946,0.01925971180320261,0.03778567746795078,0.014600418970364785,0.9807402881967974,1.5
5,0.59,0.07182639009063523,RSV-A,0.8184389020604829,0.9907303173767938,0.2519409203639642,0.020729947656936528,0.04061017190957303,0.015732199872675875,0.9792700523430635,1.5
5,0.6,0.06949233502659016,RSV-A,0.8184389020604829,0.9895105503360518,0.2522274093500364,0.022344043641184676,0.04370127299262684,0.016978059246007437,0.9776559563588153,1.5
5,0.61,0.06719985889991154,RSV-A,0.8184389020604829,0.988142618100282,0.2525402806052839,0.024119381688303066,0.047089368115008745,0.018352415898938997,0.9758806183116969,1.5
5,0.62,0.06494755735122526,RSV-A,0.8184389020604829,0.9866113180909417,0.25288233750143285,0.0260757347608366,0.0508086184574619,0.019871798028153604,0.9739242652391634,1.5
5,0.63,0.0627340951543576,RSV-A,0.8184389020604829,0.9849005065809958,0.253256689459635,0.028235620468030544,0.054897414395027884,0.021555181184959693,0.9717643795319695,1.5
5,0.64,0.060558201778427724,RSV-A,0.8184389020604829,0.9829931758833054,0.25366678135600607,0.030624707876709952,0.05939887079449556,0.023424382697421198,0.9693752921232901,1.5
5,0.65,0.058418667299189056,RSV-A,0.8184389020604829,0.9808715664133281,0.2541164242815295,0.03327228501929448,0.06436135914825757,0.02550452180696687,0.9667277149807055,1.5
5,0.66,0.05631433862722098,RSV-A,0.8184389020604829,0.9785173176745549,0.25460982727176573,0.03621179539129304,0.0698390702271464,0.02782455610127353,0.963788204608707,1.5
5,0.67,0.05424411602402406,RSV-A,0.8184389020604829,0.9759116615310205,0.25515162947021086,0.03948145248778267,0.07589259640438434,0.030417906242391157,0.9605185475122173,1.5
5,0.6799999999999999,0.05220694988010563,RSV-A,0.8184389020604829,0.9730356600895192,0.2557469320088427,0.043124942091418164,0.08258951666534615,0.03332318246087487,0.9568750579085818,1.5
5,0.69,0.05020183773181428,RSV-A,0.8184389020604829,0.9698704890900003,0.2564013286796103,0.04719222250287361,0.09000495917979898,0.03658502774553289,0.9528077774971264,1.5
5,0.7,0.04822782149605947,RSV-A,0.8184389020604829,0.9663977658982872,0.25712093423225957,0.05174043306843347,0.09822210575084876,0.04025509399673228,0.9482595669315665,1.5
5,0.71,0.04628398490412797,RSV-A,0.8184389020604829,0.9625999190480472,0.25791240887030564,0.056834921025342204,0.10733258905327982,0.04439316846472728,0.9431650789746578,1.5
5,0.72,0.04436945111769108,RSV-A,0.8184389020604829,0.9584605938689807,0.25878297723478705,0.06255039559788131,0.1174367169990795,0.04906846831945338,0.9374496044021187,1.5
5,0.73,0.0424833805117236,RSV-A,0.8184389020604829,0.9539650861921447,0.25974043987541795,0.06897221608365714,0.12864343868334005,0.05436112084096548,0.9310277839163429,1.5
5,0.74,0.04062496861054482,RSV-A,0.8184389020604829,0.9491007936145002,0.2607931749266329,0.0761978168882452,0.14106994340871049,0.06036384497476893,0.9238021831117548,1.5
5,0.75,0.03879344416448818,RSV-A,0.8184389020604829,0.9438576715462763,0.26195012745328483,0.08433826644352253,0.15484075913247267,0.06718384615170654,0.9156617335564775,1.5
5,0.76,0.0369880673558855,RSV-A,0.8184389020604829,0.9382286794973858,0.2632207837349141,0.09351994779884953,0.17008619116831888,0.07494492933459587,0.9064800522011505,1.5
5,0.77,0.035208128124095336,RSV-A,0.8184389020604829,0.932210202031416,0.2646151276521773,0.10388633522281951,0.18693991933032508,0.08378982385149196,0.8961136647771805,1.5
5,0.78,0.03345294460024189,RSV-A,0.8184389020604829,0.9258024287617176,0.26614357636275454,0.11559982181925699,0.20553555697615294,0.09388269582683723,0.884400178180743,1.5
5,0.79,0.03172186164316956,RSV-A,0.8184389020604829,0.9190096788777778,0.26781689264862407,0.12884352584990977,0.22600197581602627,0.10541179736504422,0.8711564741500902,1.5
5,0.8,0.030014249468886943,RSV-A,0.8184389020604829,0.9118406581054505,0.26964607172356003,0.1438229653966129,0.24845722538561754,0.11859216260803704,0.8561770346033871,1.5
5,0.81,0.028329502366429286,RSV-A,0.8184389020604829,0.9043086397830059,0.27164220094602576,0.16076743853664116,0.27300093697313516,0.13366820471047683,0.8392325614633589,1.5
5,0.8200000000000001,0.026667037493713974,RSV-A,0.8184389020604829,0.8964315668697113,0.2738162918143623,0.17993087455007342,0.2997052100561987,0.1509159883976195,0.8200691254499266,1.5
5,0.8300000000000001,0.025026293747480787,RSV-A,0.8184389020604829,0.8882320781429534,0.2761790848369491,0.2015918245512446,0.3286041438715362,0.17064484174898487,0.7984081754487554,1.5
5,0.8400000000000001,0.023406730701940943,RSV-A,0.8184389020604829,0.8797374695416184,0.2787408293532583,0.2260521291445163,0.3596823994625723,0.19319781710359457,0.7739478708554837,1.5
5,0.8500000000000001,0.02180782761118018,RSV-A,0.8184389020604829,0.8709796106302903,0.28151104208453703,0.253633625589195,0.3928634473502,0.21895029984886075,0.746366374410805,1.5
5,0.86,0.020229082470800512,RSV-A,0.8184389020604829,0.8619948467777201,0.2844982500310844,0.28467202368525735,0.4279984427201601,0.24830577600582893,0.7153279763147427,1.5
5,0.87,0.018670011134623,RSV-A,0.8184389020604829,0.8528239305934061,0.2877097251859414,0.31950677025845553,0.4648569204321333,0.2816873795670652,0.6804932297415445,1.5
5,0.88,0.017130146482643594,RSV-A,0.8184389020604829,0.8435120429613384,0.2911512202485812,0.3584653136144797,0.5031206409397178,0.3195233152268864,0.6415346863855202,1.5
5,0.89,0.01560903763671078,RSV-A,0.8184389020604829,0.8341089875212584,0.29482671592132403,0.4018396418812396,0.5423818577273766,0.3622235480620386,0.5981603581187604,1.5
5,0.9,0.014106249220694091,RSV-A,0.8184389020604829,0.8246696779540357,0.29873819127418755,0.4498522645160056,0.5821469364212665,0.410144212376813,0.5501477354839944,1.5
5,0.91,0.01262136066214969,RSV-A,0.8184389020604829,0.8152550946211661,0.30288542890580683,0.502607885390855,0.621845586948543,0.46353494400104767,0.497392114609145,1.5
5,0.9199999999999999,0.011153965532731572,RSV-A,0.8184389020604829,0.8059339841430907,0.3072658660843929,0.560025816068374,0.660844978156894,0.5224626889263901,0.439974183931626,1.5
5,0.9299999999999999,0.009703670924803226,RSV-A,0.8184389020604829,0.7967857475334978,0.31187450166340003,0.6217466190951619,0.6984667482061732,0.5867033637977592,0.37825338090483807,1.5
5,0.94,0.008270096861893731,RSV-A,0.8184389020604829,0.7879052806305626,0.31670386635394376,0.6870044514234371,0.7340034760492188,0.6555898827434661,0.31299554857656287,1.5
5,0.95,0.006852875740824652,RSV-A,0.8184389020604829,0.779411146134172,0.3217440610130098,0.7544539678399061,0.7667295206369918,0.727801317804762,0.24554603216009385,1.5
5,0.96,0.005451651803495008,RSV-A,0.8184389020604829,0.7714597117136806,0.32698286417339895,0.8219372791721667,0.7958989505614219,0.8010730673624338,0.17806272082783325,1.5
5,0.97,0.004066080636449747,RSV-A,0.8184389020604829,0.7642706132939441,0.3324059063671232,0.8861721319799417,0.8207195562908428,0.8718015368584658,0.11382786802005829,1.5
5,0.98,0.002695828696508644,RSV-A,0.8184389020604829,0.7581752868213903,0.3379969051872507,0.9423369225209202,0.8402839598440848,0.9345085659553068,0.05766307747907984,1.5
5,0.99,0.00134057286084162,RSV-A,0.8184389020604829,0.7537167646079763,0.3437379518051622,0.9835210464830284,0.8534194873567676,0.9811201281562052,0.016478953516971595,1.5
6,0.5,0.09497690450094864,RSV-A,0.8184389020604829,0.9990967634728269,0.151935460177413,0.00990870680779767,0.0196228012502618,0.008423437195702656,0.9900912931922023,1.5
6,0.51,0.09219126303295479,RSV-A,0.8184389020604829,0.9989500346466423,0.15202008798184907,0.010570631225075327,0.02091989354057998,0.008987462096856438,0.9894293687749247,1.5
6,0.52,0.08946391153100311,RSV-A,0.8184389020604829,0.9987803399177061,0.15211162557666535,0.01128769401335858,0.022323103958992858,0.009598760576496994,0.9887123059866414,1.5
6,0.53,0.08679254389879366,RSV-A,0.8184389020604829,0.9985842822752792,0.15221078073851046,0.012065825705328454,0.023843551406903363,0.01026247796588034,0.9879341742946716,1.5
6,0.54,0.0841749866510103,RSV-A,0.8184389020604829,0.998358013172164,0.15231834364556107,0.012911714781283336,0.025493720536408842,0.010984430162425458,0.9870882852187166,1.5
6,0.55,0.08160918899542047,RSV-A,0.8184389020604829,0.9980971857551725,0.15243519697778862,0.013832916904740982,0.0272876464433971,0.011771203103613914,0.986167083095259,1.5
6,0.56,0.07909321382199169,RSV-A,0.8184389020604829,0.9977969066892469,0.1525623272005331,0.0148379811546585,0.029241125059704207,0.012630268354234381,0.9851620188453415,1.5
6,0.5700000000000001,0.07662522950149853,RSV-A,0.8184389020604829,0.9974516875342683,0.15270083713823834,0.015936596000126386,0.03137195255196261,0.013570117556893215,0.9840634039998736,1.5
6,0.58,0.07420350240809076,RSV-A,0.8184389020604829,0.9970553969350064,0.15285195994414336,0.017139758202190998,0.03370019730639273,0.014600418970364785,0.982860241797809,1.5
6,0.59,0.07182639009063523,RSV-A,0.8184389020604829,0.9966012152241945,0.15301707456656388,0.018459968329662565,0.036248508303570126,0.015732199872675875,0.9815400316703374,1.5
6,0.6,0.06949233502659016,RSV-A,0.8184389020604829,0.9960815934098598,0.1531977228018131,0.019911457147396044,0.039042463827113925,0.016978059246007437,0.9800885428526039,1.5
6,0.61,0.06719985889991154,RSV-A,0.8184389020604829,0.9954882189087447,0.15339562800618467,0.02151044778179475,0.04211096445172482,0.018352415898938997,0.9784895522182052,1.5
6,0.62,0.06494755735122526,RSV-A,0.8184389020604829,0.9948119907808636,0.15361271551282407,0.023275459292710184,0.04548667404484096,0.019871798028153604,0.9767245407072899,1.5
6,0.63,0.0627340951543576,RSV-A,0.8184389020604829,0.9940430075912334,0.15385113476157708,0.02522765808424437,0.04920651199144756,0.021555181184959693,0.9747723419157557,1.5
6,0.64,0.060558201778427724,RSV-A,0.8184389020604829,0.9931705713427639,0.15411328309855266,0.027391264465443963,0.05331219887798776,0.023424382697421198,0.9726087355345561,1.5
6,0.65,0.058418667299189056,RSV-A,0.8184389020604829,0.9921832111508139,0.15440183113450923,0.029794022614902306,0.05785085627050378,0.02550452180696687,0.9702059773850977,1.5
6,0.66,0.05631433862722098,RSV-A,0.8184389020604829,0.9910687304216046,0.15471974946447764,0.03246774319016471,0.06287565876296534,0.02782455610127353,0.9675322568098352,1.5
6,0.67,0.05424411602402406,RSV-A,0.8184389020604829,0.9898142812063585,0.15507033644257795,0.03544892881820562,0.06844653286035082,0.030417906242391157,0.9645510711817944,1.5
6,0.6799999999999999,0.05220694988010563,RSV-A,0.8184389020604829,0.988406469084427,0.1554572465733307,0.03877949365104169,0.0746308921325849,0.03332318246087487,0.9612205063489583,1.5
6,0.69,0.05020183773181428,RSV-A,0.8184389020604829,0.9868314913404871,0.15588451892215838,0.042507588985465874,0.08150439098947349,0.03658502774553289,0.9574924110145341,1.5
6,0.7,0.04822782149605947,RSV-A,0.8184389020604829,0.98507531031417,0.15635660476251778,0.046688547502282976,0.08915166987194667,0.04025509399673228,0.953311452497717,1.5
6,0.71,0.04628398490412797,RSV-A,0.8184389020604829,0.983123862604929,0.15687839346617416,0.051385958797007185,0.09766705206860178,0.04439316846472728,0.9486140412029929,1.5
6,0.72,0.04436945111769108,RSV-A,0.8184389020604829,0.9809633033269232,0.15745523540979545,0.056672888293565454,0.10715513618065274,0.04906846831945338,0.9433271117064346,1.5
6,0.73,0.0424833805117236,RSV-A,0.8184389020604829,0.9785802828770663,0.15809296042165644,0.0626332499953234,0.11773120798545256,0.05436112084096548,0.9373667500046766,1.5
6,0.74,0.04062496861054482,RSV-A,0.8184389020604829,0.9759622517902488,0.15879789003700595,0.06936334033509622,0.12952137082474963,0.06036384497476893,0.9306366596649038,1.5
6,0.75,0.03879344416448818,RSV-A,0.8184389020604829,0.9730977873327094,0.15957684158436747,0.0769735349538455,0.14266226485199404,0.06718384615170654,0.9230264650461545,1.5
6,0.76,0.0369880673558855,RSV-A,0.8184389020604829,0.9699769336856554,0.16043712190764592,0.0855901416345055,0.1573002134633233,0.07494492933459587,0.9144098583654945,1.5
6,0.77,0.035208128124095336,RSV-A,0.8184389020604829,0.9665915460794368,0.16138650836579027,0.09535738958228478,0.17358960215729363,0.08378982385149196,0.9046426104177152,1.5
6,0.78,0.03345294460024189,RSV-A,0.8184389020604829,0.9629356282494197,0.16243321467323846,0.10643951607969779,0.19169026478742185,0.09388269582683723,0.8935604839203022,1.5
6,0.79,0.03172186164316956,RSV-A,0.8184389020604829,0.9590056522887392,0.16358583918486158,0.11902288398387979,0.2117636308346891,0.10541179736504422,0.8809771160161202,1.5
6,0.8,0.030014249468886943,RSV-A,0.8184389020604829,0.95480085053985575,0.16485329342474309,0.13331802455164515,0.23396738379986295,0.11859216260803704,0.8666819754483548,1.5
6,0.81,0.028329502366429286,RSV-A,0.8184389020604829,0.9503234707304222,0.16624470904374955,0.14956144566443147,0.2584484067608712,0.13366820471047683,0.8504385543355686,1.5
6,0.8200000000000001,0.026667037493713974,RSV-A,0.8184389020604829,0.9455789882132462,0.16776932199528893,0.16801697038112265,0.2853338603278948,0.1509159883976195,0.8319830296188774,1.5
6,0.8300000000000001,0.025026293747480787,RSV-A,0.8184389020604829,0.9405762729756194,0.16943633355955634,0.18897626789748345,0.3147203645834226,0.17064484174898487,0.8110237321025165,1.5
6,0.8400000000000001,0.023406730701940943,RSV-A,0.8184389020604829,0.9353277140958756,0.17125474892391634,0.2127580992836214,0.3466614504582411,0.19319781710359457,0.7872419007163786,1.5
6,0.8500000000000001,0.02180782761118018,RSV-A,0.8184389020604829,0.9298493106490834,0.1732331953175299,0.23970561183820893,0.3811537083738744,0.21895029984886075,0.7602943881617911,1.5
6,0.86,0.020229082470800512,RSV-A,0.8184389020604829,0.9241607459469415,0.17537972315009087,0.27018076293379856,0.4181223771539295,0.24830577600582893,0.7298192370662014,1.5
6,0.87,0.018670011134623,RSV-A,0.8184389020604829,0.9182854719809065,0.17770159513524442,0.3045546165447968,0.45740744423088037,0.2816873795670652,0.6954453834552032,1.5
6,0.88,0.017130146482643594,RSV-A,0.8184389020604829,0.9122508441115809,0.18020506987689855,0.3431918069427178,0.49875160018302145,0.3195233152268864,0.6568081930572822,1.5
6,0.89,0.01560903763671078,RSV-A,0.8184389020604829,0.9060883644796156,0.1828951877260777,0.3864268703008895,0.5417915108155298,0.3622235480620386,0.6135731296991105,1.5
6,0.9,0.014106249220694091,RSV-A,0.8184389020604829,0.8998341201389117,0.18577556772964,0.43452936230007233,0.5860537275572322,0.410144212376813,0.5654706376999277,1.5
6,0.91,0.01262136066214969,RSV-A,0.8184389020604829,0.8935295456346076,0.18884822504662335,0.48765365182405473,0.6309560480364096,0.46353494400104767,0.5123463481759453,1.5
6,0.9199999999999999,0.011153965532731572,RSV-A,0.8184389020604829,0.8872227130553814,0.19211341818255967,0.5457679350275016,0.6758141913368947,0.5224626889263901,0.45423206497249835,1.5
6,0.9299999999999999,0.009703670924803226,RSV-A,0.8184389020604829,0.8809704815121213,0.1955695347090849,0.6085552576684549,0.7198522378939806,0.5867033637977592,0.39144474233154514,1.5
6,0.94,0.008270096861893731,RSV-A,0.8184389020604829,0.8748420752777576,0.19921302277770392,0.6752770480801911,0.7622133876397521,0.6555898827434661,0.32472295191980893,1.5
6,0.95,0.006852875740824652,RSV-A,0.8184389020604829,0.8689251178555386,0.20303837375481637,0.7445866973795999,0.8019651020404195,0.727801317804762,0.2554133026204001,1.5
6,0.96,0.005451651803495008,RSV-A,0.8184389020604829,0.8633360821709615,0.20703815882452625,0.81427688521312,0.8380891535172801,0.8010730673624338,0.18572311478687997,1.5
6,0.97,0.004066080636449747,RSV-A,0.8184389020604829,0.8582391414136913,0.2112031196127201,0.8809393944581126,0.8694411228554365,0.8718015368584658,0.11906060554188735,1.5
6,0.98,0.002695828696508644,RSV-A,0.8184389020604829,0.85388214774018,0.21552231000991362,0.939509777627068,0.8946517661819182,0.9345085659553068,0.060490222372932,1.5
6,0.99,0.00134057286084162,RSV-A,0.8184389020604829,0.8506706882070771,0.21998328365680053,0.9826610403519648,0.9119145547407327,0.9811201281562052,0.017338959648035224,1.5
7,0.5,0.09497690450094864,RSV-A,0.8184389020604829,0.9997311515069573,0.08610008981698924,0.009207261843259247,0.018246478403419704,0.008423437195702656,0.9907927381567407,1.5
7,0.51,0.09219126303295479,RSV-A,0.8184389020604829,0.9996812692348414,0.08614848743108505,0.009823280692403243,0.019455384745595303,0.008987462096856438,0.9901767193075968,1.5
7,0.52,0.08946391153100311,RSV-A,0.8184389020604829,0.9996224724168548,0.08620089368939066,0.010490811825278211,0.02076371317562198,0.009598760576496994,0.9895091881747218,1.5
7,0.53,0.08679254389879366,RSV-A,0.8184389020604829,0.9995532507226504,0.08625772903526396,0.011215434430471623,0.02218197715839678,0.01026247796588034,0.9887845655695284,1.5
7,0.54,0.0841749866510103,RSV-A,0.8184389020604829,0.9994718601451218,0.08631946456104478,0.012003448411377068,0.023722000547885667,0.010984430162425458,0.987996551588623,1.5
7,0.55,0.08160918899542047,RSV-A,0.8184389020604829,0.9993762929137129,0.08638662851314272,0.012861979801853465,0.025397098766920975,0.011771203103613914,0.9871380201981466,1.5
7,0.56,0.07909321382199169,RSV-A,0.8184389020604829,0.9992642451866847,0.08645981361332633,0.013799102903285707,0.027222286094749876,0.012630268354234381,0.9862008970967143,1.5
7,0.5700000000000001,0.07662522950149853,RSV-A,0.8184389020604829,0.9991330828330324,0.08653968528099987,0.014823981912073406,0.0292145126507784,0.013570117556893215,0.9851760180879265,1.5
7,0.58,0.07420350240809076,RSV-A,0.8184389020604829,0.9989798057845874,0.08662699084375225,0.015947035263991514,0.031392935030476125,0.014600418970364785,0.9840529647360085,1.5
7,0.59,0.07182639009063523,RSV-A,0.8184389020604829,0.9988010116421545,0.08672256982371573,0.01718012644895025,0.03377922489701364,0.015732199872675875,0.9828198735510497,1.5
7,0.6,0.06949233502659016,RSV-A,0.8184389020604829,0.9985928594563065,0.08682736538442082,0.018536785654107973,0.03639792012837242,0.016978059246007437,0.981463214345892,1.5
7,0.61,0.06719985889991154,RSV-A,0.8184389020604829,0.9983510348703765,0.08694243701578708,0.020032467282269605,0.039276823318496946,0.018352415898938997,0.9799675327177304,1.5
7,0.62,0.06494755735122526,RSV-A,0.8184389020604829,0.9980707181043796,0.08706897452232476,0.02168484917198434,0.04244745246720892,0.019871798028153604,0.9783151508280157,1.5
7,0.63,0.0627340951543576,RSV-A,0.8184389020604829,0.997746556562894,0.08720831336000057,0.02351418021936668,0.045945548476078325,0.021555181184959693,0.9764858197806333,1.5
7,0.64,0.060558201778427724,RSV-A,0.8184389020604829,0.9973726441521129,0.08736195133875724,0.02554368406903216,0.04981164347160368,0.023424382697421198,0.9744563159309678,1.5
7,0.65,0.058418667299189056,RSV-A,0.8184389020604829,0.9969425096698724,0.08753156666835982,0.02780002759597826,0.05409169283510696,0.02550452180696687,0.9721999724040218,1.5
7,0.66,0.05631433862722098,RSV-A,0.8184389020604829,0.9964491168611487,0.08771903727291164,0.030313864025513074,0.058837771908735605,0.02782455610127353,0.9696861359744869,1.5
7,0.67,0.05424411602402406,RSV-A,0.8184389020604829,0.9958848788787117,0.08792646123179848,0.03312046170401173,0.06410883538044199,0.030417906242391157,0.9668795382959883,1.5
7,0.6799999999999999,0.05220694988010563,RSV-A,0.8184389020604829,0.9952416899199851,0.08815617811980558,0.036260430688572265,0.06997153296094107,0.03332318246087487,0.9637395693114277,1.5
7,0.69,0.05020183773181428,RSV-A,0.8184389020604829,0.9945109766911638,0.08841079091484194,0.03978056038862289,0.0765010686969573,0.03658502774553289,0.9602194396113771,1.5
7,0.7,0.04822782149605947,RSV-A,0.8184389020604829,0.99368377204622,0.0886931880167684,0.043734782346595544,0.08378208256978996,0.04025509399673228,0.9562652176534044,1.5
7,0.71,0.04628398490412797,RSV-A,0.8184389020604829,0.9927508126367048,0.08900656477493696,0.04818527271065364,0.09190952127413256,0.04439316846472728,0.9518147272893464,1.5
7,0.72,0.04436945111769108,RSV-A,0.8184389020604829,0.991702661676553,0.08935444375626445,0.05320370877492701,0.100989449572141,0.04906846831945338,0.946796291225073,1.5
7,0.73,0.0424833805117236,RSV-A,0.8184389020604829,0.9905298569808687,0.08974069280304164,0.05887269278026231,0.1111397336951121,0.05436112084096548,0.9411273072197377,1.5
7,0.74,0.04062496861054482,RSV-A,0.8184389020604829,0.9892230833086723,0.0901695397358685,0.06528735347495966,0.12249050337054987,0.06036384497476893,0.9347126465250404,1.5
7,0.75,0.03879344416448818,RSV-A,0.8184389020604829,0.9877733667828988,0.0906455823609249,0.07255713102969197,0.13518426895983554,0.06718384615170654,0.927442868970308,1.5
7,0.76,0.0369880673558855,RSV-A,0.8184389020604829,0.986172287860199,0.09117379225479394,0.08080774282131449,0.14937553529284625,0.07494492933459587,0.9191922571786855,1.5
7,0.77,0.035208128124095336,RSV-A,0.8184389020604829,0.9844122080866377,0.09175951064091503,0.09018331503532431,0.1652297155092849,0.08378982385149196,0.9098166849646757,1.5
7,0.78,0.03345294460024189,RSV-A,0.8184389020604829,0.9824865048314749,0.09240843456014036,0.10084864621045753,0.18292110956983654,0.09388269582683723,0.8991513537895425,1.5
7,0.79,0.03172186164316956,RSV-A,0.8184389020604829,0.9803898074783675,0.09312659149819258,0.11299154137079731,0.20262967830537193,0.10541179736504422,0.8870084586292026,1.5
7,0.8,0.030014249468886943,RSV-A,0.8184389020604829,0.9781182283107329,0.09392030069177726,0.12682511605846675,0.22453632298265824,0.11859216260803704,0.8731748839415332,1.5
7,0.81,0.028329502366429286,RSV-A,0.8184389020604829,0.9756695816848527,0.09479611951998301,0.1425899141251513,0.24881638365376774,0.13366820471047683,0.8574100858748487,1.5
7,0.8200000000000001,0.026667037493713974,RSV-A,0.8184389020604829,0.9730435861534185,0.09576077372309766,0.16055560589544254,0.2756311113016434,0.1509159883976195,0.8394443941045575,1.5
7,0.8300000000000001,0.025026293747480787,RSV-A,0.8184389020604829,0.9702420460801814,0.09682107069567802,0.1810219267870343,0.30511696495428564,0.17064484174898487,0.8189780732129657,1.5
7,0.8400000000000001,0.023406730701940943,RSV-A,0.8184389020604829,0.967269012066235,0.09798379578252936,0.20431837078869486,0.337372750085744,0.19319781710359457,0.7956816292113051,1.5
7,0.8500000000000001,0.02180782761118018,RSV-A,0.8184389020604829,0.9641309233090624,0.09925559235793036,0.2308019553963808,0.37244485664989846,0.21895029984886075,0.7691980446036192,1.5
7,0.86,0.020229082470800512,RSV-A,0.8184389020604829,0.9608367400386901,0.1006428274633695,0.2608521077272642,0.4103111676581361,0.24830577600582893,0.7391478922727358,1.5
7,0.87,0.018670011134623,RSV-A,0.8184389020604829,0.9573980808024378,0.10215144586872738,0.294861363442261,0.45086456286649135,0.2816873795670652,0.705138636557739,1.5
7,0.88,0.017130146482643594,RSV-A,0.8184389020604829,0.9538293883287812,0.10378681653519761,0.3332200920206746,0.4938972765283936,0.3195233152268864,0.6667799079793254,1.5
7,0.89,0.01560903763671078,RSV-A,0.8184389020604829,0.9501481603550015,0.10555357650486752,0.3762928265056106,0.5390875891211597,0.3622235480620386,0.6237071734943894,1.5
7,0.9,0.014106249220694091,RSV-A,0.8184389020604829,0.946375300680196,0.10745547811814327,0.4243829347648492,0.585990318506067,0.410144212376813,0.5756170652351509,1.5
7,0.91,0.01262136066214969,RSV-A,0.8184389020604829,0.9425356755043498,0.10949524605985361,0.4776812602570635,0.6340321932167077,0.46353494400104767,0.5223187397429365,1.5
7,0.9199999999999999,0.011153965532731572,RSV-A,0.8184389020604829,0.938659009729023,0.1116744509617289,0.5361929030283267,0.6825123187308163,0.5224626889263901,0.4638070969716733,1.5
7,0.9299999999999999,0.009703670924803226,RSV-A,0.8184389020604829,0.9347813446645006,0.11399340607144381,0.5996344031834002,0.7306064924073452,0.5867033637977592,0.4003655968165998,1.5
7,0.94,0.008270096861893731,RSV-A,0.8184389020604829,0.9309474377030198,0.11645109280277366,0.6672910974408963,0.777371992608976,0.6555898827434661,0.3327089025591037,1.5
7,0.95,0.006852875740824652,RSV-A,0.8184389020604829,0.9272147910242473,0.11904511982088894,0.7378211759808555,0.8217464620069156,0.727801317804762,0.2621788240191445,1.5
7,0.96,0.005451651803495008,RSV-A,0.8184389020604829,0.9236606200562513,0.12177171875623705,0.8089887566439973,0.862530026707882,0.8010730673624338,0.19101124335600272,1.5
7,0.97,0.004066080636449747,RSV-A,0.8184389020604829,0.920394425071051,0.12462577779165274,0.8773028431292228,0.8983321721609949,0.8718015368584658,0.1226971568707772,1.5
7,0.98,0.002695828696508644,RSV-A,0.8184389020604829,0.9175819978381614,0.1276009123789188,0.93753199592765,0.9274497251936435,0.9345085659553068,0.06246800407234998,1.5
7,0.99,0.00134057286084162,RSV-A,0.8184389020604829,0.9154948603878221,0.13068957038078888,0.9820554794469349,0.9476077921892287,0.9811201281562052,0.017944520553065058,1.5
8,0.5,0.09497690450094864,RSV-A,0.8184389020604829,0.9999222446306171,0.045708233962458156,0.008822659277053323,0.017490989513300706,0.008423437195702656,0.9911773407229467,1.5
8,0.51,0.09219126303295479,RSV-A,0.8184389020604829,0.9999060494237454,0.04573405722037993,0.009413263224059523,0.018650943709504892,0.008987462096856438,0.9905867367759404,1.5
8,0.52,0.08946391153100311,RSV-A,0.8184389020604829,0.9998866066086524,0.045762038910802105,0.010053327849854438,0.01990650636922251,0.009598760576496994,0.9899466721501455,1.5
8,0.53,0.08679254389879366,RSV-A,0.8184389020604829,0.9998632976130518,0.045792409176766746,0.010748226253898412,0.02126782980782413,0.01026247796588034,0.9892517737461016,1.5
8,0.54,0.0841749866510103,RSV-A,0.8184389020604829,0.9998353952147417,0.04582542660020483,0.011504029178258844,0.022746340709321924,0.010984430162425458,0.9884959708217411,1.5
8,0.55,0.08160918899542047,RSV-A,0.8184389020604829,0.9998020470857837,0.04586138198987666,0.012327607836034891,0.024354918345101718,0.011771203103613914,0.9876723921639651,1.5
8,0.56,0.07909321382199169,RSV-A,0.8184389020604829,0.9997622575955762,0.04590060267080609,0.013226753227734936,0.02610809895533281,0.012630268354234381,0.9867732467722651,1.5
8,0.5700000000000001,0.07662522950149853,RSV-A,0.8184389020604829,0.9997148679083646,0.04594345733279315,0.014210314716320362,0.02802231001460608,0.013570117556893215,0.9857896852836796,1.5
8,0.58,0.07420350240809076,RSV-A,0.8184389020604829,0.9996585344905398,0.045990361498798316,0.0152883610987583,0.030116138523431236,0.014600418970364785,0.9847116389012417,1.5
8,0.59,0.07182639009063523,RSV-A,0.8184389020604829,0.9995917062447409,0.04604178367614242,0.016472367952541218,0.0324106378834035,0.015732199872675875,0.9835276320474587,1.5
8,0.6,0.06949233502659016,RSV-A,0.8184389020604829,0.9995126006133039,0.0460982522540625,0.01777543565851497,0.03492967829876156,0.016978059246007437,0.9822245643414851,1.5
8,0.61,0.06719985889991154,RSV-A,0.8184389020604829,0.9994191791432396,0.046160363209561406,0.019212543215086947,0.037700345959816264,0.018352415898938997,0.9807874567849131,1.5
8,0.62,0.06494755735122526,RSV-A,0.8184389020604829,0.9993091231781522,0.04622878867886604,0.02080084377108714,0.040753396444924955,0.019871798028153604,0.9791991562289128,1.5
8,0.63,0.0627340951543576,RSV-A,0.8184389020604829,0.9991798105355292,0.046304286443231035,0.022560008720886805,0.04412376774318227,0.021555181184959693,0.9774399912791132,1.5
8,0.64,0.060558201778427724,RSV-A,0.8184389020604829,0.9990282942349226,0.046387710364135804,0.024512628227900974,0.04785115793281669,0.023424382697421198,0.975487371772099,1.5
8,0.65,0.058418667299189056,RSV-A,0.8184389020604829,0.998851284553789,0.04648002178282007,0.02668467716750567,0.05198067169078923,0.02550452180696687,0.9733153228324943,1.5
8,0.66,0.05631433862722098,RSV-A,0.8184389020604829,0.9986451358900506,0.04658230187112211,0.029106056694786598,0.05656353824330754,0.02782455610127353,0.9708939433052134,1.5
8,0.67,0.05424411602402406,RSV-A,0.8184389020604829,0.9984058400863522,0.046695764883163626,0.03181122291978262,0.06165790081310401,0.030417906242391157,0.9681887770802173,1.5
8,0.6799999999999999,0.05220694988010563,RSV-A,0.8184389020604829,0.9981290280001703,0.04682177220895023,0.03483991546641109,0.06732967371389718,0.03332318246087487,0.9651600845335889,1.5
8,0.69,0.05020183773181428,RSV-A,0.8184389020604829,0.997809981163042,0.04696184706994122,0.03823799992563943,0.07365345752698074,0.03658502774553289,0.9617620000743605,1.5
8,0.7,0.04822782149605947,RSV-A,0.8184389020604829,0.9974436553377506,0.04711768962178642,0.04205843927262921,0.08071349470751354,0.04025509399673228,0.9579415607273708,1.5
8,0.71,0.04628398490412797,RSV-A,0.8184389020604829,0.9970247176321215,0.04729119214000088,0.0463624100284324,0.08860463684459158,0.04439316846472728,0.9536375899715676,1.5
8,0.72,0.04436945111769108,RSV-A,0.8184389020604829,0.9965475985451768,0.047484453860318965,0.05122057905730969,0.09743327989298961,0.04906846831945338,0.9487794209426903,1.5
8,0.73,0.0424833805117236,RSV-A,0.8184389020604829,0.9960065598970057,0.0476997949279786,0.05671455604050733,0.10731820422863951,0.05436112084096548,0.9432854439594927,1.5
8,0.74,0.04062496861054482,RSV-A,0.8184389020604829,0.9953957790312804,0.04793976878191153,0.06293853434783257,0.11839123164819088,0.06036384497476893,0.9370614656521674,1.5
8,0.75,0.03879344416448818,RSV-A,0.8184389020604829,0.9947094489974824,0.048207172165376067,0.07000112853090953,0.1307975809760868,0.06718384615170654,0.9299988714690904,1.5
8,0.76,0.0369880673558855,RSV-A,0.8184389020604829,0.9939418936547628,0.04850505182096754,0.07802740900725276,0.1446957678229261,0.07494492933459587,0.9219725909927472,1.5
8,0.77,0.035208128124095336,RSV-A,0.8184389020604829,0.9930876958447119,0.04883670680491059,0.08716112235094609,0.16025685324482772,0.08378982385149196,0.9128388776490539,1.5
8,0.78,0.03345294460024189,RSV-A,0.8184389020604829,0.9921418360267776,0.04920568525556335,0.09756706712844389,0.17766280304084775,0.09388269582683723,0.9024329328715561,1.5
8,0.79,0.03172186164316956,RSV-A,0.8184389020604829,0.9910998381407935,0.049615774389451195,0.1094335679489335,0.19710367878195012,0.10541179736504422,0.8905664320510664,1.5
8,0.8,0.030014249468886943,RSV-A,0.8184389020604829,0.9899579190471507,0.05007098249219466,0.12297495101850431,0.21877335080959917,0.11859216260803704,0.8770250489814957,1.5
8,0.81,0.028329502366429286,RSV-A,0.8184389020604829,0.9887131377895156,0.05057551173991792,0.13843386855519638,0.242863413175212,0.13366820471047683,0.8615661314448037,1.5
8,0.8200000000000001,0.026667037493713974,RSV-A,0.8184389020604829,0.9873635412177046,0.05113372084690171,0.15608324102043056,0.26955500504714097,0.1509159883976195,0.8439167589795694,1.5
8,0.8300000000000001,0.025026293747480787,RSV-A,0.8184389020604829,0.9859083032849348,0.05175007680233479,0.17622747740355152,0.29900831921066584,0.17064484174898487,0.8237725225964485,1.5
8,0.8400000000000001,0.023406730701940943,RSV-A,0.8184389020604829,0.9843478566802127,0.05242909534229079,0.19920248438681057,0.33134972252173334,0.19319781710359457,0.8007975156131895,1.5
8,0.8500000000000001,0.02180782761118018,RSV-A,0.8184389020604829,0.9826840174742131,0.05317527030300884,0.22537377146190693,0.3666566371275023,0.21895029984886075,0.774626228538093,1.5
8,0.86,0.020229082470800512,RSV-A,0.8184389020604829,0.9809201062933066,0.053992992607037826,0.2551316830432275,0.40494063405528513,0.24830577600582893,0.7448683169567725,1.5
8,0.87,0.018670011134623,RSV-A,0.8184389020604829,0.9790610734414266,0.05488646031977762,0.2888824168863912,0.44612954967262664,0.2816873795670652,0.7111175831136087,1.5
8,0.88,0.017130146482643594,RSV-A,0.8184389020604829,0.9771136408152656,0.05585958194043561,0.32703299010260367,0.4900497966259468,0.3195233152268864,0.6729670098973963,1.5
8,0.89,0.01560903763671078,RSV-A,0.8184389020604829,0.9750864812338959,0.05691587580468083,0.36996765001539544,0.5364103133735132,0.3622235480620386,0.6300323499846046,1.5
8,0.9,0.014106249220694091,RSV-A,0.8184389020604829,0.9729904674577102,0.05805836911186413,0.41801234550103555,0.5847896548634931,0.410144212376813,0.5819876544989644,1.5
8,0.91,0.01262136066214969,RSV-A,0.8184389020604829,0.9708390415463726,0.05928950057851001,0.47138270865356013,0.6346274239829124,0.46353494400104767,0.5286172913464399,1.5
8,0.9199999999999999,0.011153965532731572,RSV-A,0.8184389020604829,0.968648785691526,0.06061103099574394,0.5301094606797977,0.6852204304654167,0.5224626889263901,0.4698905393202023,1.5
8,0.9299999999999999,0.009703670924803226,RSV-A,0.8184389020604829,0.9664403287856678,0.062023965977502926,0.5939331393072593,0.7357225051132787,0.5867033637977592,0.40606686069274067,1.5
8,0.94,0.008270096861893731,RSV-A,0.8184389020604829,0.9642398201488231,0.06352849489611301,0.6621574058097534,0.7851446469504364,0.6555898827434661,0.33784259419024665,1.5
8,0.95,0.006852875740824652,RSV-A,0.8184389020604829,0.9620813886858229,0.06512394940736865,0.7334467464005905,0.8323488707761438,0.727801317804762,0.2665532535994095,1.5
8,0.96,0.005451651803495008,RSV-A,0.8184389020604829,0.9600113855984134,0.06680878409652347,0.8055499032423346,0.8760240538442114,0.8010730673624338,0.19445009675766545,1.5
8,0.97,0.004066080636449747,RSV-A,0.8184389020604829,0.9580960322944174,0.06858058068854223,0.8749245590677198,0.9146233845379813,0.8718015368584658,0.12507544093228018,1.5
8,0.98,0.002695828696508644,RSV-A,0.8184389020604829,0.9564360238672994,0.07043607604607205,0.9362312805288425,0.94622580660565625,0.9345085659553068,0.06376871947115748,1.5
8,0.99,0.00134057286084162,RSV-A,0.8184389020604829,0.9551966084426853,0.0723712129287235,0.98165502201165,0.9682450972935948,0.9811201281562052,0.018344977988349997,1.5
9,0.5,0.09497690450094864,RSV-A,0.8184389020604829,0.9999780982333102,0.022813117042851494,0.008618206330826684,0.017089131772313203,0.008423437195702656,0.9913817936691733,1.5
9,0.51,0.09219126303295479,RSV-A,0.8184389020604829,0.9999730461923655,0.022826042618892872,0.009195226321892761,0.01822288457924426,0.008987462096856438,0.9908047736781073,1.5
9,0.52,0.08946391153100311,RSV-A,0.8184389020604829,0.9999668727734672,0.022840054910684637,0.00982059563218046,0.01945017265581534,0.009598760576496994,0.9901794043678196,1.5
9,0.53,0.08679254389879366,RSV-A,0.8184389020604829,0.9999593412902399,0.022855271129617938,0.010499572982199036,0.020780946033156136,0.01026247796588034,0.9895004270178009,1.5
9,0.54,0.0841749866510103,RSV-A,0.8184389020604829,0.9999501687012193,0.02287182324910486,0.011238101422213828,0.022226407772021315,0.010984430162425458,0.9887618985777862,1.5
9,0.55,0.08160918899542047,RSV-A,0.8184389020604829,0.9999390176130574,0.022889860027695996,0.01204290957088737,0.02379919016740926,0.011771203103613914,0.9879570904291126,1.5
9,0.56,0.07909321382199169,RSV-A,0.8184389020604829,0.9999254872280536,0.02290954931173561,0.012921629177584553,0.025513557064819305,0.012630268354234381,0.9870783708224155,1.5
9,0.5700000000000001,0.07662522950149853,RSV-A,0.8184389020604829,0.9999091031942625,0.022931080652176528,0.013882931773617855,0.027385636068654188,0.013570117556893215,0.9861170682263821,1.5
9,0.58,0.07420350240809076,RSV-A,0.8184389020604829,0.9998893063480984,0.022954668272771928,0.014936687649419507,0.02943368487061596,0.014600418970364785,0.9850633123505805,1.5
9,0.59,0.07182639009063523,RSV-A,0.8184389020604829,0.9998654403828814,0.02298055442902991,0.016094150941968415,0.031678396378334805,0.015732199872675875,0.9839058490580316,1.5
9,0.6,0.06949233502659016,RSV-A,0.8184389020604829,0.9998367385341204,0.0230090131988,0.01736817524922944,0.0341432477570142,0.016978059246007437,0.9826318247507706,1.5
9,0.61,0.06719985889991154,RSV-A,0.8184389020604829,0.9998023094445092,0.02304035474581967,0.01877346491530826,0.03685489887170662,0.018352415898938997,0.9812265350846917,1.5
9,0.62,0.06494755735122526,RSV-A,0.8184389020604829,0.9997611224598112,0.02307493009651873,0.02032686796016949,0.03984364587918469,0.019871798028153604,0.9796731320398305,1.5
9,0.63,0.0627340951543576,RSV-A,0.8184389020604829,0.9997119927102402,0.023113136467352247,0.022047717568067147,0.04314393578639217,0.021555181184959693,0.9779522824319329,1.5
9,0.64,0.060558201778427724,RSV-A,0.8184389020604829,0.9996535664493519,0.023155423174243683,0.02395823010293797,0.04679494755508656,0.023424382697421198,0.976041769897062,1.5
9,0.65,0.058418667299189056,RSV-A,0.8184389020604829,0.9995843072500076,0.023202298146603906,0.02608396878500278,0.05084124463531295,0.02550452180696687,0.9739160312149973,1.5
9,0.66,0.05631433862722098,RSV-A,0.8184389020604829,0.9995024837892749,0.023254335054977426,0.028454383430055918,0.055333502445419444,0.02782455610127353,0.9715456165699441,1.5
9,0.67,0.05424411602402406,RSV-A,0.8184389020604829,0.9994061600829078,0.023312181042700386,0.03110343799738925,0.06032931200690372,0.030417906242391157,0.9688965620026108,1.5
9,0.6799999999999999,0.05220694988010563,RSV-A,0.8184389020604829,0.9992931891451176,0.023376565026978824,0.03407033907037691,0.06589405732886007,0.03332318246087487,0.9659296609296231,1.5
9,0.69,0.05020183773181428,RSV-A,0.8184389020604829,0.9991612111378185,0.02344830650254459,0.03740037973328203,0.07210185876155492,0.03658502774553289,0.962599620266718,1.5
9,0.7,0.04822782149605947,RSV-A,0.8184389020604829,0.9990076571215778,0.023528324740526574,0.04114591449621241,0.07903656683513309,0.04025509399673228,0.9588540855037876,1.5
9,0.71,0.04628398490412797,RSV-A,0.8184389020604829,0.9988297595134372,0.023617648225719656,0.04536748178766252,0.08679278038934131,0.04439316846472728,0.9546325182123375,1.5
9,0.72,0.04436945111769108,RSV-A,0.8184389020604829,0.9986245702814723,0.023717424116677877,0.05013509083166845,0.09547684830794866,0.04906846831945338,0.9498649091683316,1.5
9,0.73,0.0424833805117236,RSV-A,0.8184389020604829,0.9983889877521933,0.02382892744524101,0.055529689095898095,0.10520779506906616,0.05436112084096548,0.9444703109041019,1.5
9,0.74,0.04062496861054482,RSV-A,0.8184389020604829,0.9981197926699708,0.023953569696308796,0.06164482442954287,0.11611808582021078,0.06036384497476893,0.9383551755704571,1.5
9,0.75,0.03879344416448818,RSV-A,0.8184389020604829,0.9978136938303042,0.024092906327036756,0.06858851179380247,0.12835411619810763,0.06718384615170654,0.9314114882061976,1.5
9,0.76,0.0369880673558855,RSV-A,0.8184389020604829,0.9974673832232839,0.024248642700656964,0.07648530713536981,0.14207627551613733,0.07494492933459587,0.9235146928646302,1.5
9,0.77,0.035208128124095336,RSV-A,0.8184389020604829,0.9970776001925789,0.024422637828948046,0.08547857910694166,0.15745838997283096,0.08378982385149196,0.9145214208930583,1.5
9,0.78,0.03345294460024189,RSV-A,0.8184389020604829,0.9966412036724801,0.024616905245786525,0.09573295114477051,0.17468630732297893,0.09388269582683723,0.9042670488552295,1.5
9,0.79,0.03172186164316956,RSV-A,0.8184389020604829,0.9961552511540269,0.024833610280855734,0.1074368593579584,0.19395534019770355,0.10541179736504422,0.8925631406420416,1.5
9,0.8,0.030014249468886943,RSV-A,0.8184389020604829,0.9956170827020683,0.025075062977499507,0.1208051323773741,0.21546624896646258,0.11859216260803704,0.8791948676226259,1.5
9,0.81,0.028329502366429286,RSV-A,0.8184389020604829,0.995024408154137,0.025343705913059233,0.13608144320641233,0.23941942714618666,0.13366820471047683,0.8639185567935876,1.5
9,0.8200000000000001,0.026667037493713974,RSV-A,0.8184389020604829,0.9943753956373349,0.02564209624502689,0.1535404041376084,0.2660069669580015,0.1509159883976195,0.8464595958623916,1.5
9,0.8300000000000001,0.025026293747480787,RSV-A,0.8184389020604829,0.9936687598000341,0.025972881432108297,0.17348896587519586,0.2954023466887718,0.17064484174898487,0.8265110341248041,1.5
9,0.8400000000000001,0.023406730701940943,RSV-A,0.8184389020604829,0.9929038487326572,0.026338768273263313,0.1962666304403209,0.32774761256689106,0.19319781710359457,0.8037333695596791,1.5
9,0.8500000000000001,0.02180782761118018,RSV-A,0.8184389020604829,0.9920807295170587,0.02674248517282951,0.22224378012686807,0.36313813938177686,0.21895029984886075,0.7777562198731319,1.5
9,0.86,0.020229082470800512,RSV-A,0.8184389020604829,0.9912002737933976,0.027186737872484046,0.2518171431736334,0.4016053481673731,0.24830577600582893,0.7481828568263666,1.5
9,0.87,0.018670011134623,RSV-A,0.8184389020604829,0.9902642468181976,0.027674159279679977,0.28540103662100824,0.44309811709962466,0.2816873795670652,0.7145989633789918,1.5
9,0.88,0.017130146482643594,RSV-A,0.8184389020604829,0.9892754064684652,0.028207254447082053,0.32341251627954054,0.48746399346716723,0.3195233152268864,0.6765874837204595,1.5
9,0.89,0.01560903763671078,RSV-A,0.8184389020604829,0.9882376229919513,0.0287883421896018,0.36624788151218896,0.534431612073907,0.3622235480620386,0.633752118487811,1.5
9,0.9,0.014106249220694091,RSV-A,0.8184389020604829,0.9871560368676804,0.02941949522879439,0.4142470749322789,0.583595822402525,0.410144212376813,0.5857529250677211,1.5
9,0.91,0.01262136066214969,RSV-A,0.8184389020604829,0.9860372825105186,0.03010248108835112,0.4676413146231912,0.6344067691027367,0.46353494400104767,0.5323586853768087,1.5
9,0.9199999999999999,0.011153965532731572,RSV-A,0.8184389020604829,0.9848898227390397,0.03083870618891471,0.5264777093015349,0.6861633941414113,0.5224626889263901,0.4735222906984651,1.5
9,0.9299999999999999,0.009703670924803226,RSV-A,0.8184389020604829,0.9837244688131582,0.03162916567036156,0.5905125193088687,0.7380103742545379,0.5867033637977592,0.4094874806911313,1.5
9,0.94,0.008270096861893731,RSV-A,0.8184389020604829,0.9825552154082536,0.03247440138072466,0.6590619898054233,0.78893519549385,0.6555898827434661,0.3409380101945767,1.5
9,0.95,0.006852875740824652,RSV-A,0.8184389020604829,0.981400624685878,0.033374470203643036,0.7307961065466174,0.8377585850973923,0.727801317804762,0.2692038934533826,1.5
9,0.96,0.005451651803495008,RSV-A,0.8184389020604829,0.9802862064994817,0.034328924459872234,0.8034559655403339,0.8831061045646809,0.8010730673624338,0.19654403445966606,1.5
9,0.97,0.004066080636449747,RSV-A,0.8184389020604829,0.9792487031223495,0.0353368055404506,0.873469394910108,0.9233393607922773,0.8718015368584658,0.126530605089892,1.5
9,0.98,0.002695828696508644,RSV-A,0.8184389020604829,0.9783442672174699,0.036396651253945866,0.9354316248002464,0.9564068304072588,0.9345085659553068,0.06456837519975356,1.5
9,0.99,0.00134057286084162,RSV-A,0.8184389020604829,0.9776653053833338,0.03750651665353455,0.9814076666706292,0.9795329115639053,0.9811201281562052,0.018592333329370825,1.5
10,0.5,0.09497690450094864,RSV-A,0.8184389020604829,0.9999939807253758,0.010739942232899313,0.008514057163352858,0.016884359063172864,0.008423437195702656,0.9914859428366471,1.5
10,0.51,0.09219126303295479,RSV-A,0.8184389020604829,0.9999924597379155,0.010746037544297704,0.0090841360696362,0.018004713637421246,0.008987462096856438,0.9909158639303638,1.5
10,0.52,0.08946391153100311,RSV-A,0.8184389020604829,0.9999905691308395,0.010752647269040683,0.009701991661449562,0.019217533217482926,0.009598760576496994,0.9902980083385504,1.5
10,0.53,0.08679254389879366,RSV-A,0.8184389020604829,0.9999882234427101,0.010759827341344397,0.010372822751769725,0.020532661338631488,0.01026247796588034,0.9896271772482302,1.5
10,0.54,0.0841749866510103,RSV-A,0.8184389020604829,0.9999853188031608,0.010767640841250259,0.011102505313593244,0.02196118289768921,0.010984430162425458,0.9888974946864068,1.5
10,0.55,0.08160918899542047,RSV-A,0.8184389020604829,0.9999817293922719,0.01077615899618345,0.011897692822142878,0.023515599157116596,0.011771203103613914,0.9881023071778571,1.5
10,0.56,0.07909321382199169,RSV-A,0.8184389020604829,0.9999773033518097,0.010785462325738293,0.012765932819208948,0.025210028799772178,0.012630268354234381,0.9872340671807911,1.5
10,0.5700000000000001,0.07662522950149853,RSV-A,0.8184389020604829,0.9999718581048658,0.010795641948515344,0.013715802458946606,0.027060438839008102,0.013570117556893215,0.9862841975410533,1.5
10,0.58,0.07420350240809076,RSV-A,0.8184389020604829,0.9999651750508459,0.010806801071521988,0.014757066268098471,0.029084909649433395,0.014600418970364785,0.9852429337319015,1.5
10,0.59,0.07182639009063523,RSV-A,0.8184389020604829,0.9999569936187412,0.010819056684200468,0.015900859904001124,0.03130393885408259,0.015732199872675875,0.9840991400959989,1.5
10,0.6,0.06949233502659016,RSV-A,0.8184389020604829,0.9999470046845707,0.010832541480431224,0.017159904330701716,0.03374078926033787,0.016978059246007437,0.9828400956692983,1.5
10,0.61,0.06719985889991154,RSV-A,0.8184389020604829,0.9999348433895197,0.01084740603271983,0.01854875556696812,0.03642188644359141,0.018352415898938997,0.9814512444330319,1.5
10,0.62,0.06494755735122526,RSV-A,0.8184389020604829,0.9999200814349601,0.01086382124296792,0.020084095999215863,0.03937727188059378,0.019871798028153604,0.9799159040007841,1.5
10,0.63,0.0627340951543576,RSV-A,0.8184389020604829,0.9999022189792413,0.010881981093499693,0.021785074205117015,0.042641117656326395,0.021555181184959693,0.978214925794883,1.5
10,0.64,0.060558201778427724,RSV-A,0.8184389020604829,0.999880676319221,0.010902105720027144,0.023673701304479582,0.04625230859987514,0.023424382697421198,0.9763262986955205,1.5
10,0.65,0.058418667299189056,RSV-A,0.8184389020604829,0.9998547856057182,0.010924444824568669,0.025775313042129273,0.0502550970952095,0.02550452180696687,0.9742246869578707,1.5
10,0.66,0.05631433862722098,RSV-A,0.8184389020604829,0.9998237829146726,0.010949281440530756,0.02811910810370507,0.05469983455711335,0.02782455610127353,0.9718808918962949,1.5
10,0.67,0.05424411602402406,RSV-A,0.8184389020604829,0.999786801071336,0.010976936053683328,0.03073877454710909,0.05964378138769434,0.030417906242391157,0.969261225452891,1.5
10,0.6799999999999999,0.05220694988010563,RSV-A,0.8184389020604829,0.9997428636989013,0.01100777107100448,0.0336732176580831,0.06515199377823362,0.03332318246087487,0.9663267823419169,1.5
10,0.69,0.05020183773181428,RSV-A,0.8184389020604829,0.9996908810293273,0.011042195613779615,0.03696740393797253,0.07129828053857595,0.03658502774553289,0.9630325960620275,1.5
10,0.7,0.04822782149605947,RSV-A,0.8184389020604829,0.9996296480657804,0.011080670591271269,0.040673337194854345,0.07816621565411859,0.04025509399673228,0.9593266628051457,1.5
10,0.71,0.04628398490412797,RSV-A,0.8184389020604829,0.9995578457149198,0.011123713986277983,0.04485118366852954,0.08585018180462317,0.04439316846472728,0.9551488163314704,1.5
10,0.72,0.04436945111769108,RSV-A,0.8184389020604829,0.9994740455053083,0.011171906253609531,0.04957056352860126,0.09445640584061665,0.04906846831945338,0.9504294364713988,1.5
10,0.73,0.0424833805117236,RSV-A,0.8184389020604829,0.9993767184682641,0.011225895696857058,0.05491202558640654,0.10410392834876477,0.05436112084096548,0.9450879744135935,1.5
10,0.74,0.04062496861054482,RSV-A,0.8184389020604829,0.9992642486744148,0.011286403648180454,0.0609687201483539,0.11492542511544876,0.06036384497476893,0.9390312798516461,1.5
10,0.75,0.03879344416448818,RSV-A,0.8184389020604829,0.9991349517911122,0.011354229231046897,0.0678482808975205,0.1270677678651701,0.06718384615170654,0.9321517191024795,1.5
10,0.76,0.0369880673558855,RSV-A,0.8184389020604829,0.9989870988554944,0.011430253438525662,0.07567491953081633,0.14069217488811958,0.07494492933459587,0.9243250804691837,1.5
10,0.77,0.035208128124095336,RSV-A,0.8184389020604829,0.9988189452531334,0.011515442212342242,0.08459172523478002,0.1559737596789498,0.08378982385149196,0.91540827476522,1.5
10,0.78,0.03345294460024189,RSV-A,0.8184389020604829,0.998628764667158,0.011610848163789322,0.09476314308554229,0.17310023943746994,0.09388269582683723,0.9052368569144578,1.5
10,0.79,0.03172186164316956,RSV-A,0.8184389020604829,0.9984148875372277,0.011717610541246537,0.10637757856893557,0.19226951921154833,0.10541179736504422,0.8936224214310644,1.5
10,0.8,0.030014249468886943,RSV-A,0.8184389020604829,0.9981757433670623,0.011836953025759156,0.11965003620519524,0.21368582835639718,0.11859216260803704,0.8803499637948048,1.5
10,0.81,0.028329502366429286,RSV-A,0.8184389020604829,0.9979099060728588,0.01197017893198049,0.13482464412106351,0.23755406406227056,0.13366820471047683,0.8651753558789365,1.5
10,0.8200000000000001,0.026667037493713974,RSV-A,0.8184389020604829,0.9976161415052522,0.012118663413109299,0.15217683717620198,0.26407200590890917,0.1509159883976195,0.847823162823798,1.5
10,0.8300000000000001,0.025026293747480787,RSV-A,0.8184389020604829,0.9972934563391143,0.0122838423212831,0.17201486071546104,0.2934201227897479,0.17064484174898487,0.827985139284539,1.5
10,0.8400000000000001,0.023406730701940943,RSV-A,0.8184389020604829,0.9969411477458306,0.012467197464115398,0.19468010430063704,0.32574881706991693,0.19319781710359457,0.805319895699363,1.5
10,0.8500000000000001,0.02180782761118018,RSV-A,0.8184389020604829,0.9965588536848512,0.012670238126403666,0.22054556550069895,0.3611631549045371,0.21895029984886075,0.7794544344993011,1.5
10,0.86,0.020229082470800512,RSV-A,0.8184389020604829,0.9961466043317517,0.012894478893069383,0.2500114590645184,0.39970541989255026,0.24830577600582893,0.7499885409354816,1.5
10,0.87,0.018670011134623,RSV-A,0.8184389020604829,0.9957048761832654,0.01314141401059521,0.2834966017423141,0.44133618293494437,0.2816873795670652,0.7165033982576858,1.5
10,0.88,0.017130146482643594,RSV-A,0.8184389020604829,0.9952346518859075,0.013412488750315865,0.3214236851976109,0.4859149567291859,0.3195233152268864,0.6785763148023891,1.5
10,0.89,0.01560903763671078,RSV-A,0.8184389020604829,0.994737491069767,0.013709068473776287,0.3641958565422498,0.5331818123846279,0.3622235480620386,0.6358041434577502,1.5
10,0.9,0.014106249220694091,RSV-A,0.8184389020604829,0.9942156208776334,0.014032406329549496,0.4121611030196125,0.5827414518134385,0.410144212376813,0.5878388969803875,1.5
10,0.91,0.01262136066214969,RSV-A,0.8184389020604829,0.9936720602850094,0.01438361071104255,0.4655597129508293,0.6340509953778003,0.46353494400104767,0.5344402870491707,1.5
10,0.9199999999999999,0.011153965532731572,RSV-A,0.8184389020604829,0.993110801269439,0.014763613753717708,0.5244484670650775,0.6864119882752678,0.5224626889263901,0.47555153293492247,1.5
10,0.9299999999999999,0.009703670924803226,RSV-A,0.8184389020604829,0.9925370854610205,0.015173142227496661,0.588593083912087,0.7389656782783959,0.5867033637977592,0.411406916087913,1.5
10,0.94,0.008270096861893731,RSV-A,0.8184389020604829,0.9919578433032116,0.015612692170537179,0.6573176473608459,0.7906882743751613,0.6555898827434661,0.34268235263915414,1.5
10,0.95,0.006852875740824652,RSV-A,0.8184389020604829,0.9913824172451218,0.016082508505919635,0.72929608714756,0.8403793223638205,0.727801317804762,0.27070391285244,1.5
10,0.96,0.005451651803495008,RSV-A,0.8184389020604829,0.9908238011176147,0.016582570684717912,0.8022660141181951,0.8866307252004885,0.8010730673624338,0.1977339858818049,1.5
10,0.97,0.004066080636449747,RSV-A,0.8184389020604829,0.9903008675290185,0.01711258511874103,0.8726390098322064,0.9277542222141545,0.8718015368584658,0.12736099016779356,1.5
10,0.98,0.002695828696508644,RSV-A,0.8184389020604829,0.9898426162967343,0.017671984824922493,0.9349734274276599,0.9616259658582048,0.9345085659553068,0.06502657257234012,1.5
10,0.99,0.00134057286084162,RSV-A,0.8184389020604829,0.989496922799249,0.018259936328686832,0.9812653583662767,0.9853639496070521,0.9811201281562052,0.018734641633723292,1.5
11,0.5,0.09497690450094864,RSV-A,0.8184389020604829,0.9999983835525637,0.004783557805366989,0.008463568633674473,0.016785075400043734,0.008423437195702656,0.9915364313663255,1.5
11,0.51,0.09219126303295479,RSV-A,0.8184389020604829,0.9999979401109705,0.004786275378035443,0.009030276691231798,0.017898920841842202,0.008987462096856438,0.9909697233087682,1.5
11,0.52,0.08946391153100311,RSV-A,0.8184389020604829,0.9999973797514609,0.004789222875253629,0.009644481878506233,0.019104708261594182,0.009598760576496994,0.9903555181214938,1.5
11,0.53,0.08679254389879366,RSV-A,0.8184389020604829,0.9999966731389822,0.004792425441321857,0.010311353433982972,0.020412228465649038,0.01026247796588034,0.9896886465660171,1.5
11,0.54,0.0841749866510103,RSV-A,0.8184389020604829,0.999995784063758,0.0047959114675887315,0.011036734144656538,0.021832507690349005,0.010984430162425458,0.9889632658553434,1.5
11,0.55,0.08160918899542047,RSV-A,0.8184389020604829,0.9999946679897216,0.004799713055707033,0.011827240220950436,0.023377981959096825,0.011771203103613914,0.9881727597790496,1.5
11,0.56,0.07909321382199169,RSV-A,0.8184389020604829,0.9999932703484489,0.0048038665490122145,0.012690377337238169,0.025062697446378433,0.012630268354234381,0.9873096226627618,1.5
11,0.5700000000000001,0.07662522950149853,RSV-A,0.8184389020604829,0.9999915245507195,0.004808413141413337,0.013634675592955562,0.02690254066246809,0.013570117556893215,0.9863653244070444,1.5
11,0.58,0.07420350240809076,RSV-A,0.8184389020604829,0.9999893496904227,0.004813399574137067,0.014669846623666785,0.028915502739340983,0.014600418970364785,0.9853301533763332,1.5
11,0.59,0.07182639009063523,RSV-A,0.8184389020604829,0.999986647920418,0.004818878931594162,0.015806966643090163,0.03112198257715145,0.015732199872675875,0.9841930333569099,1.5
11,0.6,0.06949233502659016,RSV-A,0.8184389020604829,0.9999833014880373,0.004824911548466093,0.01705868983604155,0.033545134078676646,0.016978059246007437,0.9829413101639585,1.5
11,0.61,0.06719985889991154,RSV-A,0.8184389020604829,0.9999791694294462,0.004831566040794599,0.01843949725867715,0.03621126312107406,0.018352415898938997,0.9815605027413229,1.5
11,0.62,0.06494755735122526,RSV-A,0.8184389020604829,0.9999740839381297,0.004838920474256603,0.019965987245931266,0.03915028023752874,0.019871798028153604,0.9800340127540688,1.5
11,0.63,0.0627340951543576,RSV-A,0.8184389020604829,0.9999678464433344,0.004847063682823727,0.02165721428477481,0.04239621512979243,0.021555181184959693,0.9783427857152251,1.5
11,0.64,0.060558201778427724,RSV-A,0.8184389020604829,0.9999602234600969,0.0048560967504707175,0.023535084390960272,0.04598779899860888,0.023424382697421198,0.9764649156090397,1.5
11,0.65,0.058418667299189056,RSV-A,0.8184389020604829,0.9999509423030993,0.0048661346673027905,0.025624816226131816,0.0499691201133903,0.02550452180696687,0.9743751837738682,1.5
11,0.66,0.05631433862722098,RSV-A,0.8184389020604829,0.9999396867917444,0.0048773081691951825,0.02795547850305009,0.054390356842346395,0.02782455610127353,0.9720445214969499,1.5
11,0.67,0.05424411602402406,RSV-A,0.8184389020604829,0.9999260931121953,0.00488976576651412,0.030560615627737025,0.05930859025850609,0.030417906242391157,0.969439384372263,1.5
11,0.6799999999999999,0.05220694988010563,RSV-A,0.8184389020604829,0.9999097460420927,0.004903675962381171,0.03347897497791442,0.06478869507086069,0.03332318246087487,0.9665210250220856,1.5
11,0.69,0.05020183773181428,RSV-A,0.8184389020604829,0.9998901757824463,0.004919229653996604,0.036755350648379134,0.07090430254840953,0.03658502774553289,0.9632446493516209,1.5
11,0.7,0.04822782149605947,RSV-A,0.8184389020604829,0.9998668556757455,0.004936642701347971,0.04044155979696657,0.07773882174055388,0.04025509399673228,0.9595584402030334,1.5
11,0.71,0.04628398490412797,RSV-A,0.8184389020604829,0.9998392011156236,0.004956158635966212,0.04459756873364426,0.08538649496375204,0.04439316846472728,0.9554024312663557,1.5
11,0.72,0.04436945111769108,RSV-A,0.8184389020604829,0.9998065699673753,0.004978051467986466,0.04929278636468936,0.09395344942679645,0.04906846831945338,0.9507072136353106,1.5
11,0.73,0.0424833805117236,RSV-A,0.8184389020604829,0.9997682648161438,0.005002628532510545,0.054607542178555527,0.10355868814050534,0.05436112084096548,0.9453924578214444,1.5
11,0.74,0.04062496861054482,RSV-A,0.8184389020604829,0.9997235373372395,0.005030233296229092,0.060634764133194304,0.11433493904991396,0.06036384497476893,0.9393652358668056,1.5
11,0.75,0.03879344416448818,RSV-A,0.8184389020604829,0.999671595038585,0.0050612480227584244,0.06748186786357994,0.12642925095310792,0.06718384615170654,0.9325181321364201,1.5
11,0.76,0.0369880673558855,RSV-A,0.8184389020604829,0.9996116105585515,0.005096096170826181,0.07527286158022507,0.14000318796278066,0.07494492933459587,0.9247271384197749,1.5
11,0.77,0.035208128124095336,RSV-A,0.8184389020604829,0.9995427336154469,0.005135244374417036,0.0841506595050095,0.1552324315551687,0.08378982385149196,0.9158493404949906,1.5
11,0.78,0.03345294460024189,RSV-A,0.8184389020604829,0.9994641056030279,0.00517920382977477,0.09427957881377673,0.17230555249511761,0.09388269582683723,0.9057204211862233,1.5
11,0.79,0.03172186164316956,RSV-A,0.8184389020604829,0.9993748767177164,0.005228530892904315,0.10584796827443499,0.19142166799101118,0.10541179736504422,0.894152031725565,1.5
11,0.8,0.030014249468886943,RSV-A,0.8184389020604829,0.9992742253990432,0.005283826675460346,0.11907087763412239,0.21278665895297136,0.11859216260803704,0.8809291223658776,1.5
11,0.81,0.028329502366429286,RSV-A,0.8184389020604829,0.9991613797792206,0.005345735419732267,0.13419262067908666,0.23660759829618339,0.13366820471047683,0.8658073793209133,1.5
11,0.8200000000000001,0.026667037493713974,RSV-A,0.8184389020604829,0.9990356407867735,0.005414941438072418,0.15148900555360945,0.2630850477072291,0.1509159883976195,0.8485109944463906,1.5
11,0.8300000000000001,0.025026293747480787,RSV-A,0.8184389020604829,0.9988964065508799,0.005492164421802559,0.17126889510285065,0.29240293423570035,0.17064484174898487,0.8287311048971493,1.5
11,0.8400000000000001,0.023406730701940943,RSV-A,0.8184389020604829,0.9987431978275507,0.005578152962179783,0.19387460671219228,0.3247158376274955,0.19319781710359457,0.8061253932878077,1.5
11,0.8500000000000001,0.02180782761118018,RSV-A,0.8184389020604829,0.9985756843393766,0.005673676183262755,0.21968045083051305,0.36013371932409083,0.21895029984886075,0.780319549169487,1.5
11,0.86,0.020229082470800512,RSV-A,0.8184389020604829,0.9983937122174017,0.0057795134639108126,0.24908842095484451,0.3987044089121881,0.24830577600582893,0.7509115790451555,1.5
11,0.87,0.018670011134623,RSV-A,0.8184389020604829,0.9981973332003765,0.005896442322137818,0.2825196602057597,0.4403945178302725,0.2816873795670652,0.7174803397942403,1.5
11,0.88,0.017130146482643594,RSV-A,0.8184389020604829,0.9979868369534642,0.006025224645735627,0.320399807871066,0.4850698269327513,0.3195233152268864,0.6796001921289341,1.5
11,0.89,0.01560903763671078,RSV-A,0.8184389020604829,0.9977627889363098,0.006166591572110858,0.3631356305706359,0.532476508645771,0.3622235480620386,0.6368643694293641,1.5
11,0.9,0.014106249220694091,RSV-A,0.8184389020604829,0.9975260778957704,0.006321227438945254,0.4110794112341213,0.5822246696559087,0.410144212376813,0.5889205887658787,1.5
11,0.91,0.01262136066214969,RSV-A,0.8184389020604829,0.9972779796806782,0.0064897533351830905,0.46447633256638543,0.6337754774114245,0.46353494400104767,0.5355236674336146,1.5
11,0.9199999999999999,0.011153965532731572,RSV-A,0.8184389020604829,0.9970202484305629,0.006672710867765552,0.5233884565583661,0.6864323879115265,0.5224626889263901,0.4766115434416339,1.5
11,0.9299999999999999,0.009703670924803226,RSV-A,0.8184389020604829,0.996755253755924,0.006870546812788869,0.587586747213605,0.7393355436693734,0.5867033637977592,0.41241325278639496,1.5
11,0.94,0.008270096861893731,RSV-A,0.8184389020604829,0.9964861963144432,0.007083599331811463,0.6563997547341416,0.7914560522966557,0.6555898827434661,0.3436002452658584,1.5
11,0.95,0.006852875740824652,RSV-A,0.8184389020604829,0.996217460626552,0.007312086399425488,0.7285038766545776,0.8415832359347974,0.727801317804762,0.2714961233454224,1.5
11,0.96,0.005451651803495008,RSV-A,0.8184389020604829,0.995955217626853,0.0075560970063975885,0.8016352796632015,0.8882922340966296,0.8010730673624338,0.19836472033679853,1.5
11,0.97,0.004066080636449747,RSV-A,0.8184389020604829,0.995708505657671,0.007815585577628958,0.8721972791577426,0.9298694361660892,0.8718015368584658,0.1278027208422574,1.5
11,0.98,0.002695828696508644,RSV-A,0.8184389020604829,0.9954912906628831,0.008090369885091486,0.9347288165502253,0.9641536657193659,0.9345085659553068,0.06527118344977467,1.5
11,0.99,0.00134057286084162,RSV-A,0.8184389020604829,0.9953267072375729,0.008380132555457442,0.9811891187565837,0.988207351446943,0.9811201281562052,0.018810881243416344,1.5
12,0.5,0.09497690450094864,RSV-A,0.8184389020604829,0.9999995753288864,0.0020212610259604524,0.008440350094288085,0.01673941361727297,0.008423437195702656,0.9915596499057119,1.5
12,0.51,0.09219126303295479,RSV-A,0.8184389020604829,0.9999994497993331,0.0020224100263913636,0.009005506335700141,0.017850261935996595,0.008987462096856438,0.9909944936642998,1.5
12,0.52,0.08946391153100311,RSV-A,0.8184389020604829,0.9999992886329842,0.0020236564029014747,0.009618030576757206,0.0190528105091062,0.009598760576496994,0.9903819694232427,1.5
12,0.53,0.08679254389879366,RSV-A,0.8184389020604829,0.9999990822036735,0.002025010848188291,0.01028307828984021,0.020356825556625765,0.01026247796588034,0.9897169217101598,1.5
12,0.54,0.0841749866510103,RSV-A,0.8184389020604829,0.9999988184526689,0.0020264854470872784,0.011006476789850042,0.021773305910403856,0.010984430162425458,0.98899352321015,1.5
12,0.55,0.08160918899542047,RSV-A,0.8184389020604829,0.9999984823314124,0.002028093878008841,0.011794824882584981,0.023314657050711497,0.011771203103613914,0.988205175117415,1.5
12,0.56,0.07909321382199169,RSV-A,0.8184389020604829,0.9999980551360665,0.0020298516446811687,0.012655608649922568,0.02499489112431699,0.012630268354234381,0.9873443913500775,1.5
12,0.5700000000000001,0.07662522950149853,RSV-A,0.8184389020604829,0.9999975137193343,0.002031776342539593,0.013597336124204162,0.026829856760833326,0.013570117556893215,0.9864026638757959,1.5
12,0.58,0.07420350240809076,RSV-A,0.8184389020604829,0.9999968295652957,0.002033887964589365,0.014629694078822364,0.02883750297358463,0.014600418970364785,0.9853703059211776,1.5
12,0.59,0.07182639009063523,RSV-A,0.8184389020604829,0.9999959677141079,0.0020362092520507247,0.01576373071412207,0.03103818191378443,0.015732199872675875,0.9842362692858779,1.5
12,0.6,0.06949233502659016,RSV-A,0.8184389020604829,0.9999948855258992,0.0020387660955574205,0.017012068657476082,0.03345499571996855,0.016978059246007437,0.9829879313425239,1.5
12,0.61,0.06719985889991154,RSV-A,0.8184389020604829,0.9999935312769941,0.0020415879930911762,0.018389153434073845,0.03611419313350017,0.018352415898938997,0.9816108465659261,1.5
12,0.62,0.06494755735122526,RSV-A,0.8184389020604829,0.9999918425875369,0.0020447085711419177,0.01991154341034279,0.039045621883466934,0.019871798028153604,0.9800884565896573,1.5
12,0.63,0.0627340951543576,RSV-A,0.8184389020604829,0.9999897446874441,0.0020481661757374425,0.02159824817333816,0.04228324300498268,0.021555181184959693,0.9784017518266619,1.5
12,0.64,0.060558201778427724,RSV-A,0.8184389020604829,0.9999871485380889,0.0020520045399206044,0.023471123392235463,0.045865713136929984,0.023424382697421198,0.9765288766077646,1.5
12,0.65,0.058418667299189056,RSV-A,0.8184389020604829,0.9999839488399829,0.002056273533867947,0.025555331412425844,0.04983704030024554,0.02550452180696687,0.9744446685875742,1.5
12,0.66,0.05631433862722098,RSV-A,0.8184389020604829,0.9999800219721383,0.002061030003031372,0.027879878150524128,0.05424731748405517,0.02782455610127353,0.9721201218494758,1.5
12,0.67,0.05424411602402406,RSV-A,0.8184389020604829,0.999975223926245,0.0020663386983453824,0.030478238268854433,0.05915353629430525,0.030417906242391157,0.9695217617311456,1.5
12,0.6799999999999999,0.05220694988010563,RSV-A,0.8184389020604829,0.9999693883178821,0.0020722733004744365,0.03338908207057417,0.0646204795941848,0.03332318246087487,0.9666109179294258,1.5
12,0.69,0.05020183773181428,RSV-A,0.8184389020604829,0.9999623245764705,0.0020789175372066815,0.03665711900337631,0.07072168703358694,0.03658502774553289,0.9633428809966237,1.5
12,0.7,0.04822782149605947,RSV-A,0.8184389020604829,0.9999538164344469,0.0020863663891781403,0.04033407398245708,0.07754048005873417,0.04025509399673228,0.959665926017543,1.5
12,0.71,0.04628398490412797,RSV-A,0.8184389020604829,0.9999436208523464,0.00209472737404659,0.04447981377710372,0.08517102272584538,0.04439316846472728,0.9555201862228963,1.5
12,0.72,0.04436945111769108,RSV-A,0.8184389020604829,0.9999314675282945,0.0021041218928661287,0.04916364120531736,0.09371938061709216,0.04906846831945338,0.9508363587946826,1.5
12,0.73,0.0424833805117236,RSV-A,0.8184389020604829,0.9999170591457821,0.002114686614643202,0.05446577449284527,0.1033045215029533,0.05436112084096548,0.9455342255071547,1.5
12,0.74,0.04062496861054482,RSV-A,0.8184389020604829,0.9999000725106635,0.002126574865899844,0.06047902737072946,0.11405917725109993,0.06036384497476893,0.9395209726292706,1.5
12,0.75,0.03879344416448818,RSV-A,0.8184389020604829,0.9998801607155925,0.0021399579816031578,0.06731070159654005,0.1261304561480457,0.06718384615170654,0.9326892984034599,1.5
12,0.76,0.0369880673558855,RSV-A,0.8184389020604829,0.9998569564470058,0.0021550265622972686,0.07508469659565266,0.13968005798524372,0.07494492933459587,0.9249153034043474,1.5
12,0.77,0.035208128124095336,RSV-A,0.8184389020604829,0.999830076516379,0.00217199157015191,0.08394382945914158,0.15488390146405154,0.08378982385149196,0.9160561705408584,1.5
12,0.78,0.03345294460024189,RSV-A,0.8184389020604829,0.9997991276557108,0.0021910851845561297,0.09405234072489867,0.17193092650859265,0.09388269582683723,0.9059476592751013,1.5
12,0.79,0.03172186164316956,RSV-A,0.8184389020604829,0.9997637135699394,0.002212561326794704,0.10559853465100566,0.19102078675140494,0.10541179736504422,0.8944014653489943,1.5
12,0.8,0.030014249468886943,RSV-A,0.8184389020604829,0.9997234431909577,0.0022366957543827892,0.1187974636046028,0.21236010634328423,0.11859216260803704,0.8812025363953973,1.5
12,0.81,0.028329502366429286,RSV-A,0.8184389020604829,0.9996779400351353,0.002263785620236436,0.13389351007942177,0.2361569503655782,0.13366820471047683,0.8661064899205783,1.5
12,0.8200000000000001,0.026667037493713974,RSV-A,0.8184389020604829,0.9996268525361046,0.0022941483915527305,0.15116264048394384,0.26261316330141193,0.1509159883976195,0.8488373595160561,1.5
12,0.8300000000000001,0.025026293747480787,RSV-A,0.8184389020604829,0.9995698652155357,0.0023281200296491056,0.1709139938970757,0.29191428230829186,0.17064484174898487,0.8290860061029243,1.5
12,0.8400000000000001,0.023406730701940943,RSV-A,0.8184389020604829,0.999506710576481,0.0023660523465186545,0.19349031543000356,0.32421684964501724,0.19319781710359457,0.8065096845699964,1.5
12,0.8500000000000001,0.02180782761118018,RSV-A,0.8184389020604829,0.9994371816681129,0.002408309477554993,0.21926653306388605,0.3596331465809955,0.21895029984886075,0.7807334669361139,1.5
12,0.86,0.020229082470800512,RSV-A,0.8184389020604829,0.999361145392068,0.002455263443236988,0.24864548961406116,0.3982136542023422,0.24830577600582893,0.7513545103859388,1.5
12,0.87,0.018670011134623,RSV-A,0.8184389020604829,0.9992785568200667,0.0025072888151334016,0.2820494525387638,0.4399278995327042,0.2816873795670652,0.7179505474612362,1.5
12,0.88,0.017130146482643594,RSV-A,0.8184389020604829,0.9991894751030033,0.002564756551889813,0.3199055005894637,0.4846447224905083,0.3195233152268864,0.6800944994105362,1.5
12,0.89,0.01560903763671078,RSV-A,0.8184389020604829,0.9990940820290789,0.0026280271262278943,0.36262218463374013,0.5321133154528659,0.3622235480620386,0.6373778153662599,1.5
12,0.9,0.014106249220694091,RSV-A,0.8184389020604829,0.998992705031809,0.00269744312062159,0.41055392421327924,0.5819465164212514,0.410144212376813,0.5894460757867208,1.5
12,0.91,0.01262136066214969,RSV-A,0.8184389020604829,0.9988858476396233,0.0027733215224918784,0.4639483586754928,0.6336076193951834,0.46353494400104767,0.5360516413245072,1.5
12,0.9199999999999999,0.011153965532731572,RSV-A,0.8184389020604829,0.9987742323409039,0.0028559459942643084,0.5228702277722984,0.6864012245256553,0.5224626889263901,0.4771297722277016,1.5
12,0.9299999999999999,0.009703670924803226,RSV-A,0.8184389020604829,0.9986588642837197,0.002945559424287758,0.5870931898167532,0.739467203154519,0.5867033637977592,0.4129068101832468,1.5
12,0.94,0.008270096861893731,RSV-A,0.8184389020604829,0.9985411305065144,0.0030423570771299646,0.6559481392684364,0.7917744871537827,0.6555898827434661,0.3440518607315636,1.5
12,0.95,0.006852875740824652,RSV-A,0.8184389020604829,0.9984229614285365,0.0031464806530121514,0.7281128589788973,0.842107749313139,0.727801317804762,0.2718871410211027,1.5
12,0.96,0.005451651803495008,RSV-A,0.8184389020604829,0.9983071057385251,0.003258013535369031,0.8013229778372462,0.8890342855093708,0.8010730673624338,0.19867702216275385,1.5
12,0.97,0.004066080636449747,RSV-A,0.8184389020604829,0.998197622679279,0.003376977453788288,0.8719778732852443,0.9308284083717626,0.8718015368584658,0.12802212671475566,1.5
12,0.98,0.002695828696508644,RSV-A,0.8184389020604829,0.9981008194577677,0.0035033307206921993,0.9346069408122668,0.9653109204314544,0.9345085659553068,0.0653930591877332,1.5
12,0.99,0.00134057286084162,RSV-A,0.8184389020604829,0.9980271802704872,0.003636968119387407,0.9811510157857526,0.9895171477286765,0.9811201281562052,0.01884898421424741,1.5
13,0.5,0.09497690450094864,RSV-A,0.8184389020604829,0.9999998907431529,8.122763181120929e-4,0.00843022627535795,0.016719503338957217,0.008423437195702656,0.9915697737246421,1.5
13,0.51,0.09219126303295479,RSV-A,0.8184389020604829,0.9999998561681629,8.12738241334543e-4,0.008994705455480272,0.017829043889555272,0.008987462096856438,0.9910052945445197,1.5
13,0.52,0.08946391153100311,RSV-A,0.8184389020604829,0.9999998110931634,8.132393564819207e-4,0.009606496172237336,0.019030178968521876,0.009598760576496994,0.9903935038277627,1.5
13,0.53,0.08679254389879366,RSV-A,0.8184389020604829,0.9999997524852849,8.13783979927929e-4,0.010270747846378091,0.020332663976321327,0.01026247796588034,0.989729252153622,1.5
13,0.54,0.0841749866510103,RSV-A,0.8184389020604829,0.9999996764913721,8.143769935327061e-4,0.01099328098301421,0.021747485668062092,0.010984430162425458,0.9890067190169858,1.5
13,0.55,0.08160918899542047,RSV-A,0.8184389020604829,0.9999995782360093,8.150239273934101e-4,0.011780686717291483,0.0232870360426842,0.011771203103613914,0.9882193132827085,1.5
13,0.56,0.07909321382199169,RSV-A,0.8184389020604829,0.9999994515768029,8.157310552804331e-4,0.012640442483303467,0.024965312200590235,0.012630268354234381,0.9873595575166966,1.5
13,0.5700000000000001,0.07662522950149853,RSV-A,0.8184389020604829,0.9999992888102665,8.165055046349678e-4,0.01358104655728364,0.02679814598742768,0.013570117556893215,0.9864189534427164,1.5
13,0.58,0.07420350240809076,RSV-A,0.8184389020604829,0.9999990803214734,8.173553832301339e-4,0.014612174700770288,0.028803467712265118,0.014600418970364785,0.9853878252992297,1.5
13,0.59,0.07182639009063523,RSV-A,0.8184389020604829,0.999998814170704,8.182899248266873e-4,0.015744862681704108,0.031001608712495042,0.015732199872675875,0.984255137318296,1.5
13,0.6,0.06949233502659016,RSV-A,0.8184389020604829,0.9999984756109678,8.193196563792693e-4,0.01699171909146384,0.03341564801309681,0.016978059246007437,0.9830082809085362,1.5
13,0.61,0.06719985889991154,RSV-A,0.8184389020604829,0.9999980465313324,8.204565895685301e-4,0.018367173614016515,0.036071808759723455,0.018352415898938997,0.9816328263859835,1.5
13,0.62,0.06494755735122526,RSV-A,0.8184389020604829,0.9999975048230298,8.217144396071019e-4,0.019887766749501302,0.0389999104415724,0.019871798028153604,0.9801122332504987,1.5
13,0.63,0.0627340951543576,RSV-A,0.8184389020604829,0.9999968236680199,0.00082310887439041025,0.021572487957109282,0.04223388308602993,0.021555181184959693,0.9784275120428907,1.5
13,0.64,0.060558201778427724,RSV-A,0.8184389020604829,0.9999959707536435,8.246577971043889e-4,0.02344317026652879,0.045812349496135475,0.023424382697421198,0.9765568297334712,1.5
13,0.65,0.058418667299189056,RSV-A,0.8184389020604829,0.9999949074219575,8.263816653156786e-4,0.02552495061383569,0.04977928106613373,0.02550452180696687,0.9744750493861644,1.5
13,0.66,0.05631433862722098,RSV-A,0.8184389020604829,0.9999935877685826,8.2830384931043e-4,0.02784680647858118,0.054184731548344946,0.02782455610127353,0.9721531935214188,1.5
13,0.67,0.05424411602402406,RSV-A,0.8184389020604829,0.9999919577131442,8.304510319813163e-4,0.030442180813198574,0.05908565108680108,0.030417906242391157,0.9695578191868014,1.5
13,0.6799999999999999,0.05220694988010563,RSV-A,0.8184389020604829,0.9999899540716871,8.328536517783203e-4,0.03334970872388267,0.06454677952625386,0.03332318246087487,0.9666502912761173,1.5
13,0.69,0.05020183773181428,RSV-A,0.8184389020604829,0.9999875036702054,8.35546389135966e-4,0.03661406081595864,0.07064161299569073,0.03658502774553289,0.9633859391840414,1.5
13,0.7,0.04822782149605947,RSV-A,0.8184389020604829,0.9999845225473669,8.385686952172566e-4,0.040286919448605865,0.0774534304862217,0.04025509399673228,0.9597130805513941,1.5
13,0.71,0.04628398490412797,RSV-A,0.8184389020604829,0.9999809153028004,8.419653597584453e-4,0.04442810518900117,0.08507635690688721,0.04439316846472728,0.9555718948109988,1.5
13,0.72,0.04436945111769108,RSV-A,0.8184389020604829,0.9999765746542176,8.457871121596572e-4,0.04910687127040024,0.09361642511036049,0.04906846831945338,0.9508931287295997,1.5
13,0.73,0.0424833805117236,RSV-A,0.8184389020604829,0.9999713812712588,8.500912466952171e-4,0.05440338348831967,0.10319258076145223,0.05436112084096548,0.9455966165116804,1.5
13,0.74,0.04062496861054482,RSV-A,0.8184389020604829,0.9999652039553725,8.549422588084443e-4,0.060410401208047804,0.11393754980947819,0.06036384497476893,0.9395895987919523,1.5
13,0.75,0.03879344416448818,RSV-A,0.8184389020604829,0.9999579002324892,8.604124749175268e-4,0.0672351712929641,0.12599845801431547,0.06718384615170654,0.9327648287070359,1.5
13,0.76,0.0369880673558855,RSV-A,0.8184389020604829,0.9999493174183218,8.665826530740439e-4,0.07500153980329602,0.1395370551644986,0.07494492933459587,0.924998460196704,1.5
13,0.77,0.035208128124095336,RSV-A,0.8184389020604829,0.999939294204491,8.735425263789454e-4,0.08385227488730135,0.15472935379726616,0.08378982385149196,0.9161477251126986,1.5
13,0.78,0.03345294460024189,RSV-A,0.8184389020604829,0.99992766279803,8.813912554936909e-4,0.09395157651083948,0.17176444517957912,0.09388269582683723,0.9060484234891605,1.5
13,0.79,0.03172186164316956,RSV-A,0.8184389020604829,0.9999142516280106,8.902377513149151e-4,0.10548772198681634,0.19084220781958677,0.10541179736504422,0.8945122780131837,1.5
13,0.8,0.030014249468886943,RSV-A,0.8184389020604829,0.9998988886128868,9.002008243593762e-4,0.11867575720796145,0.2121695823892985,0.11859216260803704,0.8813242427920386,1.5
13,0.81,0.028329502366429286,RSV-A,0.8184389020604829,0.9998814049631085,9.114091142717884e-4,0.1337600873914807,0.23595506165038702,0.13366820471047683,0.8662399126085193,1.5
13,0.8200000000000001,0.026667037493713974,RSV-A,0.8184389020604829,0.9998616394786829,9.240007517851145e-4,0.15101674176425567,0.26240104857311397,0.1509159883976195,0.8489832582357444,1.5
13,0.8300000000000001,0.025026293747480787,RSV-A,0.8184389020604829,0.9998394432943528,9.381227071560971e-4,0.17075497562278844,0.291693787374044,0.17064484174898487,0.8292450243772116,1.5
13,0.8400000000000001,0.023406730701940943,RSV-A,0.8184389020604829,0.9998146850303097,9.539297842444672e-4,0.1933177195288445,0.3239906889175881,0.19319781710359457,0.8066822804711555,1.5
13,0.8500000000000001,0.02180782761118018,RSV-A,0.8184389020604829,0.9997872563290561,9.715832285552839e-4,0.2190801744160974,0.3594050689526671,0.21895029984886075,0.7809198255839026,1.5
13,0.86,0.020229082470800512,RSV-A,0.8184389020604829,0.999757077805905,9.912489309898964e-4,0.24844556379443547,0.3979885998871252,0.24830577600582893,0.7515544362055645,1.5
13,0.87,0.018670011134623,RSV-A,0.8184389020604829,0.999724105521001,0.0010130952267193294,0.2818366647107931,0.4397121292657211,0.2816873795670652,0.718163335289207,1.5
13,0.88,0.017130146482643594,RSV-A,0.8184389020604829,0.9996883382092496,0.0010372903099600261,0.319681214482799,0.48444589525496945,0.3195233152268864,0.680318785517201,1.5
13,0.89,0.01560903763671078,RSV-A,0.8184389020604829,0.999649825705394,0.0010639993094520017,0.3623885871672586,0.5319404865173132,0.3622235480620386,0.6376114128327415,1.5
13,0.9,0.014106249220694091,RSV-A,0.8184389020604829,0.9996086793173677,0.0010933810945775724,0.4103141959108069,0.5818100247691806,0.410144212376813,0.589685804089193,1.5
13,0.91,0.01262136066214969,RSV-A,0.8184389020604829,0.9995650854100584,0.0011255849062915546,0.4637068316399362,0.6335188332020235,0.46353494400104767,0.5362931683600638,1.5
13,0.9199999999999999,0.011153965532731572,RSV-A,0.8184389020604829,0.9995193243109758,0.0011607469281175176,0.5226325003630783,0.6863721149993957,0.5224626889263901,0.4773674996369217,1.5
13,0.9299999999999999,0.009703670924803226,RSV-A,0.8184389020604829,0.9994717981269773,0.0011989869280480958,0.5868661485653406,0.7395097192114534,0.5867033637977592,0.4131338514346594,1.5
13,0.94,0.008270096861893731,RSV-A,0.8184389020604829,0.9994230737533616,0.0012404051103291902,0.655739811580601,0.791899702294378,0.6555898827434661,0.344260188419399,1.5
13,0.95,0.006852875740824652,RSV-A,0.8184389020604829,0.9993739525161198,0.001285079315160309,0.7279319815747117,0.8423247407786143,0.727801317804762,0.27206801842528827,1.5
13,0.96,0.005451651803495008,RSV-A,0.8184389020604829,0.9993255883524375,0.001333062693850584,0.8011781113113372,0.8893486723862967,0.8010730673624338,0.1988218886886628,1.5
13,0.97,0.004066080636449747,RSV-A,0.8184389020604829,0.9992796990911847,0.0013843819670257274,0.8718758167872988,0.9312403981932557,0.8718015368584658,0.12812418321270125,1.5
13,0.98,0.002695828696508644,RSV-A,0.8184389020604829,0.9992389684248254,0.0014390363456048272,0.9345500948596479,0.9658125495267665,0.9345085659553068,0.0654499051403521,1.5
13,0.99,0.00134057286084162,RSV-A,0.8184389020604829,0.999207872774153,0.0014969971604702481,0.9811331952843819,0.9900880497613733,0.9811201281562052,0.01886680471561808,1.5
14,0.5,0.09497690450094864,RSV-A,0.8184389020604829,0.9999999724509343,3.111655180000339e-4,0.008426036772353703,0.016711263817390402,0.008423437195702656,0.9915739632276463,1.5
14,0.51,0.09219126303295479,RSV-A,0.8184389020604829,0.9999999631695627,3.113425148991711e-4,0.008990235655109473,0.01782026294104241,0.008987462096856438,0.9910097643448905,1.5
14,0.52,0.08946391153100311,RSV-A,0.8184389020604829,0.9999999508900562,3.1153454093479915e-4,0.009601722665423487,0.019020812752953094,0.009598760576496994,0.9903982773345765,1.5
14,0.53,0.08679254389879366,RSV-A,0.8184389020604829,0.9999999346918047,3.117432549204491e-4,0.01026564470558221,0.020322664147925995,0.01026247796588034,0.9897343552944178,1.5
14,0.54,0.0841749866510103,RSV-A,0.8184389020604829,0.9999999133893995,0.00031197053403553276,0.010987819444147276,0.021736798846588405,0.010984430162425458,0.9890121805558527,1.5
14,0.55,0.08160918899542047,RSV-A,0.8184389020604829,0.9999998854630927,3.122185060702165e-4,0.011774834817862916,0.02327560322112029,0.011771203103613914,0.9882251651821371,1.5
14,0.56,0.07909321382199169,RSV-A,0.8184389020604829,0.9999998489734032,3.12489586691278e-4,0.01263416465085118,0.024953068083380214,0.012630268354234381,0.9873658353491488,1.5
14,0.5700000000000001,0.07662522950149853,RSV-A,0.8184389020604829,0.9999998014571017,3.12786522489894e-4,0.013574303141483392,0.026785018253357717,0.013570117556893215,0.9864256968585166,1.5
14,0.58,0.07420350240809076,RSV-A,0.8184389020604829,0.9999997398016469,3.131124406732244e-4,0.014604921441980636,0.02878937619683808,0.014600418970364785,0.9853950785580193,1.5
14,0.59,0.07182639009063523,RSV-A,0.8184389020604829,0.9999996600950128,3.134709063593588e-4,0.015737050108105652,0.030986464505859734,0.015732199872675875,0.9842629498918943,1.5
14,0.6,0.06949233502659016,RSV-A,0.8184389020604829,0.9999995574480108,3.1386598853433423e-4,0.016983291836455403,0.03339935247170588,0.016978059246007437,0.9830167081635446,1.5
14,0.61,0.06719985889991154,RSV-A,0.8184389020604829,0.9999994257863848,3.1430233583784606e-4,0.018358069645214775,0.03605425243319045,0.018352415898938997,0.9816419303547852,1.5
14,0.62,0.06494755735122526,RSV-A,0.8184389020604829,0.9999992576106531,3.1478526342554325e-4,0.019877916500666993,0.038980971921122445,0.019871798028153604,0.980122083499333,1.5
14,0.63,0.0627340951543576,RSV-A,0.8184389020604829,0.9999990437224752,3.153208522255202e-4,0.021561813354742804,0.04221342778805293,0.021555181184959693,0.9784381866452572,1.5
14,0.64,0.060558201778427724,RSV-A,0.8184389020604829,0.9999987729177408,3.1591606195058297e-4,0.023431583643946163,0.045790228404375535,0.023424382697421198,0.9765684163560538,1.5
14,0.65,0.058418667299189056,RSV-A,0.8184389020604829,0.9999984316483377,3.165788592193186e-4,0.025512353507521485,0.04975532946989345,0.02550452180696687,0.9744876464924785,1.5
14,0.66,0.05631433862722098,RSV-A,0.8184389020604829,0.9999980036569197,3.1731836206694286e-4,0.0278330883048722,0.05415876783286414,0.02782455610127353,0.9721669116951278,1.5
14,0.67,0.05424411602402406,RSV-A,0.8184389020604829,0.9999974695917655,3.1814500198090734e-4,0.030427217428335613,0.059057475657045326,0.030417906242391157,0.9695727825716643,1.5
14,0.6799999999999999,0.05220694988010563,RSV-A,0.8184389020604829,0.9999968066121813,3.1907070431225204e-4,0.033333360877757255,0.06451617397831026,0.03332318246087487,0.9666666391222427,1.5
14,0.69,0.05020183773181428,RSV-A,0.8184389020604829,0.9999959879984837,3.2010908752122536e-4,0.036596172520204674,0.07060833969261965,0.03658502774553289,0.9634038274797954,1.5
14,0.7,0.04822782149605947,RSV-A,0.8184389020604829,0.9999949827844697,3.212756811191708e-4,0.04026731629394074,0.07741723274948928,0.04025509399673228,0.9597326837060592,1.5
14,0.71,0.04628398490412797,RSV-A,0.8184389020604829,0.9999937554340194,3.225881613829751e-4,0.0444065926659982,0.0850369601022916,0.04439316846472728,0.9555934073340018,1.5
14,0.72,0.04436945111769108,RSV-A,0.8184389020604829,0.9999922655868558,3.24066602890416e-4,0.04908323317347492,0.09357353899022752,0.04906846831945338,0.950916766826525,1.5
14,0.73,0.0424833805117236,RSV-A,0.8184389020604829,0.9999904679011248,3.257337426256779e-4,0.0543773805161427,0.10314590352352121,0.05436112084096548,0.9456226194838573,1.5
14,0.74,0.04062496861054482,RSV-A,0.8184389020604829,0.9999883120219566,3.2761525183810924e-4,0.06038176991655751,0.11388677444646675,0.06036384497476893,0.9396182300834425,1.5
14,0.75,0.03879344416448818,RSV-A,0.8184389020604829,0.9999857427051703,3.297400089913305e-4,0.06720362361146309,0.12594328165306834,0.06718384615170654,0.932796376388537,1.5
14,0.76,0.0369880673558855,RSV-A,0.8184389020604829,0.999982700123607,3.32140365032374e-4,0.07496676339161831,0.13947719222209978,0.07494492933459587,0.9250332366083817,1.5
14,0.77,0.035208128124095336,RSV-A,0.8184389020604829,0.9999791203798908,3.348523899379119e-4,0.08381393469435937,0.1546645538995471,0.08378982385149196,0.9161860653056406,1.5
14,0.78,0.03345294460024189,RSV-A,0.8184389020604829,0.9999749362440437,3.3791608710354026e-4,0.09390931799309567,0.17169451687254964,0.09388269582683723,0.9060906820069043,1.5
14,0.79,0.03172186164316956,RSV-A,0.8184389020604829,0.9999700781274545,3.413755598324908e-4,0.10544117655937343,0.19076704912290554,0.10541179736504422,0.8945588234406265,1.5
14,0.8,0.030014249468886943,RSV-A,0.8184389020604829,0.9999644752969086,3.452791121014709e-4,0.11862455062912662,0.21208921914638873,0.11859216260803704,0.8813754493708734,1.5
14,0.81,0.028329502366429286,RSV-A,0.8184389020604829,0.9999580573246429,3.496792642161406e-4,0.13370385191880915,0.2358696943620122,0.13366820471047683,0.8662961480811908,1.5
14,0.8200000000000001,0.026667037493713974,RSV-A,0.8184389020604829,0.9999507557639002,3.546326631771457e-4,0.15095513305629515,0.262311107888796,0.1509159883976195,0.8490448669437048,1.5
14,0.8300000000000001,0.025026293747480787,RSV-A,0.8184389020604829,0.9999425060356878,3.601998678685048e-4,0.17068769547868173,0.2915999975835482,0.17064484174898487,0.8293123045213182,1.5
14,0.8400000000000001,0.023406730701940943,RSV-A,0.8184389020604829,0.999933249513269,3.6644499085403126e-4,0.19324454562922108,0.3238941375684357,0.19319781710359457,0.8067554543707789,1.5
14,0.8500000000000001,0.02180782761118018,RSV-A,0.8184389020604829,0.9999229357984812,3.734351818750481e-4,0.21900099820886482,0.35930727908815724,0.21895029984886075,0.7809990017911352,1.5
14,0.86,0.020229082470800512,RSV-A,0.8184389020604829,0.9999115252011657,3.812399432251423e-4,0.24836043749069397,0.3978915993841829,0.24830577600582893,0.751639562509306,1.5
14,0.87,0.018670011134623,RSV-A,0.8184389020604829,0.9998989914637151,3.8993027407863146e-4,0.28174585791903584,0.4396185094770992,0.2816873795670652,0.7182541420809642,1.5
14,0.88,0.017130146482643594,RSV-A,0.8184389020604829,0.9998853248230872,3.9957764937770257e-4,0.3195852801679875,0.4843588488606111,0.3195233152268864,0.6804147198320125,1.5
14,0.89,0.01560903763671078,RSV-A,0.8184389020604829,0.9998705355825414,4.1025284866635925e-4,0.3622884351659342,0.5318638124971271,0.3622235480620386,0.6377115648340659,1.5
14,0.9,0.014106249220694091,RSV-A,0.8184389020604829,0.9998546584922438,4.2202466070306865e-4,0.4102111698673373,0.5817480870869208,0.410144212376813,0.5897888301326627,1.5
14,0.91,0.01262136066214969,RSV-A,0.8184389020604829,0.9998377584435022,4.349584999887579e-4,0.4636027815360259,0.6334764593929276,0.46353494400104767,0.536397218463974,1.5
14,0.9199999999999999,0.011153965532731572,RSV-A,0.8184389020604829,0.9998199383254337,4.4911498058874955e-4,0.522529837214271,0.6863544213176069,0.5224626889263901,0.47747016278572896,1.5
14,0.9299999999999999,0.009703670924803226,RSV-A,0.8184389020604829,0.9998013504920489,4.6454849981936164e-4,0.5867678595569783,0.7395218496547874,0.5867033637977592,0.4132321404430217,1.5
14,0.94,0.008270096861893731,RSV-A,0.8184389020604829,0.9997822143796723,4.813058887073174e-4,0.6556494018204335,0.7919464680919857,0.6555898827434661,0.3443505981795665,1.5
14,0.95,0.006852875740824652,RSV-A,0.8184389020604829,0.999762844907066,4.994251867861399e-4,0.7278532912668769,0.8424101418310421,0.727801317804762,0.2721467087331231,1.5
14,0.96,0.005451651803495008,RSV-A,0.8184389020604829,0.999743700533846,5.189345956100322e-4,0.8011149325028836,0.8894752674981568,0.8010730673624338,0.19888506749711643,1.5
14,0.97,0.004066080636449747,RSV-A,0.8184389020604829,0.9997254690387194,5.398516581562873e-4,0.8718311992114245,0.9314084572914866,0.8718015368584658,0.1281688007885755,1.5
14,0.98,0.002695828696508644,RSV-A,0.8184389020604829,0.9997092305779803,5.62182700706515e-4,0.9345251822007254,0.9660188492991322,0.9345085659553068,0.06547481779927455,1.5
14,0.99,0.00134057286084162,RSV-A,0.8184389020604829,0.9996967929660494,5.859225604776253e-4,0.9811253666315923,0.9903240205253709,0.9811201281562052,0.018874633368407667,1.5
15,0.5,0.09497690450094864,RSV-A,0.8184389020604829,0.9999999931872392,1.1386775112531833e-4,0.008424388324634177,0.016708021784659015,0.008423437195702656,0.9915756116753658,1.5
15,0.51,0.09219126303295479,RSV-A,0.8184389020604829,0.999999990755682,1.1393253189107e-4,0.008988476890570701,0.01781680781435786,0.008987462096856438,0.9910115231094293,1.5
15,0.52,0.08946391153100311,RSV-A,0.8184389020604829,0.9999999874928114,1.140028163477691e-4,0.00959984436191695,0.01901712725964718,0.009598760576496994,0.990400155638083,1.5
15,0.53,0.08679254389879366,RSV-A,0.8184389020604829,0.9999999831286592,1.1407921292949652e-4,0.010263636646103172,0.020318729234712295,0.01026247796588034,0.9897363633538968,1.5
15,0.54,0.0841749866510103,RSV-A,0.8184389020604829,0.9999999773111331,1.1416241046291464e-4,0.010985670290410294,0.021732593468997755,0.010984430162425458,0.9890143297095897,1.5
15,0.55,0.08160918899542047,RSV-A,0.8184389020604829,0.9999999695831612,1.1425319012559054e-4,0.011772531966270306,0.02327110410721503,0.011771203103613914,0.9882274680337297,1.5
15,0.56,0.07909321382199169,RSV-A,0.8184389020604829,0.9999999593542768,1.1435243929114325e-4,0.012631694068400824,0.024948249469156088,0.012630268354234381,0.9873683059315992,1.5
15,0.5700000000000001,0.07662522950149853,RSV-A,0.8184389020604829,0.999999945865574,1.144611675513163e-4,0.01357164917887874,0.026779851587277533,0.013570117556893215,0.9864283508211212,1.5
15,0.58,0.07420350240809076,RSV-A,0.8184389020604829,0.9999999281468915,1.1458052525104012e-4,0.01460206662091834,0.02878382981112929,0.014600418970364785,0.9853979333790817,1.5
15,0.59,0.07182639009063523,RSV-A,0.8184389020604829,0.9999999049649545,1.1471182490885301e-4,0.01573397487943874,0.03098050325262382,0.015732199872675875,0.9842660251205613,1.5
15,0.6,0.06949233502659016,RSV-A,0.8184389020604829,0.9999998747612778,1.1485656593279714e-4,0.016979974305684133,0.03339293732262698,0.016978059246007437,0.9830200256943159,1.5
15,0.61,0.06719985889991154,RSV-A,0.8184389020604829,0.999999835578569,1.1501646309763913e-4,0.018354485261572986,0.036047340042824796,0.018352415898938997,0.981645514738427,1.5
15,0.62,0.06494755735122526,RSV-A,0.8184389020604829,0.9999997849746421,1.151934792760212e-4,0.019874037705993698,0.03897351415557413,0.019871798028153604,0.9801259622940063,1.5
15,0.63,0.0627340951543576,RSV-A,0.8184389020604829,0.9999997199230188,1.1538986295500653e-4,0.021557609188414577,0.04220537122351343,0.021555181184959693,0.9784423908115855,1.5
15,0.64,0.060558201778427724,RSV-A,0.8184389020604829,0.9999996366999018,1.156081910926865e-4,0.023427019300478906,0.04578151380382217,0.023424382697421198,0.9765729806995211,1.5
15,0.65,0.058418667299189056,RSV-A,0.8184389020604829,0.9999995307577688,1.1585141787728848e-4,0.025507389844137356,0.04974589125156104,0.02550452180696687,0.9744926101558626,1.5
15,0.66,0.05631433862722098,RSV-A,0.8184389020604829,0.9999993965866938,1.1612292993334883e-4,0.027827681297512497,0.05414853355138858,0.02782455610127353,0.9721723187024875,1.5
15,0.67,0.05424411602402406,RSV-A,0.8184389020604829,0.9999992275654676,1.1642660848176778e-4,0.030421317576468883,0.05904636552797433,0.030417906242391157,0.9695786824235311,1.5
15,0.6799999999999999,0.05220694988010563,RSV-A,0.8184389020604829,0.9999990158058918,1.1676689885820046e-4,0.03332691256112303,0.06450410048964739,0.03332318246087487,0.9666730874388769,1.5
15,0.69,0.05020183773181428,RSV-A,0.8184389020604829,0.9999987519949524,1.1714888766833909e-4,0.03658911331464687,0.07059520736396166,0.03658502774553289,0.9634108866853531,1.5
15,0.7,0.04822782149605947,RSV-A,0.8184389020604829,0.9999984252411468,1.1757838764303585e-4,0.04025957625909825,0.0774029381209516,0.04025509399673228,0.9597404237409017,1.5
15,0.71,0.04628398490412797,RSV-A,0.8184389020604829,0.9999980229327639,1.1806202996877957e-4,0.04439809362529158,0.08502139206261083,0.04439316846472728,0.9556019063747084,1.5
15,0.72,0.04436945111769108,RSV-A,0.8184389020604829,0.9999975306173882,1.186073634976692e-4,0.049073888017109636,0.09355657958688784,0.04906846831945338,0.9509261119828903,1.5
15,0.73,0.0424833805117236,RSV-A,0.8184389020604829,0.9999969319131544,1.192229597439809e-4,0.05436709257138834,0.1031274294378655,0.05436112084096548,0.9456329074286116,1.5
15,0.74,0.04062496861054482,RSV-A,0.8184389020604829,0.9999962084631545,1.1991852199066955e-4,0.06037043244709403,0.1138666593633152,0.06036384497476893,0.9396295675529059,1.5
15,0.75,0.03879344416448818,RSV-A,0.8184389020604829,0.9999953399447318,1.207049961144957e-4,0.06719111952991291,0.12592139980610156,0.06718384615170654,0.9328088804700871,1.5
15,0.76,0.0369880673558855,RSV-A,0.8184389020604829,0.999994304145175,1.2159467991867956e-4,0.07495296529733335,0.139453423450243,0.07494492933459587,0.9250470347026667,1.5
15,0.77,0.035208128124095336,RSV-A,0.8184389020604829,0.9999930771142478,1.2260132686670033e-4,0.08379870538286618,0.1546387906003998,0.08378982385149196,0.9162012946171338,1.5
15,0.78,0.03345294460024189,RSV-A,0.8184389020604829,0.9999916334023135,1.2374023915018295e-4,0.09389251162488634,0.1716666732776918,0.09388269582683723,0.9061074883751137,1.5
15,0.79,0.03172186164316956,RSV-A,0.8184389020604829,0.9999899463904366,1.250283440789035e-4,0.10542264072410346,0.1907370733333453,0.10541179736504422,0.8945773592758965,1.5
15,0.8,0.030014249468886943,RSV-A,0.8184389020604829,0.9999879887160331,1.2648424689598592e-4,0.1186041295961313,0.21205710833580668,0.11859216260803704,0.8813958704038687,1.5
15,0.81,0.028329502366429286,RSV-A,0.8184389020604829,0.9999857327947316,1.2812825242147774e-4,0.13368139142428664,0.23583551345643236,0.13366820471047683,0.8663186085757133,1.5
15,0.8200000000000001,0.026667037493713974,RSV-A,0.8184389020604829,0.9999831514365257,1.2998234749939108e-4,0.15093048703764486,0.2622750118346799,0.1509159883976195,0.8490695129623551,1.5
15,0.8300000000000001,0.025026293747480787,RSV-A,0.8184389020604829,0.9999802185526026,1.320701361916532e-4,0.17066073522035882,0.29156225699088295,0.17064484174898487,0.8293392647796411,1.5
15,0.8400000000000001,0.023406730701940943,RSV-A,0.8184389020604829,0.99997690994916,1.3441672016001327e-4,0.1932151718205131,0.3238551670336494,0.19319781710359457,0.8067848281794869,1.5
15,0.8500000000000001,0.02180782761118018,RSV-A,0.8184389020604829,0.9999732042069183,1.370485177977221e-4,0.2189691564139181,0.35926766684880546,0.21895029984886075,0.7810308435860819,1.5
15,0.86,0.020229082470800512,RSV-A,0.8184389020604829,0.9999690836510516,1.3999301748812698e-4,0.24832613746691745,0.3978521361429316,0.24830577600582893,0.7516738625330825,1.5
15,0.87,0.018670011134623,RSV-A,0.8184389020604829,0.9999645354274382,1.432784629171735e-4,0.2817091970498708,0.43958021330299507,0.2816873795670652,0.7182908029501291,1.5
15,0.88,0.017130146482643594,RSV-A,0.8184389020604829,0.9999595527198728,1.4693347158101222e-4,0.3195464709387057,0.4843229821219233,0.3195233152268864,0.6804535290612943,1.5
15,0.89,0.01560903763671078,RSV-A,0.8184389020604829,0.9999541361730723,1.5098659138623738e-4,0.36224783601829114,0.5318318859332095,0.3622235480620386,0.6377521639817089,1.5
15,0.9,0.014106249220694091,RSV-A,0.8184389020604829,0.9999482956346547,1.5546580432945767e-4,0.4101693177948271,0.5817218455318265,0.410144212376813,0.5898306822051729,1.5
15,0.91,0.01262136066214969,RSV-A,0.8184389020604829,0.9999420524080618,1.6039799035505453e-4,0.46356042324915286,0.6334578434255792,0.46353494400104767,0.5364395767508472,1.5
15,0.9199999999999999,0.011153965532731572,RSV-A,0.8184389020604829,0.9999354423405967,1.6580836827506662e-4,0.5224879533678694,0.6863454992103655,0.5224626889263901,0.47751204663213065,1.5
15,0.9299999999999999,0.009703670924803226,RSV-A,0.8184389020604829,0.9999285203012527,1.717199336924713e-4,0.5867276730479308,0.7395247141628241,0.5867033637977592,0.41327232695206917,1.5
15,0.94,0.008270096861893731,RSV-A,0.8184389020604829,0.9999213670232562,1.781529159124995e-4,0.6556123560659435,0.7919630922304981,0.6555898827434661,0.3443876439340565,1.5
15,0.95,0.006852875740824652,RSV-A,0.8184389020604829,0.9999141000915414,1.8512427643047058e-4,0.7278209770226255,0.8424421856189883,0.727801317804762,0.2721790229773745,1.5
15,0.96,0.005451651803495008,RSV-A,0.8184389020604829,0.9999068924882819,1.9264727077128452e-4,0.801088931312722,0.8895238215767994,0.8010730673624338,0.19891106868727804,1.5
15,0.97,0.004066080636449747,RSV-A,0.8184389020604829,0.9999000056442315,2.0073109299045822e-4,0.8718127968319497,0.9314736954512797,0.8718015368584658,0.12818720316805032,1.5
15,0.98,0.002695828696508644,RSV-A,0.8184389020604829,0.999893852215681,2.0938061837816324e-4,0.9345148847562648,0.9660995323403425,0.9345085659553068,0.06548511524373524,1.5
15,0.99,0.00134057286084162,RSV-A,0.8184389020604829,0.9998891251149968,2.1859625492537393e-4,0.9811221237499487,0.9904167303536436,0.9811201281562052,0.01887787625005133,1.5
0,0.5,0.03635497895277582,Zika,0.5464154933160561,0.18238088490380625,0.9978284721867641,0.41308701160974853,0.2530419361337975,0.008310546649024208,0.5869129883902515,1.5
0,0.51,0.03526776435308117,Zika,0.5464154933160561,0.17531762638921056,0.9978670224180185,0.423831594758486,0.24803553625414648,0.008870234807336523,0.576168405241514,1.5
0,0.52,0.034204520350254945,Zika,0.5464154933160561,0.16831178133859015,0.9979060694747335,0.434725374067371,0.2426696313699176,0.009476933728557999,0.565274625932629,1.5
0,0.53,0.03316427246171772,Zika,0.5464154933160561,0.16136951591490725,0.997945614787998,0.4457698564176262,0.23695931846163193,0.010135765904979539,0.5542301435823738,1.5
0,0.54,0.03214610327544375,Zika,0.5464154933160561,0.1544973139679231,0.9979856587634434,0.45696637625650477,0.2309215701078593,0.010852522191356219,0.5430336237434952,1.5
0,0.55,0.031149148122815426,Zika,0.5464154933160561,0.14770197276701477,0.9980262006678393,0.46831607542803333,0.22457526503290087,0.011633761062166483,0.5316839245719667,1.5
0,0.56,0.030172591151550004,Zika,0.5464154933160561,0.14099059437942382,0.9980672385042697,0.4798198807930559,0.21794120071599,0.012486923966734082,0.5201801192069442,1.5
0,0.5700000000000001,0.029215661755290907,Zika,0.5464154933160561,0.13437057192716573,0.9981087688750915,0.4914784794271094,0.21104208507661687,0.013420469533231276,0.5085215205728906,1.5
0,0.58,0.02827763132183445,Zika,0.5464154933160561,0.12784956992123842,0.9981507868319011,0.5032922911612409,0.20390250413521688,0.014444029848220682,0.49670770883875914,1.5
0,0.59,0.027357810266600537,Zika,0.5464154933160561,0.12143549785943215,0.9981932857117757,0.5152614382049892,0.19654886251834866,0.015568592592056705,0.48473856179501085,1.5
0,0.6,0.0264555453219561,Zika,0.5464154933160561,0.11513647629150471,0.9982362569591378,0.527385711562124,0.18900929376024478,0.01680671345245842,0.472614288437876,1.5
0,0.61,0.02557021705646415,Zika,0.5464154933160561,0.10896079461096099,0.9982796899327198,0.5396645339180883,0.18131353757775837,0.018172763979388436,0.46033546608191167,1.5
0,0.62,0.024701237601136145,Zika,0.5464154933160561,0.10291685993471594,0.9983235716972986,0.5520969186429537,0.17349278169307267,0.019683220894094196,0.44790308135704626,1.5
0,0.63,0.023848048562383196,Zika,0.5464154933160561,0.09701313658868557,0.9983678868001316,0.5646814245146818,0.1655794663755098,0.02135700383246421,0.43531857548531816,1.5
0,0.64,0.023010119103637754,Zika,0.5464154933160561,0.09125807593580255,0.9984126170323833,0.5774161057242307,0.15760705069222433,0.02321586959353133,0.42258389427576926,1.5
0,0.65,0.02218694417961373,Zika,0.5464154933160561,0.08566003656809963,0.9984577411762976,0.5902984566758108,0.14960974051019743,0.02528487217872373,0.4097015433241892,1.5
0,0.66,0.02137804290891709,Zika,0.5464154933160561,0.08022719523763851,0.9985032347394647,0.6033253510420405,0.14162217957728798,0.027592899238886394,0.39667464895795945,1.5
0,0.67,0.02058295707224977,Zika,0.5464154933160561,0.07496744931914295,0.9985490696782732,0.6164929744740424,0.13367910650896156,0.030173296973961716,0.3835070255259576,1.5
0,0.6799999999999999,0.019801249724799883,Zika,0.5464154933160561,0.06988831207097268,0.998595214113553,0.6297967502999736,0.1258149821781209,0.03306459701533955,0.3702032497000264,1.5
0,0.69,0.019032503912596525,Zika,0.5464154933160561,0.06499680247437431,0.9986416320425021,0.6432312574712937,0.11806359378195888,0.036311360296222714,0.3567687425287063,1.5
0,0.7,0.018276321483657574,Zika,0.5464154933160561,0.06029933195991291,0.9986882830522806,0.6567901399332452,0.11045764365017248,0.039965154273844186,0.3432098600667548,1.5
0,0.71,0.01753232198568509,Zika,0.5464154933160561,0.05580159084311807,0.9987351220421358,0.6704660065036172,0.10302833254798895,0.044085680945277865,0.3295339934963828,1.5
0,0.72,0.016800141642887904,Zika,0.5464154933160561,0.05150843775064408,0.998782098962579,0.6842503202404152,0.09580494868235057,0.0487420736526407,0.3157496797595848,1.5
0,0.73,0.016079432405236835,Zika,0.5464154933160561,0.04742379568091165,0.998829158581953,0.6981332761637277,0.08881447469854657,0.054014380350329363,0.30186672383627233,1.5
0,0.74,0.01536986106411227,Zika,0.5464154933160561,0.04355055856564837,0.9988762402926256,0.7121036660676776,0.08208122552068531,0.05999524930118537,0.2878963339323224,1.5
0,0.75,0.014671108428877703,Zika,0.5464154933160561,0.03989051224014466,0.9989232779709651,0.7261487290138574,0.07562652982496003,0.06679182936766796,0.2738512709861426,1.5
0,0.76,0.013982868559431622,Zika,0.5464154933160561,0.036444273558173555,0.9989701999070507,0.7402539859356174,0.06946846715878773,0.07452789017378159,0.2597460140643826,1.5
0,0.77,0.013304848050250952,Zika,0.5464154933160561,0.0332112509834868,0.9990169288216036,0.7544030566010249,0.06362167120179658,0.08334615605896434,0.2455969433989751,1.5
0,0.78,0.012636765361851654,Zika,0.5464154933160561,0.03018962935299949,0.9990633819886857,0.7685774569789132,0.0580972074395732,0.09341083004058645,0.23142254302108678,1.5
0,0.79,0.01197835019596234,Zika,0.5464154933160561,0.027376380658188586,0.9991094714830768,0.7827563748240309,0.05290253068967961,0.10491025737757687,0.21724362517596907,1.5
0,0.8,0.011329342911039292,Zika,0.5464154933160561,0.024767301674322936,0.9991551045706484,0.7969164210411454,0.048041524648730245,0.11805963930446539,0.20308357895885465,1.5
0,0.81,0.010689493975050026,Zika,0.5464154933160561,0.022357078146527164,0.9992001842582449,0.8110313541001157,0.043514622140888436,0.13310365139580416,0.18896864589988427,1.5
0,0.8200000000000001,0.010058563452720637,Zika,0.5464154933160561,0.020139374098549722,0.999244610016321,0.8250717744506034,0.039319001298877485,0.15031874154361755,0.17492822554939658,1.5
0,0.8300000000000001,0.009436320524686202,Zika,0.5464154933160561,0.01810694375559735,0.9992882786826883,0.8390047855215007,0.03544884976647761,0.17001477130335424,0.1609952144784993,1.5
0,0.8400000000000001,0.008822543036199566,Zika,0.5464154933160561,0.016251762659757234,0.999331085549102,0.8527936174812173,0.03189568642965988,0.19253551024928117,0.1472063825187827,1.5
0,0.8500000000000001,0.008217017073255964,Zika,0.5464154933160561,0.014565173892302491,0.9993729256241457,0.8663972094745563,0.028648728377196828,0.2182572812371953,0.13360279052544366,1.5
0,0.86,0.007619536564163991,Zika,0.5464154933160561,0.013038044976656893,0.9994136950561656,0.879769745533654,0.025695289923071744,0.24758476566062743,0.12023025446634605,1.5
0,0.87,0.007029902904761719,Zika,0.5464154933160561,0.011660931080549736,0.9994532926893374,0.892860138776247,0.02302120069903567,0.2809425863572371,0.10713986122375296,1.5
0,0.88,0.006447924605618553,Zika,0.5464154933160561,0.010424240619122789,0.9994916217149601,0.9056114578461857,0.020611231112148045,0.318760758307785,0.09438854215381431,1.5
0,0.89,0.0058734169597011235,Zika,0.5464154933160561,0.009318400343027644,0.9995285913696375,0.9179602888082935,0.018449515922652805,0.36145138996653914,0.0820397111917065,1.5
0,0.9,0.005306201729099648,Zika,0.5464154933160561,0.008334018577001903,0.9995641186230911,0.9298360248715885,0.016519970465823267,0.4093730740687559,0.07016397512841155,1.5
0,0.91,0.004746106849523627,Zika,0.5464154933160561,0.007462047656631184,0.9995981297919884,0.9411600753683875,0.014806699452722507,0.46277815220565,0.05883992463161247,1.5
0,0.9199999999999999,0.004192966151376349,Zika,0.5464154933160561,0.006693950216570862,0.9996305620132926,0.9518449843476241,0.013294406120315915,0.5217363767026169,0.0481550156523759,1.5
0,0.9299999999999999,0.0036466190963083014,Zika,0.5464154933160561,0.0060218796998504276,0.9996613645119617,0.9617934479321882,0.011968821476970917,0.5860263028935649,0.03820655206781176,1.5
0,0.94,0.0031069105282344398,Zika,0.5464154933160561,0.005438895165973516,0.999690499603718,0.9708972182233282,0.010817193207205308,0.654982865716889,0.029102781776671804,1.5
0,0.95,0.0025736904378772228,Zika,0.5464154933160561,0.0049392482754164755,0.9997179433839868,0.9790358799887019,0.009828909578915796,0.7272858223637209,0.020964120011298104,1.5
0,0.96,0.0020468137399658496,Zika,0.5464154933160561,0.004518815584623423,0.99974368606843,0.986075484620111,0.008996404010391576,0.8006688156737694,0.013924515379889035,1.5
0,0.97,0.0015261400622878065,Zika,0.5464154933160561,0.004175824805934027,0.9997677319677275,0.9918670238640576,0.008316636032215056,0.8715223963833478,0.008132976135942438,1.5
0,0.98,0.0010115335458477461,Zika,0.5464154933160561,0.003912199753439168,0.9997900990980536,0.9962447235815156,0.007793793695822658,0.9343560092634344,0.003755276418484388,1.5
0,0.99,5.02862655440816e-4,Zika,0.5464154933160561,0.0037363018772706732,0.9998108184474526,0.9990241352460293,0.007444760710078712,0.9810731553494357,9.758647539707122e-4,1.5
1,0.5,0.03635497895277582,Zika,0.5464154933160561,0.3959408163147254,0.9918771157752013,0.29001624243232205,0.3348001636805874,0.008310546649024208,0.709983757567678,1.5
1,0.51,0.03526776435308117,Zika,0.5464154933160561,0.3833786068854196,0.9919836884567457,0.2997267101692489,0.3364307251669086,0.008870234807336523,0.7002732898307511,1.5
1,0.52,0.034204520350254945,Zika,0.5464154933160561,0.37075623015878806,0.9920928332869848,0.30968399213927433,0.3374793720403735,0.009476933728557999,0.6903160078607257,1.5
1,0.53,0.03316427246171772,Zika,0.5464154933160561,0.35808606758660994,0.9922046009744738,0.3198942625937568,0.3379144598641747,0.010135765904979539,0.6801057374062431,1.5
1,0.54,0.03214610327544375,Zika,0.5464154933160561,0.3453815876879768,0.9923190403187175,0.3303636986742409,0.3377057630008245,0.010852522191356219,0.6696363013257591,1.5
1,0.55,0.031149148122815426,Zika,0.5464154933160561,0.3326573794407061,0.992436197759229,0.3410984590468557,0.3368250426519599,0.011633761062166483,0.6589015409531442,1.5
1,0.56,0.030172591151550004,Zika,0.5464154933160561,0.31992917714811003,0.9925561168663206,0.3521046592062234,0.33524667299778105,0.012486923966734082,0.6478953407937766,1.5
1,0.5700000000000001,0.029215661755290907,Zika,0.5464154933160561,0.30721387453217874,0.9926788377679012,0.36338834303354733,0.3329483198800273,0.013420469533231276,0.6366116569664526,1.5
1,0.58,0.02827763132183445,Zika,0.5464154933160561,0.29452952558172235,0.9928043965062854,0.37495545014163906,0.32991166299191527,0.014444029848220682,0.625044549858361,1.5
1,0.59,0.027357810266600537,Zika,0.5464154933160561,0.2818953294983973,0.9929328243188477,0.3868117784813101,0.32612314852845536,0.015568592592056705,0.6131882215186899,1.5
1,0.6,0.0264555453219561,Zika,0.5464154933160561,0.26933159695573616,0.9930641468362973,0.3989629416179033,0.3215747548122982,0.01680671345245842,0.6010370583820968,1.5
1,0.61,0.02557021705646415,Zika,0.5464154933160561,0.2568596948406487,0.9931983831924753,0.4114143200129155,0.3162647487191215,0.018172763979388436,0.5885856799870846,1.5
1,0.62,0.024701237601136145,Zika,0.5464154933160561,0.2445019667107203,0.9933355450399297,0.42417100556247905,0.3101984060432968,0.019683220894094196,0.575828994437521,1.5
1,0.63,0.023848048562383196,Zika,0.5464154933160561,0.2322816264028074,0.9934756354661826,0.4372377385507281,0.30338866462002034,0.02135700383246421,0.5627622614492719,1.5
1,0.64,0.023010119103637754,Zika,0.5464154933160561,0.22022262259739656,0.9936186478066554,0.45061883607052156,0.29585667549017985,0.02321586959353133,0.5493811639294784,1.5
1,0.65,0.02218694417961373,Zika,0.5464154933160561,0.2083494727050954,0.993764564351748,0.4643181108447682,0.2876322151616284,0.02528487217872373,0.5356818891552317,1.5
1,0.66,0.02137804290891709,Zika,0.5464154933160561,0.19668706521579699,0.9939133549477007,0.4783387792472795,0.27875392161877643,0.027592899238886394,0.5216612207527205,1.5
1,0.67,0.02058295707224977,Zika,0.5464154933160561,0.18526043064755648,0.9940649754937169,0.4926833571702981,0.26926931867329507,0.030173296973961716,0.5073166428297019,1.5
1,0.6799999999999999,0.019801249724799883,Zika,0.5464154933160561,0.17409448244630543,0.9942193663415099,0.5073535422145244,0.2592345979522055,0.03306459701533955,0.49264645778547556,1.5
1,0.69,0.019032503912596525,Zika,0.5464154933160561,0.16321373059622135,0.994376450608097,0.5223500804838705,0.24871413553376429,0.036311360296222714,0.47764991951612945,1.5
1,0.7,0.018276321483657574,Zika,0.5464154933160561,0.1526419722587824,0.9945361324183953,0.537672616048332,0.2377797309612807,0.039965154273844186,0.46232738395166795,1.5
1,0.71,0.01753232198568509,Zika,0.5464154933160561,0.1424019653969827,0.9946982951010717,0.5533195208909734,0.22650956976418296,0.044085680945277865,0.44668047910902664,1.5
1,0.72,0.016800141642887904,Zika,0.5464154933160561,0.1325150929666174,0.99486279936919,0.5692877028749277,0.21498692600892966,0.0487420736526407,0.4307122971250723,1.5
1,0.73,0.016079432405236835,Zika,0.5464154933160561,0.12300102675429861,0.9950294815264595,0.5855723889496338,0.2032986377515115,0.054014380350329363,0.4144276110503662,1.5
1,0.74,0.01536986106411227,Zika,0.5464154933160561,0.1138774011834868,0.9951981517501586,0.6021668804564838,0.1915334042416963,0.05999524930118537,0.3978331195435162,1.5
1,0.75,0.014671108428877703,Zika,0.5464154933160561,0.10515950826189216,0.9953685925128417,0.6190622769877163,0.17977996784252553,0.06679182936766796,0.3809377230122837,1.5
1,0.76,0.013982868559431622,Zika,0.5464154933160561,0.09686002518270953,0.9955405572162641,0.636247164791587,0.16812525438824671,0.07452789017378159,0.36375283520841295,1.5
1,0.77,0.013304848050250952,Zika,0.5464154933160561,0.08898878581921774,0.9957137691219603,0.6537072651943405,0.15665255182509052,0.08334615605896434,0.3462927348056595,1.5
1,0.78,0.012636765361851654,Zika,0.5464154933160561,0.08155260640889224,0.9958879206727131,0.6714250379169501,0.14543980757713265,0.09341083004058645,0.3285749620830499,1.5
1,0.79,0.01197835019596234,Zika,0.5464154933160561,0.07455517410530713,0.9960626733066822,0.6893792334917863,0.1345581198240006,0.10491025737757687,0.3106207665082137,1.5
1,0.8,0.011329342911039292,Zika,0.5464154933160561,0.06799700484274902,0.9962376578699446,0.7075443882206658,0.12407048707551463,0.11805963930446539,0.2924556117793342,1.5
1,0.81,0.010689493975050026,Zika,0.5464154933160561,0.06187547423479556,0.9964124757322265,0.7258902542479924,0.1140308650149464,0.13310365139580416,0.27410974575200764,1.5
1,0.8200000000000001,0.010058563452720637,Zika,0.5464154933160561,0.05618492219975661,0.9965867007032314,0.7443811563365609,0.10448356101272722,0.15031874154361755,0.2556188436634391,1.5
1,0.8300000000000001,0.009436320524686202,Zika,0.5464154933160561,0.05091682890625696,0.9967598818318806,0.7629752658123314,0.0954629767782782,0.17001477130335424,0.23702473418766856,1.5
1,0.8400000000000001,0.008822543036199566,Zika,0.5464154933160561,0.046060056723993034,0.996931547146971,0.7816237808689408,0.08699369021955315,0.19253551024928117,0.2183762191310592,1.5
1,0.8500000000000001,0.008217017073255964,Zika,0.5464154933160561,0.041601150418584594,0.997101208364759,0.8002700009709977,0.0790908504963585,0.2182572812371953,0.19972999902900235,1.5
1,0.86,0.007619536564163991,Zika,0.5464154933160561,0.03752468610654551,0.9972683665471141,0.8188482814424681,0.07176084695423138,0.24758476566062743,0.18115171855753187,1.5
1,0.87,0.007029902904761719,Zika,0.5464154933160561,0.033813658729468725,0.9974325186444439,0.83728285244354,0.06500220416320553,0.2809425863572371,0.16271714755646005,1.5
1,0.88,0.006447924605618553,Zika,0.5464154933160561,0.030449898249013754,0.9975931648029601,0.8554864843937842,0.05880665229142113,0.318760758307785,0.14451351560621584,1.5
1,0.89,0.0058734169597011235,Zika,0.5464154933160561,0.027414506669569814,0.9977498162595299,0.8733589794529493,0.05316032484527412,0.36145138996653914,0.12664102054705073,1.5
1,0.9,0.005306201729099648,Zika,0.5464154933160561,0.024688311745288946,0.9979020035937751,0.8907854658804815,0.04804504469120845,0.4093730740687559,0.10921453411951854,1.5
1,0.91,0.004746106849523627,Zika,0.5464154933160561,0.022252339501717112,0.99804928506127355,0.9076344689104111,0.043439674943111614,0.46277815220565,0.09236553108958889,1.5
1,0.9199999999999999,0.004192966151376349,Zika,0.5464154933160561,0.02008831783135282,0.9981912546987886,0.9237557281431191,0.03932153568085045,0.5217363767026169,0.07624427185688087,1.5
1,0.9299999999999999,0.0036466190963083014,Zika,0.5464154933160561,0.018179240125404224,0.9983275498769743,0.9389777273034788,0.03566792523677591,0.5860263028935649,0.06102227269652116,1.5
1,0.94,0.0031069105282344398,Zika,0.5464154933160561,0.016510046883388977,0.9984578579812758,0.9531048974707951,0.03245784655786504,0.654982865716889,0.046895102529204924,1.5
1,0.95,0.0025736904378772228,Zika,0.5464154933160561,0.015068536892777647,0.9985819219292882,0.9659144494630515,0.02967414872518806,0.7272858223637209,0.034085550536948506,1.5
1,0.96,0.0020468137399658496,Zika,0.5464154933160561,0.013846726193501281,0.9986995442819112,0.9771527848564932,0.02730650602801871,0.8006688156737694,0.02284721514350685,1.5
1,0.97,0.0015261400622878065,Zika,0.5464154933160561,0.012843101578976984,0.9988105897732086,0.9865314280268835,0.025356106175728536,0.8715223963833478,0.013468571973116461,1.5
1,0.98,0.0010115335458477461,Zika,0.5464154933160561,0.012066748103326325,0.9989149861647685,0.993722413479028,0.02384395956149721,0.9343560092634344,0.0062775865209719894,1.5
1,0.99,5.02862655440816e-4,Zika,0.5464154933160561,0.011545700897533363,0.9990127234179179,0.9983530534345693,0.022827408580611358,0.9810731553494357,0.0016469465654307403,1.5
2,0.5,0.03635497895277582,Zika,0.5464154933160561,0.5773904283474034,0.980763283042075,0.2009790129080982,0.2981703859408161,0.008310546649024208,0.7990209870919018,1.5
2,0.51,0.03526776435308117,Zika,0.5464154933160561,0.56290689724742,0.9809488487546039,0.20913331595933535,0.3049649072261661,0.008870234807336523,0.7908666840406646,1.5
2,0.52,0.034204520350254945,Zika,0.5464154933160561,0.5481494149539006,0.9811407685787621,0.21757968100987046,0.3115101031946672,0.009476933728557999,0.7824203189901295,1.5
2,0.53,0.03316427246171772,Zika,0.5464154933160561,0.5331289096625724,0.9813392494121944,0.22632907166749472,0.3177597027598888,0.010135765904979539,0.7736709283325053,1.5
2,0.54,0.03214610327544375,Zika,0.5464154933160561,0.5178582288153609,0.9815444997807601,0.23539276013489166,0.3236639038716611,0.010852522191356219,0.7646072398651084,1.5
2,0.55,0.031149148122815426,Zika,0.5464154933160561,0.5023522674265697,0.9817567289784682,0.24478231843903467,0.3291694830358212,0.011633761062166483,0.7552176815609654,1.5
2,0.56,0.030172591151550004,Zika,0.5464154933160561,0.48662808988211603,0.981976146050831,0.2545096060712358,0.3342200083340267,0.012486923966734082,0.7454903939287643,1.5
2,0.5700000000000001,0.029215661755290907,Zika,0.5464154933160561,0.47070504141809194,0.9822029586018715,0.2645867534371532,0.33875617708975525,0.013420469533231276,0.7354132465628468,1.5
2,0.58,0.02827763132183445,Zika,0.5464154933160561,0.45460484489343056,0.9824373714033703,0.27502614042723816,0.34271630022843463,0.014444029848220682,0.7249738595727618,1.5
2,0.59,0.027357810266600537,Zika,0.5464154933160561,0.4383516778931583,0.9826795847833769,0.28584036931654994,0.346036955203476,0.015568592592056705,0.7141596306834501,1.5
2,0.6,0.0264555453219561,Zika,0.5464154933160561,0.4219722246674178,0.9829297927696337,0.297042231086787,0.34865382766299613,0.01680671345245842,0.7029577689132129,1.5
2,0.61,0.02557021705646415,Zika,0.5464154933160561,0.40549569696949905,0.9831881809624984,0.3086446641306931,0.3505027583226976,0.018172763979388436,0.691355335869307,1.5
2,0.62,0.024701237601136145,Zika,0.5464154933160561,0.3889538175545044,0.9834549241113474,0.3206607041472528,0.35152100528801966,0.019683220894094196,0.6793392958527472,1.5
2,0.63,0.023848048562383196,Zika,0.5464154933160561,0.3723807599971408,0.9837301833684889,0.3331034238624919,0.35164872288687465,0.02135700383246421,0.6668965761375081,1.5
2,0.64,0.023010119103637754,Zika,0.5464154933160561,0.3558130386456408,0.9840141031955749,0.3459858610122442,0.3508306456314114,0.02321586959353133,0.6540141389877558,1.5
2,0.65,0.02218694417961373,Zika,0.5464154933160561,0.3392893430141072,0.9843068078996275,0.3593209327959961,0.34901795018173587,0.02528487217872373,0.6406790672040039,1.5
2,0.66,0.02137804290891709,Zika,0.5464154933160561,0.3228503117881657,0.9846083977794644,0.37312133475105147,0.3461702494870402,0.027592899238886394,0.6268786652489485,1.5
2,0.67,0.02058295707224977,Zika,0.5464154933160561,0.30653824292929976,0.9849189448688769,0.38739942169867064,0.34225765250255535,0.030173296973961716,0.6126005783013293,1.5
2,0.6799999999999999,0.019801249724799883,Zika,0.5464154933160561,0.29039673814267286,0.9852384882708415,0.4021670680731577,0.3372628015170964,0.03306459701533955,0.5978329319268423,1.5
2,0.69,0.019032503912596525,Zika,0.5464154933160561,0.2744702822246753,0.9855670290877742,0.4174355045547668,0.33118277931752305,0.036311360296222714,0.5825644954452331,1.5
2,0.7,0.018276321483657574,Zika,0.5464154933160561,0.25880376049561493,0.9859045249668418,0.4332151274803579,0.3240307628695725,0.039965154273844186,0.566784872519642,1.5
2,0.71,0.01753232198568509,Zika,0.5464154933160561,0.2434419205705034,0.9862508842970643,0.4495152769937677,0.3158372919475882,0.044085680945277865,0.5504847230062323,1.5
2,0.72,0.016800141642887904,Zika,0.5464154933160561,0.22842878799771837,0.9866059601167176,0.4663439793108557,0.30665102317316234,0.0487420736526407,0.5336560206891443,1.5
2,0.73,0.016079432405236835,Zika,0.5464154933160561,0.21380704862166744,0.9869695438155962,0.4837076478015819,0.2965388546005066,0.054014380350329363,0.5162923521984182,1.5
2,0.74,0.01536986106411227,Zika,0.5464154933160561,0.19961741367866936,0.9873413587469664,0.5016107368197269,0.2855853344913156,0.05999524930118537,0.4983892631802731,1.5
2,0.75,0.014671108428877703,Zika,0.5464154933160561,0.18589798636033145,0.9877210538981709,0.520055341325969,0.27389130968553854,0.06679182936766796,0.479944658674031,1.5
2,0.76,0.013982868559431622,Zika,0.5464154933160561,0.17268365061213525,0.9881081978059923,0.539040734334415,0.2615718213462742,0.07452789017378159,0.460959265665585,1.5
2,0.77,0.013304848050250952,Zika,0.5464154933160561,0.16000550402947028,0.9885022729416518,0.5585628330469475,0.24875331411743265,0.08334615605896434,0.44143716695305246,1.5
2,0.78,0.012636765361851654,Zika,0.5464154933160561,0.14789035666983005,0.988902670828644,0.5786135832014346,0.23557028254748807,0.09341083004058645,0.42138641679856537,1.5
2,0.79,0.01197835019596234,Zika,0.5464154933160561,0.1363603162982612,0.9893086881916693,0.5991802496224488,0.22216152893189528,0.10491025737757687,0.40081975037755124,1.5
2,0.8,0.011329342911039292,Zika,0.5464154933160561,0.12543247800808993,0.9897195244631933,0.6202445991970261,0.20866624287289748,0.11805963930446539,0.3797554008029739,1.5
2,0.81,0.010689493975050026,Zika,0.5464154933160561,0.11511873241790165,0.990134280991442,0.6417819604679751,0.19522012985893444,0.13310365139580416,0.3582180395320249,1.5
2,0.8200000000000001,0.010058563452720637,Zika,0.5464154933160561,0.10542570197264961,0.990551962295301,0.6637601417034023,0.18195181166131294,0.15031874154361755,0.33623985829659775,1.5
2,0.8300000000000001,0.009436320524686202,Zika,0.5464154933160561,0.0963548096223856,0.990971479692967,0.6861381866170541,0.1689796960838354,0.17001477130335424,0.31386181338294594,1.5
2,0.8400000000000001,0.008822543036199566,Zika,0.5464154933160561,0.08790247876118057,0.9913916575880153,0.7088649438260108,0.15640947132823468,0.19253551024928117,0.29113505617398916,1.5
2,0.8500000000000001,0.008217017073255964,Zika,0.5464154933160561,0.08006045828861216,0.9918112426256966,0.7318774225783802,0.14433232700054807,0.2182572812371953,0.2681225774216198,1.5
2,0.86,0.007619536564163991,Zika,0.5464154933160561,0.07281626254600301,0.9922289158324231,0.7550989031923045,0.13282394684488547,0.24758476566062743,0.24490109680769545,1.5
2,0.87,0.007029902904761719,Zika,0.5464154933160561,0.0661537132324278,0.9926433077237862,0.7784367659356992,0.12194426495077201,0.2809425863572371,0.22156323406430078,1.5
2,0.88,0.006447924605618553,Zika,0.5464154933160561,0.06005356979935238,0.9930530162154687,0.8017799966480806,0.1117379337890221,0.318760758307785,0.19822000335191936,1.5
2,0.89,0.0058734169597011235,Zika,0.5464154933160561,0.05449423692797404,0.9934566270048695,0.8249963211503089,0.10223542385197558,0.36145138996653914,0.17500367884969115,1.5
2,0.9,0.005306201729099648,Zika,0.5464154933160561,0.04945254343740854,0.9938527359203307,0.8479289132770877,0.09345466435019201,0.4093730740687559,0.15207108672291225,1.5
2,0.91,0.004746106849523627,Zika,0.5464154933160561,0.04490459788825222,0.9942399725733517,0.8703926130511537,0.08540314517915565,0.46277815220565,0.12960738694884633,1.5
2,0.9199999999999999,0.004192966151376349,Zika,0.5464154933160561,0.04082674508446278,0.9946170245123923,0.8921695819257623,0.07808043620089329,0.5217363767026169,0.10783041807423766,1.5
2,0.9299999999999999,0.0036466190963083014,Zika,0.5464154933160561,0.0371966802894998,0.9949826609799084,0.913004310953226,0.07148114929462762,0.5860263028935649,0.08699568904677402,1.5
2,0.94,0.0031069105282344398,Zika,0.5464154933160561,0.0339948359713898,0.9953357553300056,0.9325978849608871,0.06559849136031655,0.654982865716889,0.06740211503911286,1.5
2,0.95,0.0025736904378772228,Zika,0.5464154933160561,0.031206264614086373,0.9956753051813444,0.9506013910640073,0.06042877824490751,0.7272858223637209,0.04939860893599268,1.5
2,0.96,0.0020468137399658496,Zika,0.5464154933160561,0.028823458359328077,0.9960004494617208,0.9666083428071394,0.055977707937465156,0.8006688156737694,0.033391657192860635,1.5
2,0.97,0.0015261400622878065,Zika,0.5464154933160561,0.026851012703660644,0.9963104816435279,0.9801459715413368,0.05227009086433416,0.8715223963833478,0.019854028458663242,1.5
2,0.98,0.0010115335458477461,Zika,0.5464154933160561,0.02531412925349221,0.9966048586629066,0.990665213896801,0.04936680541901997,0.9343560092634344,0.009334786103199044,1.5
2,0.99,5.02862655440816e-4,Zika,0.5464154933160561,0.02427575170489385,0.9968832052440499,0.9975291979150784,0.04739803058494606,0.9810731553494357,0.002470802084921564,1.5
3,0.5,0.03635497895277582,Zika,0.5464154933160561,0.7152686879240806,0.9632694832290294,0.14029592514440425,0.2345802544105467,0.008310546649024208,0.8597040748555957,1.5
3,0.51,0.03526776435308117,Zika,0.5464154933160561,0.7014954160873358,0.963529386253988,0.1468609069703022,0.24287495770829837,0.008870234807336523,0.8531390930296978,1.5
3,0.52,0.034204520350254945,Zika,0.5464154933160561,0.6872596948304779,0.9638005145622337,0.15372162639207546,0.25124619388568953,0.009476933728557999,0.8462783736079246,1.5
3,0.53,0.03316427246171772,Zika,0.5464154933160561,0.6725630872793862,0.9640833594528327,0.1608925191496139,0.2596667862444578,0.010135765904979539,0.8391074808503861,1.5
3,0.54,0.03214610327544375,Zika,0.5464154933160561,0.6574094495686628,0.9643784268314666,0.168388673982555,0.26810500610105253,0.010852522191356219,0.831611326017445,1.5
3,0.55,0.031149148122815426,Zika,0.5464154933160561,0.6418051800974545,0.9646862363294838,0.17622584838384533,0.27652413764744155,0.011633761062166483,0.8237741516161546,1.5
3,0.56,0.030172591151550004,Zika,0.5464154933160561,0.6257594731810643,0.9650073201347235,0.18442048184499443,0.2848820508263745,0.012486923966734082,0.8155795181550056,1.5
3,0.5700000000000001,0.029215661755290907,Zika,0.5464154933160561,0.609284572632476,0.96534222148799,0.19298970591261708,0.29313079986229923,0.013420469533231276,0.8070102940873829,1.5
3,0.58,0.02827763132183445,Zika,0.5464154933160561,0.5923960197651705,0.9656914927938395,0.2019513502521572,0.3012162703401916,0.014444029848220682,0.7980486497478427,1.5
3,0.59,0.027357810266600537,Zika,0.5464154933160561,0.5751128892040398,0.9660556932889725,0.21132394377058317,0.30907790368921817,0.015568592592056705,0.7886760562294168,1.5
3,0.6,0.0264555453219561,Zika,0.5464154933160561,0.557458004763001,0.9664353862061736,0.22112670968206546,0.31664853442963115,0.01680671345245842,0.7788732903179345,1.5
3,0.61,0.02557021705646415,Zika,0.5464154933160561,0.539458126548926,0.9668311353666077,0.23137955320543951,0.3238543822448037,0.018172763979388436,0.7686204467945605,1.5
3,0.62,0.024701237601136145,Zika,0.5464154933160561,0.5211440994507964,0.96724350112866,0.24210304035512115,0.33061524730312836,0.019683220894094196,0.7578969596448788,1.5
3,0.63,0.023848048562383196,Zika,0.5464154933160561,0.5025509523556785,0.9676730356177837,0.25331836602297486,0.33684496247870355,0.02135700383246421,0.7466816339770251,1.5
3,0.64,0.023010119103637754,Zika,0.5464154933160561,0.48371793689908593,0.9681202771594756,0.26504730924157743,0.3424521591187865,0.02321586959353133,0.7349526907584225,1.5
3,0.65,0.02218694417961373,Zika,0.5464154933160561,0.4646884944187033,0.9685857438371511,0.277312173162243,0.34734140240293904,0.02528487217872373,0.722687826837757,1.5
3,0.66,0.02137804290891709,Zika,0.5464154933160561,0.4455101401541541,0.9690699260990946,0.2901357068663031,0.3514147465203777,0.027592899238886394,0.7098642931336969,1.5
3,0.67,0.02058295707224977,Zika,0.5464154933160561,0.42623425473619114,0.9695732783446988,0.30354100564593844,0.35457374714408385,0.030173296973961716,0.6964589943540616,1.5
3,0.6799999999999999,0.019801249724799883,Zika,0.5464154933160561,0.40691577473547624,0.9700962094309339,0.31755138583055215,0.3567219474312841,0.03306459701533955,0.6824486141694479,1.5
3,0.69,0.019032503912596525,Zika,0.5464154933160561,0.38761277656403714,0.9706390720565685,0.33219022958370203,0.35776782296448356,0.036311360296222714,0.667809770416298,1.5
3,0.7,0.018276321483657574,Zika,0.5464154933160561,0.36838595136623664,0.9712021510053608,0.34748079433919943,0.3576281305761723,0.039965154273844186,0.6525192056608006,1.5
3,0.71,0.01753232198568509,Zika,0.5464154933160561,0.34929797266385915,0.9717856502615619,0.3634459806662498,0.35623155728338135,0.044085680945277865,0.6365540193337502,1.5
3,0.72,0.016800141642887904,Zika,0.5464154933160561,0.3304127633200682,0.9723896790528586,0.38010805133233455,0.35352251196853324,0.0487420736526407,0.6198919486676655,1.5
3,0.73,0.016079432405236835,Zika,0.5464154933160561,0.3117946736631788,0.973014236928373,0.39748829314631245,0.3494648495620127,0.054014380350329363,0.6025117068536876,1.5
3,0.74,0.01536986106411227,Zika,0.5464154933160561,0.29350758808368554,0.9736591980431967,0.4156066117854639,0.3440452729314782,0.05999524930118537,0.5843933882145361,1.5
3,0.75,0.014671108428877703,Zika,0.5464154933160561,0.27561398273071885,0.9743242948962256,0.43448104820832617,0.3372761303775229,0.06679182936766796,0.5655189517916739,1.5
3,0.76,0.013982868559431622,Zika,0.5464154933160561,0.2581739616796831,0.9750091018539375,0.45412720339323814,0.32919732538846763,0.07452789017378159,0.5458727966067618,1.5
3,0.77,0.013304848050250952,Zika,0.5464154933160561,0.24124430269469296,0.9757130188872188,0.47455755597836713,0.3198770869154425,0.08334615605896434,0.5254424440216329,1.5
3,0.78,0.012636765361851654,Zika,0.5464154933160561,0.2248775460673647,0.9764352560479013,0.4957806548633927,0.30941141559024055,0.09341083004058645,0.5042193451366073,1.5
3,0.79,0.01197835019596234,Zika,0.5464154933160561,0.2091211606541788,0.9771748193110813,0.5178001659080294,0.2979221209362795,0.10491025737757687,0.48219983409197065,1.5
3,0.8,0.011329342911039292,Zika,0.5464154933160561,0.1940168199601162,0.9779304985014619,0.5406137484616197,0.2855534871863038,0.11805963930446539,0.4593862515383803,1.5
3,0.81,0.010689493975050026,Zika,0.5464154933160561,0.1795998178971801,0.9787008580978852,0.564211733502568,0.2724677356833742,0.13310365139580416,0.43578826649743196,1.5
3,0.8200000000000001,0.010058563452720637,Zika,0.5464154933160561,0.16589864884775404,0.9794842317593663,0.5885755705654955,0.25883957168887417,0.15031874154361755,0.4114244294345045,1.5
3,0.8300000000000001,0.009436320524686202,Zika,0.5464154933160561,0.152934770251689,0.9802787214267488,0.6136760052814373,0.24485019483693757,0.17001477130335424,0.3863239947185627,1.5
3,0.8400000000000001,0.008822543036199566,Zika,0.5464154933160561,0.14072255866871247,0.9810822018150508,0.6394709431280378,0.23068120178913037,0.19253551024928117,0.36052905687196224,1.5
3,0.8500000000000001,0.008217017073255964,Zika,0.5464154933160561,0.12926946285951146,0.981892331012465,0.6659029477381239,0.21650881047539353,0.2182572812371953,0.33409705226187614,1.5
3,0.86,0.007619536564163991,Zika,0.5464154933160561,0.11857635071954932,0.9827065677356804,0.6928963136775161,0.2024987899350985,0.24758476566062743,0.30710368632248386,1.5
3,0.87,0.007029902904761719,Zika,0.5464154933160561,0.10863804183163783,0.9835221955553016,0.7203536437793735,0.1888023984915992,0.2809425863572371,0.2796463562206265,1.5
3,0.88,0.006447924605618553,Zika,0.5464154933160561,0.09944401503909997,0.9843363541038218,0.7481518496832761,0.17555353179030223,0.318760758307785,0.2518481503167239,1.5
3,0.89,0.0058734169597011235,Zika,0.5464154933160561,0.0909792820677196,0.9851460769236504,0.7761374809038603,0.16286717963217598,0.36145138996653914,0.22386251909613974,1.5
3,0.9,0.005306201729099648,Zika,0.5464154933160561,0.08322542561502982,0.9859483352241498,0.8041212722335528,0.15083920476628976,0.4093730740687559,0.1958787277664472,1.5
3,0.91,0.004746106849523627,Zika,0.5464154933160561,0.07616181631197683,0.986740086421939,0.8318717812000854,0.13954740434378318,0.46277815220565,0.16812821879991457,1.5
3,0.9199999999999999,0.004192966151376349,Zika,0.5464154933160561,0.06976705262449782,0.9875183259709385,0.8591079662257003,0.12905381127374252,0.5217363767026169,0.1408920337742997,1.5
3,0.9299999999999999,0.0036466190963083014,Zika,0.5464154933160561,0.06402072094588213,0.9882801406830957,0.885490531571632,0.11940825782035185,0.5860263028935649,0.11450946842836796,1.5
3,0.94,0.0031069105282344398,Zika,0.5464154933160561,0.05890566998929586,0.9890227615309912,0.9106118365159875,0.11065339196093223,0.654982865716889,0.08938816348401246,1.5
3,0.95,0.0025736904378772228,Zika,0.5464154933160561,0.05441117750492952,0.9897436138367492,0.9339841328244093,0.10283168264115577,0.7272858223637209,0.06601586717559071,1.5
3,0.96,0.0020468137399658496,Zika,0.5464154933160561,0.05053775705941344,0.9904403628044761,0.9550258556355946,0.09599564675618208,0.8006688156737694,0.04497414436440539,1.5
3,0.97,0.0015261400622878065,Zika,0.5464154933160561,0.04730514849830844,0.9911109525487898,0.9730456474678881,0.09022400733370148,0.8715223963833478,0.02695435253211187,1.5
3,0.98,0.0010115335458477461,Zika,0.5464154933160561,0.04476689325143377,0.9917536370979847,0.9872237420730645,0.085649885500694,0.9343560092634344,0.012776257926935486,1.5
3,0.99,5.02862655440816e-4,Zika,0.5464154933160561,0.04303967660637664,0.9923670022810411,0.9965902730499024,0.08251575106182657,0.9810731553494357,0.003409726950097558,1.5
4,0.5,0.03635497895277582,Zika,0.5464154933160561,0.8137557962148014,0.938376975546868,0.09963740884255483,0.17753694360001612,0.008310546649024208,0.9003625911574452,1.5
4,0.51,0.03526776435308117,Zika,0.5464154933160561,0.8020483799169182,0.9386969258555167,0.10481765043915663,0.18540517321707237,0.008870234807336523,0.8951823495608434,1.5
4,0.52,0.034204520350254945,Zika,0.5464154933160561,0.7897735003537586,0.9390331938023295,0.11027298720019763,0.19352485521553547,0.009476933728557999,0.8897270127998024,1.5
4,0.53,0.03316427246171772,Zika,0.5464154933160561,0.7769198978771122,0.9393866566134011,0.11601965084668016,0.20189043125342138,0.010135765904979539,0.8839803491533198,1.5
4,0.54,0.03214610327544375,Zika,0.5464154933160561,0.7634783007756321,0.9397582311291519,0.12207482742633269,0.21049325860363036,0.010852522191356219,0.8779251725736673,1.5
4,0.55,0.031149148122815426,Zika,0.5464154933160561,0.7494417703697841,0.9401488738463994,0.128456703569052,0.21932107685919994,0.011633761062166483,0.871543296430948,1.5
4,0.56,0.030172591151550004,Zika,0.5464154933160561,0.7348060679974442,0.9405595805642164,0.13518451258991848,0.2283574152797946,0.012486923966734082,0.8648154874100815,1.5
4,0.5700000000000001,0.029215661755290907,Zika,0.5464154933160561,0.7195700402573586,0.9409913855507687,0.14227857983849396,0.23758094179174652,0.013420469533231276,0.857721420161506,1.5
4,0.58,0.02827763132183445,Zika,0.5464154933160561,0.7037360174744809,0.9414453601366136,0.14976036654790031,0.24696475791319616,0.014444029848220682,0.8502396334520996,1.5
4,0.59,0.027357810266600537,Zika,0.5464154933160561,0.6873102187725061,0.9419226106273564,0.15765251126397709,0.2564756483453431,0.015568592592056705,0.8423474887360229,1.5
4,0.6,0.0264555453219561,Zika,0.5464154933160561,0.67030315541339,0.9424242754152814,0.16597886772859585,0.26607329989569833,0.01680671345245842,0.8340211322714042,1.5
4,0.61,0.02557021705646415,Zika,0.5464154933160561,0.6527300222394031,0.9429515211558832,0.17476453784608542,0.27570951200730387,0.018172763979388436,0.8252354621539146,1.5
4,0.62,0.024701237601136145,Zika,0.5464154933160561,0.6346110652017626,0.9435055378615208,0.1840358980706688,0.28532743062560917,0.019683220894094196,0.8159641019293312,1.5
4,0.63,0.023848048562383196,Zika,0.5464154933160561,0.615971911178098,0.9440875327512905,0.19382061720764604,0.29486084848202465,0.02135700383246421,0.806179382792354,1.5
4,0.64,0.023010119103637754,Zika,0.5464154933160561,0.5968438446926448,0.9446987226844558,0.20414766321225447,0.30423362793276354,0.02321586959353133,0.7958523367877455,1.5
4,0.65,0.02218694417961373,Zika,0.5464154933160561,0.5772640149082362,0.9453403249953924,0.21504729608616382,0.31335931675153517,0.02528487217872373,0.7849527039138362,1.5
4,0.66,0.02137804290891709,Zika,0.5464154933160561,0.5572755555284042,0.9460135465423508,0.22655104339936613,0.322141041752413,0.027592899238886394,0.7734489566006338,1.5
4,0.67,0.02058295707224977,Zika,0.5464154933160561,0.5369276002155791,0.9467195707820095,0.23869165428894118,0.3304717782198918,0.030173296973961716,0.7613083457110588,1.5
4,0.6799999999999999,0.019801249724799883,Zika,0.5464154933160561,0.5162751769812126,0.9474595426887931,0.25150302698752575,0.3382351025286007,0.03306459701533955,0.7484969730124742,1.5
4,0.69,0.019032503912596525,Zika,0.5464154933160561,0.49537896690167177,0.9482345513545598,0.26502010399162906,0.3453065379717404,0.036311360296222714,0.7349798960083709,1.5
4,0.7,0.018276321483657574,Zika,0.5464154933160561,0.474304915586265,0.9490456101331732,0.27927872786777286,0.3515555959766332,0.039965154273844186,0.7207212721322271,1.5
4,0.71,0.01753232198568509,Zika,0.5464154933160561,0.4531236901325496,0.9498936342385256,0.2943154493829381,0.3568485925793645,0.044085680945277865,0.7056845506170619,1.5
4,0.72,0.016800141642887904,Zika,0.5464154933160561,0.43190997982223134,0.9507794157667664,0.31016727809958833,0.36105227965259434,0.0487420736526407,0.6898327219004117,1.5
4,0.73,0.016079432405236835,Zika,0.5464154933160561,0.4107416454004591,0.9517035961966777,0.32687136375366727,0.3640382697057864,0.054014380350329363,0.6731286362463327,1.5
4,0.74,0.01536986106411227,Zika,0.5464154933160561,0.38969872918167353,0.9526666365287726,0.34446459458715223,0.3656881525205758,0.05999524930118537,0.6555354054128477,1.5
4,0.75,0.014671108428877703,Zika,0.5464154933160561,0.3688623460490538,0.9536687853554108,0.36298309627841835,0.36589910581009283,0.06679182936766796,0.6370169037215816,1.5
4,0.76,0.013982868559431622,Zika,0.5464154933160561,0.3483134831657034,0.9547100453112878,0.382461612135957,0.3645896997769314,0.07452789017378159,0.617538387864043,1.5
4,0.77,0.013304848050250952,Zika,0.5464154933160561,0.3281317433189529,0.9557901385343861,0.40293274171491444,0.3617055011859186,0.08334615605896434,0.5970672582850856,1.5
4,0.78,0.012636765361851654,Zika,0.5464154933160561,0.30839407267240004,0.9569084719675834,0.42442601088834897,0.35722401441283047,0.09341083004058645,0.575573989111651,1.5
4,0.79,0.01197835019596234,Zika,0.5464154933160561,0.2891735177394571,0.9580641035430506,0.446966741546059,0.3511584737692927,0.10491025737757687,0.553033258453941,1.5
4,0.8,0.011329342911039292,Zika,0.5464154933160561,0.27053805816210763,0.9592557105040196,0.4705746833745746,0.34356003864252754,0.11805963930446539,0.5294253166254255,1.5
4,0.81,0.010689493975050026,Zika,0.5464154933160561,0.2525495611053299,0.960481561316125,0.49526236344028757,0.33451804768915017,0.13310365139580416,0.5047376365597125,1.5
4,0.8200000000000001,0.010058563452720637,Zika,0.5464154933160561,0.2352628997260116,0.9617394927840819,0.5210331013749875,0.3241581552838243,0.15031874154361755,0.4789668986250125,1.5
4,0.8300000000000001,0.009436320524686202,Zika,0.5464154933160561,0.21872527248775747,0.9630268940966139,0.5478786286389297,0.3126383838202387,0.17001477130335424,0.45212137136107033,1.5
4,0.8400000000000001,0.008822543036199566,Zika,0.5464154933160561,0.20297575260364656,0.9643406995492378,0.5757762393630473,0.3001433491575844,0.19253551024928117,0.42422376063695266,1.5
4,0.8500000000000001,0.008217017073255964,Zika,0.5464154933160561,0.18804508841273346,0.9656773916172706,0.6046853873575049,0.2868771180193322,0.2182572812371953,0.3953146126424951,1.5
4,0.86,0.007619536564163991,Zika,0.5464154933160561,0.17395576710777533,0.9670330158503465,0.6345436286752428,0.27305530286179014,0.24758476566062743,0.36545637132475717,1.5
4,0.87,0.007029902904761719,Zika,0.5464154933160561,0.16072234725526,0.9684032087219311,0.6652617912318793,0.25889706991677586,0.2809425863572371,0.33473820876812066,1.5
4,0.88,0.006447924605618553,Zika,0.5464154933160561,0.1483520615958192,0.9697832390906059,0.6967182319318418,0.24461772434815715,0.318760758307785,0.3032817680681582,1.5
4,0.89,0.0058734169597011235,Zika,0.5464154933160561,0.13684569273855077,0.971168063325877,0.728752016973943,0.23042245486194565,0.36145138996653914,0.271247983026057,1.5
4,0.9,0.005306201729099648,Zika,0.5464154933160561,0.1261987334518273,0.9725523934473549,0.7611548318486754,0.21650169559528787,0.4093730740687559,0.23884516815132462,1.5
4,0.91,0.004746106849523627,Zika,0.5464154933160561,0.11640286487072127,0.9739307768656461,0.7936613932164276,0.2030284325237908,0.46277815220565,0.2063386067835724,1.5
4,0.9199999999999999,0.004192966151376349,Zika,0.5464154933160561,0.10744782812016085,0.9752976855532397,0.8259380944566984,0.19015768775700345,0.5217363767026169,0.1740619055433016,1.5
4,0.9299999999999999,0.0036466190963083014,Zika,0.5464154933160561,0.09932384291284213,0.9766476117799399,0.8575695691255627,0.1780284075510858,0.5860263028935649,0.1424304308744373,1.5
4,0.94,0.0031069105282344398,Zika,0.5464154933160561,0.09202487167997789,0.9779751669877915,0.8880428005840599,0.16676812649333012,0.654982865716889,0.11195719941594007,1.5
4,0.95,0.0025736904378772228,Zika,0.5464154933160561,0.08555330626183023,0.9792751800161826,0.9167283401707207,0.15650120048527272,0.7272858223637209,0.08327165982927931,1.5
4,0.96,0.0020468137399658496,Zika,0.5464154933160561,0.07992721725370222,0.9805427907650025,0.9428581187294726,0.14736235071783865,0.8006688156737694,0.05714188127052744,1.5
4,0.97,0.0015261400622878065,Zika,0.5464154933160561,0.07519252142348422,0.9817735355260593,0.9654992449999421,0.13951935627110149,0.8715223963833478,0.03450075500005789,1.5
4,0.98,0.0010115335458477461,Zika,0.5464154933160561,0.07144526199661402,0.9829634206173057,0.983523076895213,0.1332135976370747,0.9343560092634344,0.01647692310478699,1.5
4,0.99,5.02862655440816e-4,Zika,0.5464154933160561,0.06887650705136748,0.9841089815900509,0.9955687251654698,0.12883950107263353,0.9810731553494357,0.004431274834530208,1.5
5,0.5,0.03635497895277582,Zika,0.5464154933160561,0.8811163877445983,0.9053586098106741,0.07237344371899086,0.13376005741021768,0.008310546649024208,0.9276265562810091,1.5
5,0.51,0.03526776435308117,Zika,0.5464154933160561,0.8718895479889854,0.9057201532940431,0.07643864070954041,0.1405548262539741,0.008870234807336523,0.9235613592904596,1.5
5,0.52,0.034204520350254945,Zika,0.5464154933160561,0.8620770835418728,0.9061025602308613,0.08074772806579729,0.14766426393657808,0.009476933728557999,0.9192522719342027,1.5
5,0.53,0.03316427246171772,Zika,0.5464154933160561,0.8516561275303723,0.9065071380327019,0.08531732192371153,0.15509728700027806,0.010135765904979539,0.9146826780762884,1.5
5,0.54,0.03214610327544375,Zika,0.5464154933160561,0.8406049513926009,0.9069352694912733,0.09016520906449955,0.1628615192084484,0.010852522191356219,0.9098347909355005,1.5
5,0.55,0.031149148122815426,Zika,0.5464154933160561,0.8289033437164687,0.9073884150487164,0.09531042345606598,0.17096289083739027,0.011633761062166483,0.904689576543934,1.5
5,0.56,0.030172591151550004,Zika,0.5464154933160561,0.8165330293232115,0.9078681146615527,0.1007733258401533,0.1794051650467007,0.012486923966734082,0.8992266741598467,1.5
5,0.5700000000000001,0.029215661755290907,Zika,0.5464154933160561,0.8034781272675308,0.9083759891365054,0.10657568600617116,0.18818938255190165,0.013420469533231276,0.8934243139938288,1.5
5,0.58,0.02827763132183445,Zika,0.5464154933160561,0.7897256449067523,0.9089137407954246,0.11274076724707999,0.1973132161428424,0.014444029848220682,0.8872592327529201,1.5
5,0.59,0.027357810266600537,Zika,0.5464154933160561,0.7752660033766777,0.9094831533033049,0.11929341231331328,0.20677022760298988,0.015568592592056705,0.8807065876866867,1.5
5,0.6,0.0264555453219561,Zika,0.5464154933160561,0.7600935877069429,0.910086090467946,0.12626012996067926,0.21654902157728778,0.01680671345245842,0.8737398700393207,1.5
5,0.61,0.02557021705646415,Zika,0.5464154933160561,0.7442073124398438,0.9107244937924539,0.13366918091932808,0.22663229427037046,0.018172763979388436,0.8663308190806719,1.5
5,0.62,0.024701237601136145,Zika,0.5464154933160561,0.7276111910371508,0.9114003785329295,0.14155066178340858,0.23699577996455432,0.019683220894094196,0.8584493382165914,1.5
5,0.63,0.023848048562383196,Zika,0.5464154933160561,0.7103148946552718,0.9121158279840513,0.1499365849233435,0.24760710571974806,0.02135700383246421,0.8500634150766565,1.5
5,0.64,0.023010119103637754,Zika,0.5464154933160561,0.6923342831632391,0.9128729856858577,0.15886095204094744,0.25842457477458897,0.02321586959353133,0.8411390479590526,1.5
5,0.65,0.02218694417961373,Zika,0.5464154933160561,0.6736918887338899,0.9136740452172921,0.1683598184052346,0.2693959125946583,0.02528487217872373,0.8316401815947654,1.5
5,0.66,0.02137804290891709,Zika,0.5464154933160561,0.6544173301582711,0.9145212372179277,0.17847134410426613,0.2804570265573253,0.027592899238886394,0.8215286558957339,1.5
5,0.67,0.02058295707224977,Zika,0.5464154933160561,0.6345476344535383,0.915416813261218,0.1892358278022129,0.2915308509761552,0.030173296973961716,0.8107641721977871,1.5
5,0.6799999999999999,0.019801249724799883,Zika,0.5464154933160561,0.6141274416148781,0.9163630261937717,0.20069571747320172,0.3025263730913582,0.03306459701533955,0.7993042825267983,1.5
5,0.69,0.019032503912596525,Zika,0.5464154933160561,0.5932090687671786,0.9173621065593471,0.2128955913613551,0.31333796153955995,0.036311360296222714,0.787104408638645,1.5
5,0.7,0.018276321483657574,Zika,0.5464154933160561,0.5718524117482319,0.9184162347480526,0.2258821009502818,0.3238451443255876,0.039965154273844186,0.7741178990497182,1.5
5,0.71,0.01753232198568509,Zika,0.5464154933160561,0.5501246654981985,0.9195275085558006,0.23970386596835824,0.33391300473690644,0.044085680945277865,0.7602961340316418,1.5
5,0.72,0.016800141642887904,Zika,0.5464154933160561,0.5280998496524918,0.9206979059120673,0.2544113093525216,0.3433933757310149,0.0487420736526407,0.7455886906474785,1.5
5,0.73,0.016079432405236835,Zika,0.5464154933160561,0.5058581324304068,0.9219292426413972,0.2700564175770923,0.35212700946276543,0.054014380350329363,0.7299435824229077,1.5
5,0.74,0.01536986106411227,Zika,0.5464154933160561,0.48348495412676196,0.9232231252715051,0.2866924087460305,0.35994687139086795,0.05999524930118537,0.7133075912539695,1.5
5,0.75,0.014671108428877703,Zika,0.5464154933160561,0.46106996092757513,0.924580899093202,0.3043732872539244,0.3666826508561433,0.06679182936766796,0.6956267127460756,1.5
5,0.76,0.013982868559431622,Zika,0.5464154933160561,0.4387057698964415,0.9260035919178449,0.32315325953113017,0.3721664876077359,0.07452789017378159,0.6768467404688698,1.5
5,0.77,0.013304848050250952,Zika,0.5464154933160561,0.4164865961808416,0.9274918542671596,0.34308598026968173,0.3762397868222528,0.08334615605896434,0.6569140197303183,1.5
5,0.78,0.012636765361851654,Zika,0.5464154933160561,0.39450678303039444,0.9290458970647429,0.36422359242172,0.3787608415293633,0.09341083004058645,0.63577640757828,1.5
5,0.79,0.01197835019596234,Zika,0.5464154933160561,0.37285928333245566,0.9306654282698528,0.38661551698405694,0.3796128180363751,0.10491025737757687,0.6133844830159431,1.5
5,0.8,0.011329342911039292,Zika,0.5464154933160561,0.35163414733706444,0.9323495902874884,0.4103069399093649,0.3787115129410178,0.11805963930446539,0.5896930600906352,1.5
5,0.81,0.010689493975050026,Zika,0.5464154933160561,0.33091707449512575,0.9340969003823012,0.4353369331522367,0.37601219152048154,0.13310365139580416,0.5646630668477632,1.5
5,0.8200000000000001,0.010058563452720637,Zika,0.5464154933160561,0.3107880875433774,0.9359051966881441,0.46173613455362345,0.3715147981200092,0.15031874154361755,0.5382638654463765,1.5
5,0.8300000000000001,0.009436320524686202,Zika,0.5464154933160561,0.29132038412824757,0.9377715927037201,0.48952389661758633,0.3652669120311097,0.17001477130335424,0.5104761033824137,1.5
5,0.8400000000000001,0.008822543036199566,Zika,0.5464154933160561,0.2725794157317231,0.9396924433562701,0.5187047967973007,0.3573640120946161,0.19253551024928117,0.48129520320269925,1.5
5,0.8500000000000001,0.008217017073255964,Zika,0.5464154933160561,0.2546222362096503,0.9416633257559203,0.549264381157536,0.34794689196016526,0.2182572812371953,0.45073561884246405,1.5
5,0.86,0.007619536564163991,Zika,0.5464154933160561,0.2374971540535991,0.9436790376120161,0.5811639885944203,0.33719639577166655,0.24758476566062743,0.4188360114055797,1.5
5,0.87,0.007029902904761719,Zika,0.5464154933160561,0.2212437151543381,0.9457336159064448,0.6143344734287516,0.32532596735020053,0.2809425863572371,0.3856655265712484,1.5
5,0.88,0.006447924605618553,Zika,0.5464154933160561,0.20589303850754181,0.947820377799225,0.6486686092669359,0.3125727705994054,0.318760758307785,0.3513313907330641,1.5
5,0.89,0.0058734169597011235,Zika,0.5464154933160561,0.1914685288379511,0.9499319848808393,0.6840119154984874,0.29918830515372435,0.36145138996653914,0.3159880845015126,1.5
5,0.9,0.005306201729099648,Zika,0.5464154933160561,0.1779870016934525,0.9520605308120226,0.7201515984313488,0.2854294955182463,0.4093730740687559,0.2798484015686512,1.5
5,0.91,0.004746106849523627,Zika,0.5464154933160561,0.16546028481078826,0.9541976511609366,0.7568032403829688,0.27155119177717874,0.46277815220565,0.24319675961703124,1.5
5,0.9199999999999999,0.004192966151376349,Zika,0.5464154933160561,0.15389741607823232,0.9563346529425198,0.7935948002998765,0.25780093401956433,0.5217363767026169,0.2064051997001235,1.5
5,0.9299999999999999,0.0036466190963083014,Zika,0.5464154933160561,0.14330766513225765,0.9584626600887323,0.8300474065975753,0.24441677912497875,0.5860263028935649,0.16995259340242475,1.5
5,0.94,0.0031069105282344398,Zika,0.5464154933160561,0.1337048066485557,0.9605727699458417,0.8655523244364671,0.23162908241109945,0.654982865716889,0.13444767556353288,1.5
5,0.95,0.0025736904378772228,Zika,0.5464154933160561,0.12511346287195713,0.9626562150179859,0.8993433626604325,0.21966755378858013,0.7272858223637209,0.10065663733956753,1.5
5,0.96,0.0020468137399658496,Zika,0.5464154933160561,0.11757912435172783,0.9647045236503038,0.9304638466624842,0.20877602800130166,0.8006688156737694,0.06953615333751584,1.5
5,0.97,0.0015261400622878065,Zika,0.5464154933160561,0.11118517015798021,0.9667096732346537,0.9577271184030871,0.19924001953033166,0.8715223963833478,0.04227288159691289,1.5
5,0.98,0.0010115335458477461,Zika,0.5464154933160561,0.10608421346538718,0.9686642298502897,0.9796693288274596,0.19143838109955483,0.9343560092634344,0.020330671172540393,1.5
5,0.99,5.02862655440816e-4,Zika,0.5464154933160561,0.10256141276841857,0.9705614689992584,0.9944930552435073,0.18594630569071485,0.9810731553494357,0.005506944756492715,1.5
6,0.5,0.03635497895277582,Zika,0.5464154933160561,0.9256758728549465,0.8638940260572394,0.05392160123841918,0.10190701101655296,0.008310546649024208,0.9460783987615808,1.5
6,0.51,0.03526776435308117,Zika,0.5464154933160561,0.918797474347755,0.8642783348794547,0.057125386776078334,0.10756313471447505,0.008870234807336523,0.9428746132239216,1.5
6,0.52,0.034204520350254945,Zika,0.5464154933160561,0.9113790435324992,0.8646869949957814,0.06053982012026969,0.11353771476248012,0.009476933728557999,0.9394601798797303,1.5
6,0.53,0.03316427246171772,Zika,0.5464154933160561,0.9033900636958205,0.8651217241565532,0.06418094768415325,0.11984739049540603,0.010135765904979539,0.9358190523158467,1.5
6,0.54,0.03214610327544375,Zika,0.5464154933160561,0.8948000747995529,0.8655843575052136,0.06806611117954019,0.12650887997034652,0.010852522191356219,0.9319338888204598,1.5
6,0.55,0.031149148122815426,Zika,0.5464154933160561,0.8855790164283394,0.8660768533698716,0.07221404992024137,0.13353875601642706,0.011633761062166483,0.9277859500797586,1.5
6,0.56,0.030172591151550004,Zika,0.5464154933160561,0.8756976244473685,0.8666012987947775,0.07664500967010762,0.14095316221153137,0.012486923966734082,0.9233549903298923,1.5
6,0.5700000000000001,0.029215661755290907,Zika,0.5464154933160561,0.8651278831880365,0.8671599146602441,0.08138085804747693,0.14876745747268577,0.013420469533231276,0.918619141952523,1.5
6,0.58,0.02827763132183445,Zika,0.5464154933160561,0.8538435336487691,0.867755060207762,0.08644520637534378,0.15699577658800384,0.014444029848220682,0.9135547936246562,1.5
6,0.59,0.027357810266600537,Zika,0.5464154933160561,0.8418206364831579,0.8683892367509016,0.09186353770761672,0.16565049279033733,0.015568592592056705,0.9081364622923833,1.5
6,0.6,0.0264555453219561,Zika,0.5464154933160561,0.8290381864210519,0.8690650903119379,0.09766334055788015,0.174741567546305,0.01680671345245842,0.9023366594421198,1.5
6,0.61,0.02557021705646415,Zika,0.5464154933160561,0.8154787722216126,0.8697854128790261,0.10387424759788723,0.18427577235390988,0.018172763979388436,0.8961257524021128,1.5
6,0.62,0.024701237601136145,Zika,0.5464154933160561,0.8011292733083266,0.8705531419294685,0.11052817826614213,0.19425576784684379,0.019683220894094196,0.8894718217338579,1.5
6,0.63,0.023848048562383196,Zika,0.5464154933160561,0.785981580936624,0.8713713578117959,0.11765948381735512,0.20467902734838544,0.02135700383246421,0.8823405161826449,1.5
6,0.64,0.023010119103637754,Zika,0.5464154933160561,0.7700333281897653,0.8722432785241094,0.12530509283319502,0.21553659578962325,0.02321586959353133,0.874694907166805,1.5
6,0.65,0.02218694417961373,Zika,0.5464154933160561,0.7532886094331235,0.8731722513700457,0.13350465458154862,0.22681168133212234,0.02528487217872373,0.8664953454184514,1.5
6,0.66,0.02137804290891709,Zika,0.5464154933160561,0.7357586662797146,0.8741617409192457,0.14230067682915307,0.23847808696806286,0.027592899238886394,0.857699323170847,1.5
6,0.67,0.02058295707224977,Zika,0.5464154933160561,0.7174625138849834,0.8752153126495736,0.1517386537489375,0.250498503743582,0.030173296973961716,0.8482613462510625,1.5
6,0.6799999999999999,0.019801249724799883,Zika,0.5464154933160561,0.6984274787990429,0.8763366116078566,0.16186717838031225,0.26282270697144905,0.03306459701533955,0.8381328216196877,1.5
6,0.69,0.019032503912596525,Zika,0.5464154933160561,0.6786896179977957,0.8775293354000826,0.1727380326516565,0.2753857225675453,0.036311360296222714,0.8272619673483435,1.5
6,0.7,0.018276321483657574,Zika,0.5464154933160561,0.6582939884413739,0.8787972008175183,0.18440624620357335,0.28810606266888883,0.039965154273844186,0.8155937537964266,1.5
6,0.71,0.01753232198568509,Zika,0.5464154933160561,0.6372947379007138,0.880143903430134,0.19693011309206696,0.30088416728034584,0.044085680945277865,0.803069886907933,1.5
6,0.72,0.016800141642887904,Zika,0.5464154933160561,0.6157549911242355,0.8815730695421923,0.21037115282174143,0.3136012297584846,0.0487420736526407,0.7896288471782585,1.5
6,0.73,0.016079432405236835,Zika,0.5464154933160561,0.5937465108559656,0.8830882000169957,0.22479399896369098,0.3261186244171537,0.054014380350329363,0.775206001036309,1.5
6,0.74,0.01536986106411227,Zika,0.5464154933160561,0.5713491207876072,0.8846926056489697,0.2402661947337839,0.33827818793178843,0.05999524930118537,0.7597338052662161,1.5
6,0.75,0.014671108428877703,Zika,0.5464154933160561,0.548649887067272,0.8863893340015352,0.25685787020486767,0.34990362341756887,0.06679182936766796,0.7431421297951324,1.5
6,0.76,0.013982868559431622,Zika,0.5464154933160561,0.5257420661285441,0.888181087946991,0.27464127013223205,0.3608032857806595,0.07452789017378159,0.725358729867768,1.5
6,0.77,0.013304848050250952,Zika,0.5464154933160561,0.5027238387686334,0.8900701365451913,0.29369009448340977,0.37077455715556096,0.08334615605896434,0.7063099055165902,1.5
6,0.78,0.012636765361851654,Zika,0.5464154933160561,0.4796968628380379,0.8920582193816078,0.31407860543845056,0.3796099217843093,0.09341083004058645,0.6859213945615494,1.5
6,0.79,0.01197835019596234,Zika,0.5464154933160561,0.4567646887310375,0.8941464460457551,0.33588044457354815,0.3871046960873118,0.10491025737757687,0.6641195554264518,1.5
6,0.8,0.011329342911039292,Zika,0.5464154933160561,0.4340310921775041,0.8963351930522445,0.35916709181019035,0.39306616752166756,0.11805963930446539,0.6408329081898096,1.5
6,0.81,0.010689493975050026,Zika,0.5464154933160561,0.4115983868000146,0.8986240011621548,0.38400588308433325,0.39732366449516976,0.13310365139580416,0.6159941169156667,1.5
6,0.8200000000000001,0.010058563452720637,Zika,0.5464154933160561,0.3895657838786485,0.9010114767129914,0.41045748606292315,0.39973885339270226,0.15031874154361755,0.5895425139370769,1.5
6,0.8300000000000001,0.009436320524686202,Zika,0.5464154933160561,0.3680278684320579,0.903495201159931,0.43857271200583875,0.40021538359010145,0.17001477130335424,0.5614272879941613,1.5
6,0.8400000000000001,0.008822543036199566,Zika,0.5464154933160561,0.3470732591605745,0.9060716535071554,0.468388516317553,0.398706926063831,0.19253551024928117,0.531611483682447,1.5
6,0.8500000000000001,0.008217017073255964,Zika,0.5464154933160561,0.3267835155768229,0.9087361505965583,0.49992300958928493,0.39522271475601933,0.2182572812371953,0.5000769904107151,1.5
6,0.86,0.007619536564163991,Zika,0.5464154933160561,0.3072323498969151,0.9114828102514152,0.5331692639625812,0.3898299174076044,0.24758476566062743,0.46683073603741876,1.5
6,0.87,0.007029902904761719,Zika,0.5464154933160561,0.28848519573772147,0.9143045419810941,0.5680876552073414,0.3826525163104521,0.2809425863572371,0.4319123447926586,1.5
6,0.88,0.006447924605618553,Zika,0.5464154933160561,0.27059918289940293,0.9171930692927672,0.6045964275155339,0.37386681862363547,0.318760758307785,0.3954035724844661,1.5
6,0.89,0.0058734169597011235,Zika,0.5464154933160561,0.2536235711563054,0.9201389866075513,0.642560103886653,0.363694168435924,0.36145138996653914,0.35743989611334703,1.5
6,0.9,0.005306201729099648,Zika,0.5464154933160561,0.23760071152185114,0.9231318523581888,0.6817752879945176,0.3523918257834144,0.4093730740687559,0.3182247120054824,1.5
6,0.91,0.004746106849523627,Zika,0.5464154933160561,0.2225676397754144,0.9261603181122264,0.7219533110299219,0.3402432615750243,0.46277815220565,0.2780466889700781,1.5
6,0.9199999999999999,0.004192966151376349,Zika,0.5464154933160561,0.20855847969424324,0.9292122916214267,0.7626990661657826,0.3275492857312202,0.5217363767026169,0.23730093383421735,1.5
6,0.9299999999999999,0.0036466190963083014,Zika,0.5464154933160561,0.1956079716975162,0.9322751296860223,0.8034852403496272,0.3146215313216756,0.5860263028935649,0.1965147596503728,1.5
6,0.94,0.0031069105282344398,Zika,0.5464154933160561,0.1837567051834044,0.9353358548091444,0.8436209937418553,0.30177998684557844,0.654982865716889,0.15637900625814471,1.5
6,0.95,0.0025736904378772228,Zika,0.5464154933160561,0.1730591446246036,0.9383813879787329,0.882213946088768,0.2893567404107858,0.7272858223637209,0.11778605391123198,1.5
6,0.96,0.0020468137399658496,Zika,0.5464154933160561,0.16359658326605203,0.9413987887147998,0.9181241004385546,0.2777093349672545,0.8006688156737694,0.08187589956144536,1.5
6,0.97,0.0015261400622878065,Zika,0.5464154933160561,0.15549942102065276,0.9443754928873298,0.9499080604629655,0.26725014241190714,0.8715223963833478,0.0500919395370345,1.5
6,0.98,0.0010115335458477461,Zika,0.5464154933160561,0.14898845991742882,0.9472995388189467,0.9757515693903528,0.25850546757005527,0.9343560092634344,0.02424843060964721,1.5
6,0.99,5.02862655440816e-4,Zika,0.5464154933160561,0.1444585578668321,0.9501597728459418,0.9933880056316697,0.2522368187403652,0.9810731553494357,0.006611994368330265,1.5
7,0.5,0.03635497895277582,Zika,0.5464154933160561,0.9543698065468075,0.8141652550658027,0.04126139323474274,0.07910284026441351,0.008310546649024208,0.9587386067652572,1.5
7,0.51,0.03526776435308117,Zika,0.5464154933160561,0.9494599935565938,0.8145553036676363,0.0438136456974069,0.08376202109379254,0.008870234807336523,0.9561863543025931,1.5
7,0.52,0.034204520350254945,Zika,0.5464154933160561,0.9440908229090145,0.8149718956646016,0.04654566348147235,0.08871737381525804,0.009476933728557999,0.9534543365185276,1.5
7,0.53,0.03316427246171772,Zika,0.5464154933160561,0.9382287409074512,0.8154170862643382,0.049472392075791675,0.09398879595643284,0.010135765904979539,0.9505276079242083,1.5
7,0.54,0.03214610327544375,Zika,0.5464154933160561,0.931839240659293,0.8158930902997883,0.052610118887108114,0.09959714587522621,0.010852522191356219,0.9473898811128919,1.5
7,0.55,0.031149148122815426,Zika,0.5464154933160561,0.9248871168312875,0.8164022924503576,0.0559765947717792,0.10556416908092353,0.011633761062166483,0.9440234052282208,1.5
7,0.56,0.030172591151550004,Zika,0.5464154933160561,0.9173367793776525,0.8169472575236333,0.05959116544885045,0.11191238428933986,0.012486923966734082,0.9404088345511495,1.5
7,0.5700000000000001,0.029215661755290907,Zika,0.5464154933160561,0.9091526311737994,0.8175307406365468,0.0634749132519809,0.1186649190171495,0.013420469533231276,0.936525086748019,1.5
7,0.58,0.02827763132183445,Zika,0.5464154933160561,0.9002995136043732,0.8181556970927797,0.06765080959960755,0.12584528258819278,0.014444029848220682,0.9323491904003924,1.5
7,0.59,0.027357810266600537,Zika,0.5464154933160561,0.8907432228523693,0.8188252917041415,0.07214387844904727,0.13347706228885883,0.015568592592056705,0.9278561215509528,1.5
7,0.6,0.0264555453219561,Zika,0.5464154933160561,0.8804510978570161,0.8195429072470837,0.07698137084137541,0.1415835261237176,0.01680671345245842,0.9230186291586246,1.5
7,0.61,0.02557021705646415,Zika,0.5464154933160561,0.8693926786042876,0.8203121516810805,0.08219295042806832,0.15018711328734874,0.018172763979388436,0.9178070495719317,1.5
7,0.62,0.024701237601136145,Zika,0.5464154933160561,0.8575404305583948,0.8211368636832242,0.08781088958292303,0.15930879125317957,0.019683220894094196,0.912189110417077,1.5
7,0.63,0.023848048562383196,Zika,0.5464154933160561,0.8448705276388333,0.8220211159733235,0.09387027532574019,0.1689672565496306,0.02135700383246421,0.9061297246742598,1.5
7,0.64,0.023010119103637754,Zika,0.5464154933160561,0.8313636822403854,0.8229692158169162,0.10040922379570034,0.17917795523979205,0.02321586959353133,0.8995907762042996,1.5
7,0.65,0.02218694417961373,Zika,0.5464154933160561,0.8170060064809788,0.8239857020014606,0.10746910138516258,0.18995189939825713,0.02528487217872373,0.8925308986148375,1.5
7,0.66,0.02137804290891709,Zika,0.5464154933160561,0.8017898843046429,0.8250753374860944,0.1150947498458746,0.20129425824328173,0.027592899238886394,0.8849052501541254,1.5
7,0.67,0.02058295707224977,Zika,0.5464154933160561,0.7857148294939911,0.8262430968314476,0.12333471166876145,0.21320270801866414,0.030173296973961716,0.8766652883312386,1.5
7,0.6799999999999999,0.019801249724799883,Zika,0.5464154933160561,0.7687883003592375,0.8274941474282747,0.13224145076627872,0.22566553445022675,0.03306459701533955,0.8677585492337213,1.5
7,0.69,0.019032503912596525,Zika,0.5464154933160561,0.7510264382336744,0.8288338234690085,0.14187156189254047,0.23865949705283637,0.036311360296222714,0.8581284381074595,1.5
7,0.7,0.018276321483657574,Zika,0.5464154933160561,0.7324546943320935,0.8302675915536128,0.15228596024765786,0.25214748725941594,0.039965154273844186,0.8477140397523422,1.5
7,0.71,0.01753232198568509,Zika,0.5464154933160561,0.7131083084526084,0.8318010068012518,0.1635500402395918,0.26607604368702686,0.044085680945277865,0.8364499597604083,1.5
7,0.72,0.016800141642887904,Zika,0.5464154933160561,0.6930326038396949,0.8334396583653301,0.17573378931039427,0.2803728287573352,0.0487420736526407,0.8242662106896057,1.5
7,0.73,0.016079432405236835,Zika,0.5464154933160561,0.6722830656252485,0.8351891033363592,0.18891183894195798,0.2949442212053674,0.054014380350329363,0.811088161058042,1.5
7,0.74,0.01536986106411227,Zika,0.5464154933160561,0.650925175853625,0.8370547881811076,0.20316343027808947,0.30967323678451425,0.05999524930118537,0.7968365697219105,1.5
7,0.75,0.014671108428877703,Zika,0.5464154933160561,0.6290339862287038,0.8390419571244119,0.21857226604001498,0.32441805005138813,0.06679182936766796,0.781427733959985,1.5
7,0.76,0.013982868559431622,Zika,0.5464154933160561,0.6066934202322098,0.8411555472476401,0.23522621333390684,0.3390114452880549,0.07452789017378159,0.7647737866660932,1.5
7,0.77,0.013304848050250952,Zika,0.5464154933160561,0.5839953087454279,0.8434000705679974,0.25321681326421774,0.35326156216373195,0.08334615605896434,0.7467831867357823,1.5
7,0.78,0.012636765361851654,Zika,0.5464154933160561,0.5610381771143998,0.8457794839831527,0.2726385426269638,0.36695430577457455,0.09341083004058645,0.7273614573730363,1.5
7,0.79,0.01197835019596234,Zika,0.5464154933160561,0.537925815883691,0.8482970487150157,0.29358775993975167,0.3798577434954339,0.10491025737757687,0.7064122400602484,1.5
7,0.8,0.011329342911039292,Zika,0.5464154933160561,0.5147656812093482,0.850955181752221,0.31616125215880025,0.39172869672144367,0.11805963930446539,0.6838387478411998,1.5
7,0.81,0.010689493975050026,Zika,0.5464154933160561,0.4916671832516329,0.8537553027452632,0.3404542790175862,0.40232154554471955,0.13310365139580416,0.6595457209824138,1.5
7,0.8200000000000001,0.010058563452720637,Zika,0.5464154933160561,0.4687399307569736,0.8566976808059614,0.36655798824731983,0.4113990041643599,0.15031874154361755,0.6334420117526802,1.5
7,0.8300000000000001,0.009436320524686202,Zika,0.5464154933160561,0.4460920069349397,0.859781286639768,0.39455604609940836,0.4187443194984909,0.17001477130335424,0.6054439539005916,1.5
7,0.8400000000000001,0.008822543036199566,Zika,0.5464154933160561,0.4238283553843677,0.8630036563128028,0.42452029248773865,0.42417404175433693,0.19253551024928117,0.5754797075122613,1.5
7,0.8500000000000001,0.008217017073255964,Zika,0.5464154933160561,0.4020493555147356,0.8663607736281002,0.4565051873791879,0.42755027713507215,0.2182572812371953,0.5434948126208121,1.5
7,0.86,0.007619536564163991,Zika,0.5464154933160561,0.38084966559102706,0.8698469784522113,0.4905407631839002,0.4287912270966892,0.24758476566062743,0.5094592368160997,1.5
7,0.87,0.007029902904761719,Zika,0.5464154933160561,0.36031740995325795,0.8734549082911799,0.5266237348998599,0.4278788987976255,0.2809425863572371,0.4733762651001401,1.5
7,0.88,0.006447924605618553,Zika,0.5464154933160561,0.3405337879155895,0.8771754798770863,0.5647063433177462,0.42486315733252794,0.318760758307785,0.43529365668225384,1.5
7,0.89,0.0058734169597011235,Zika,0.5464154933160561,0.3215731896215007,0.8809979164366315,0.6046824138782406,0.4198617569581236,0.36145138996653914,0.3953175861217594,1.5
7,0.9,0.005306201729099648,Zika,0.5464154933160561,0.30350392544136406,0.884909824661148,0.6463700014039098,0.413056569233702,0.4093730740687559,0.35362999859609023,1.5
7,0.91,0.004746106849523627,Zika,0.5464154933160561,0.2863897214550282,0.8888973232296034,0.6894898548125568,0.40468683281817536,0.46277815220565,0.31051014518744324,1.5
7,0.9199999999999999,0.004192966151376349,Zika,0.5464154933160561,0.2702922237597276,0.8929452221625267,0.7336387711349949,0.39504080637977723,0.5217363767026169,0.26636122886500513,1.5
7,0.9299999999999999,0.0036466190963083014,Zika,0.5464154933160561,0.2552749256777201,0.897037249475691,0.778256708777256,0.38444768765315573,0.5860263028935649,0.22174329122274405,1.5
7,0.94,0.0031069105282344398,Zika,0.5464154933160561,0.24140925824735726,0.9011563187765819,0.8225862888489228,0.373272137044941,0.654982865716889,0.17741371115107718,1.5
7,0.95,0.0025736904378772228,Zika,0.5464154933160561,0.22878422250067126,0.9052848288498432,0.8656230219402803,0.36191443552523705,0.7272858223637209,0.1343769780597197,1.5
7,0.96,0.0020468137399658496,Zika,0.5464154933160561,0.21752224665568437,0.9094049841540075,0.9060542456489226,0.35082071662290304,0.8006688156737694,0.09394575435107744,1.5
7,0.97,0.0015261400622878065,Zika,0.5464154933160561,0.20780678370454228,0.9134991237118586,0.9421843330249376,0.34051097100566424,0.8715223963833478,0.05781566697506235,1.5
7,0.98,0.0010115335458477461,Zika,0.5464154933160561,0.19993379985628698,0.917550045269714,0.9718432190212282,0.3316404136848674,0.9343560092634344,0.028156780978771834,1.5
7,0.99,5.02862655440816e-4,Zika,0.5464154933160561,0.19441640511089242,0.9215413118922604,0.9922746731111881,0.32513006690484375,0.9810731553494357,0.00772532688881189,1.5
8,0.5,0.03635497895277582,Zika,0.5464154933160561,0.9724362602329153,0.7569019130320739,0.03243498180424349,0.06277610720055785,0.008310546649024208,0.9675650181957565,1.5
8,0.51,0.03526776435308117,Zika,0.5464154933160561,0.9690534290857594,0.7572834931698867,0.03449894081408433,0.06662595375874925,0.008870234807336523,0.9655010591859157,1.5
8,0.52,0.034204520350254945,Zika,0.5464154933160561,0.9653032596993246,0.7576924969924376,0.0367159304853132,0.07074117487477637,0.009476933728557999,0.9632840695146868,1.5
8,0.53,0.03316427246171772,Zika,0.5464154933160561,0.9611530533928783,0.7581312110437055,0.039099575653575636,0.07514236990634242,0.010135765904979539,0.9609004243464243,1.5
8,0.54,0.03214610327544375,Zika,0.5464154933160561,0.9565684139784113,0.7586021181912159,0.041664832613386736,0.07985160379648451,0.010852522191356219,0.9583351673866133,1.5
8,0.55,0.031149148122815426,Zika,0.5464154933160561,0.9515133905144679,0.7591079125659642,0.04442812313260249,0.08489244297346839,0.011633761062166483,0.9555718768673975,1.5
8,0.56,0.030172591151550004,Zika,0.5464154933160561,0.9459506758668547,0.759651515028715,0.0474074812187833,0.0902899695948984,0.012486923966734082,0.9525925187812168,1.5
8,0.5700000000000001,0.029215661755290907,Zika,0.5464154933160561,0.9398418683541077,0.7602360890180406,0.05062271356159045,0.09607076631222632,0.013420469533231276,0.9493772864384096,1.5
8,0.58,0.02827763132183445,Zika,0.5464154933160561,0.9331478034540276,0.7608650565857039,0.054095574557056846,0.10226286182075442,0.014444029848220682,0.9459044254429432,1.5
8,0.59,0.027357810266600537,Zika,0.5464154933160561,0.9258289618570413,0.7615421143655136,0.05784995677036504,0.10889562520037835,0.015568592592056705,0.9421500432296349,1.5
8,0.6,0.0264555453219561,Zika,0.5464154933160561,0.9178459589883043,0.7622712491515333,0.061912097603529476,0.11599959442142677,0.01680671345245842,0.9380879023964706,1.5
8,0.61,0.02557021705646415,Zika,0.5464154933160561,0.909160119401988,0.7630567526795413,0.0663108027903813,0.12360622138699838,0.018172763979388436,0.9336891972096187,1.5
8,0.62,0.024701237601136145,Zika,0.5464154933160561,0.8997341371082499,0.7639032351112129,0.07107768712744415,0.1317475125431416,0.019683220894094196,0.9289223128725559,1.5
8,0.63,0.023848048562383196,Zika,0.5464154933160561,0.8895328198776232,0.7648156366132843,0.07624743254560927,0.14045554050322825,0.02135700383246421,0.9237525674543907,1.5
8,0.64,0.023010119103637754,Zika,0.5464154933160561,0.8785239118645563,0.765799236304221,0.08185806320896766,0.14976179848126125,0.02321586959353133,0.9181419367910324,1.5
8,0.65,0.02218694417961373,Zika,0.5464154933160561,0.8666789845354432,0.7668596577096914,0.08795123676241437,0.15969636591277,0.02528487217872373,0.9120487632375857,1.5
8,0.66,0.02137804290891709,Zika,0.5464154933160561,0.8539743809722237,0.7680028697276832,0.09457255010005308,0.17028685093601034,0.027592899238886394,0.905427449899947,1.5
8,0.67,0.02058295707224977,Zika,0.5464154933160561,0.8403921933211038,0.7692351819579941,0.10177185704374617,0.181557074113017,0.030173296973961716,0.8982281429562539,1.5
8,0.6799999999999999,0.019801249724799883,Zika,0.5464154933160561,0.8259212477213859,0.7705632331046582,0.10960359404583017,0.19352545888162553,0.03306459701533955,0.8903964059541698,1.5
8,0.69,0.019032503912596525,Zika,0.5464154933160561,0.8105580658221617,0.7719939710213648,0.11812710838833293,0.2062030990810448,0.036311360296222714,0.881872891611667,1.5
8,0.7,0.018276321483657574,Zika,0.5464154933160561,0.7943077673945056,0.7735346228495741,0.1274069812519599,0.21959148419254484,0.039965154273844186,0.8725930187480401,1.5
8,0.71,0.01753232198568509,Zika,0.5464154933160561,0.7771848750537664,0.7751926536102646,0.13751333535949664,0.23367988073642662,0.044085680945277865,0.8624866646405034,1.5
8,0.72,0.016800141642887904,Zika,0.5464154933160561,0.7592139802288962,0.7769757115696736,0.14852211352174857,0.24844239583543518,0.0487420736526407,0.8514778864782514,1.5
8,0.73,0.016079432405236835,Zika,0.5464154933160561,0.7404302297430291,0.7788915587268672,0.16051531015995227,0.26383478848633957,0.054014380350329363,0.8394846898400478,1.5
8,0.74,0.01536986106411227,Zika,0.5464154933160561,0.7208795951176261,0.7809479848889458,0.17358113253740473,0.27979114716791226,0.05999524930118537,0.8264188674625953,1.5
8,0.75,0.014671108428877703,Zika,0.5464154933160561,0.700618892258513,0.7831527040326444,0.1878140617487485,0.2962206192362933,0.06679182936766796,0.8121859382512515,1.5
8,0.76,0.013982868559431622,Zika,0.5464154933160561,0.6797155276068043,0.7855132320236653,0.20331477517294172,0.31300445577439057,0.07452789017378159,0.7966852248270583,1.5
8,0.77,0.013304848050250952,Zika,0.5464154933160561,0.6582469579758012,0.788036745300042,0.22018988170990955,0.32999371898941815,0.08334615605896434,0.7798101182900905,1.5
8,0.78,0.012636765361851654,Zika,0.5464154933160561,0.6362998647123141,0.7907299208408122,0.23855140821913332,0.34700807662575284,0.09341083004058645,0.7614485917808667,1.5
8,0.79,0.01197835019596234,Zika,0.5464154933160561,0.6139690578241674,0.7935987586448194,0.25851595958292317,0.3638361621597468,0.10491025737757687,0.7414840404170768,1.5
8,0.8,0.011329342911039292,Zika,0.5464154933160561,0.5913561414007846,0.796648389031585,0.2802034550217366,0.38023798865612657,0.11805963930446539,0.7197965449782634,1.5
8,0.81,0.010689493975050026,Zika,0.5464154933160561,0.5685679869982398,0.7998828683234674,0.30373531883033766,0.3959498437154175,0.13310365139580416,0.6962646811696623,1.5
8,0.8200000000000001,0.010058563452720637,Zika,0.5464154933160561,0.5457150756499156,0.803304967829577,0.3292319735282214,0.410691941893148,0.15031874154361755,0.6707680264717786,1.5
8,0.8300000000000001,0.009436320524686202,Zika,0.5464154933160561,0.5229097809489048,0.8069159624550177,0.3568094462400179,0.4241788598165976,0.17001477130335424,0.643190553759982,1.5
8,0.8400000000000001,0.008822543036199566,Zika,0.5464154933160561,0.5002646747137531,0.8107154266050252,0.3865748533738585,0.4361324391857396,0.19253551024928117,0.6134251466261416,1.5
8,0.8500000000000001,0.008217017073255964,Zika,0.5464154933160561,0.4778909430929122,0.8147010462193089,0.4186204724381559,0.4462964529078838,0.2182572812371953,0.5813795275618441,1.5
8,0.86,0.007619536564163991,Zika,0.5464154933160561,0.4558970052850523,0.81886845661686,0.4530160408043254,0.4544519571753931,0.24758476566062743,0.5469839591956747,1.5
8,0.87,0.007029902904761719,Zika,0.5464154933160561,0.43438743097991783,0.823211116209504,0.48979883655417067,0.4604319838584296,0.2809425863572371,0.5102011634458293,1.5
8,0.88,0.006447924605618553,Zika,0.5464154933160561,0.4134622590469389,0.8277202259183242,0.5289609928046385,0.46413414907373574,0.318760758307785,0.4710390071953615,1.5
8,0.89,0.0058734169597011235,Zika,0.5464154933160561,0.3932168336614651,0.8323847031959362,0.5704333698956237,0.46552992506457386,0.36145138996653914,0.42956663010437635,1.5
8,0.9,0.005306201729099648,Zika,0.5464154933160561,0.3737423027186168,0.8371912178661876,0.6140651544782944,0.46466975559232193,0.4093730740687559,0.38593484552170565,1.5
8,0.91,0.004746106849523627,Zika,0.5464154933160561,0.3551269801670781,0.842124294557482,0.659598164683309,0.4616838471707874,0.46277815220565,0.340401835316691,1.5
8,0.9199999999999999,0.004192966151376349,Zika,0.5464154933160561,0.33745888219285164,0.8471664834251983,0.7066346086991923,0.45677925827634264,0.5217363767026169,0.29336539130080774,1.5
8,0.9299999999999999,0.0036466190963083014,Zika,0.5464154933160561,0.3208299511716474,0.852298597315484,0.7545967611794206,0.4502347566097006,0.5860263028935649,0.24540323882057935,1.5
8,0.94,0.0031069105282344398,Zika,0.5464154933160561,0.30534286938618616,0.8575000097744894,0.8026766769322681,0.44239580526935224,0.654982865716889,0.19732332306773193,1.5
8,0.95,0.0025736904378772228,Zika,0.5464154933160561,0.29112212426814915,0.8627490046628752,0.8497736410226022,0.4336731102837147,0.7272858223637209,0.15022635897739778,1.5
8,0.96,0.0020468137399658496,Zika,0.5464154933160561,0.27833254234145793,0.8680231649218535,0.8944165426270725,0.4245498605156963,0.8006688156737694,0.10558345737292751,1.5
8,0.97,0.0015261400622878065,Zika,0.5464154933160561,0.26721188912295385,0.8732997855581817,0.9346677372600257,0.4156062325927868,0.8715223963833478,0.06533226273997428,1.5
8,0.98,0.0010115335458477461,Zika,0.5464154933160561,0.25813205459588023,0.8785562944127848,0.9680042047944039,0.40757772609266774,0.9343560092634344,0.031995795205596145,1.5
8,0.99,5.02862655440816e-4,Zika,0.5464154933160561,0.2517237679421848,0.8837706638964251,0.9911708906192155,0.4014841797615698,0.9810731553494357,0.008829109380784517,1.5
9,0.5,0.03635497895277582,Zika,0.5464154933160561,0.9835931021882562,0.6933609188857657,0.026177118645884193,0.05099701457621903,0.008310546649024208,0.9738228813541158,1.5
9,0.51,0.03526776435308117,Zika,0.5464154933160561,0.9813307237490664,0.6937229454678939,0.027875796651384982,0.054211650737513786,0.008870234807336523,0.972124203348615,1.5
9,0.52,0.034204520350254945,Zika,0.5464154933160561,0.9787887511467614,0.6941120976644599,0.029705275770113577,0.057660608783945015,0.009476933728557999,0.9702947242298864,1.5
9,0.53,0.03316427246171772,Zika,0.5464154933160561,0.9759379381847001,0.6945307748361779,0.031677839043327334,0.06136387623294498,0.010135765904979539,0.9683221609566727,1.5
9,0.54,0.03214610327544375,Zika,0.5464154933160561,0.9727469297632235,0.6949815995970696,0.03380705394829687,0.06534315787273365,0.010852522191356219,0.9661929460517031,1.5
9,0.55,0.031149148122815426,Zika,0.5464154933160561,0.9691822957305742,0.6954674370961241,0.03610791300242681,0.06962198520134275,0.011633761062166483,0.9638920869975732,1.5
9,0.56,0.030172591151550004,Zika,0.5464154933160561,0.9652086110354859,0.6959914153709248,0.03859698938129156,0.07422581921320225,0.012486923966734082,0.9614030106187085,1.5
9,0.5700000000000001,0.029215661755290907,Zika,0.5464154933160561,0.9607885906458938,0.6965569466707489,0.04129260891855739,0.07918214121609438,0.013420469533231276,0.9587073910814427,1.5
9,0.58,0.02827763132183445,Zika,0.5464154933160561,0.9558832879757269,0.6971677495934461,0.04421503990606922,0.08452052472261856,0.014444029848220682,0.9557849600939308,1.5
9,0.59,0.027357810266600537,Zika,0.5464154933160561,0.9504523655293807,0.6978278718150832,0.04738670213957796,0.09027267943800339,0.015568592592056705,0.952613297860422,1.5
9,0.6,0.0264555453219561,Zika,0.5464154933160561,0.9444544460341837,0.6985417131121899,0.050832396649708005,0.09647245589809876,0.01680671345245842,0.949167603350292,1.5
9,0.61,0.02557021705646415,Zika,0.5464154933160561,0.93784755138196,0.6993140482818045,0.054579557505938625,0.10315579633816187,0.018172763979388436,0.9454204424940613,1.5
9,0.62,0.024701237601136145,Zika,0.5464154933160561,0.9305896351396487,0.7001500494528916,0.05865852696701948,0.11036061384601678,0.019683220894094196,0.9413414730329805,1.5
9,0.63,0.023848048562383196,Zika,0.5464154933160561,0.9226392121237729,0.7010553071528633,0.06310285505317859,0.11812657774820118,0.02135700383246421,0.9368971449468214,1.5
9,0.64,0.023010119103637754,Zika,0.5464154933160561,0.9139560854943495,0.7020358493442658,0.06794962430679326,0.12649477851559832,0.02321586959353133,0.9320503756932067,1.5
9,0.65,0.02218694417961373,Zika,0.5464154933160561,0.9045021679776752,0.7030981574793164,0.07323980005460563,0.1355072403508716,0.02528487217872373,0.9267601999453944,1.5
9,0.66,0.02137804290891709,Zika,0.5464154933160561,0.8942423891944895,0.7042491784353179,0.07901860584296795,0.14520624424512932,0.027592899238886394,0.9209813941570321,1.5
9,0.67,0.02058295707224977,Zika,0.5464154933160561,0.8831456757409838,0.7054963309949784,0.08533592283345269,0.15563341904825592,0.030173296973961716,0.9146640771665473,1.5
9,0.6799999999999999,0.019801249724799883,Zika,0.5464154933160561,0.8711859848212979,0.7068475053275265,0.09224671075105961,0.16682855361150994,0.03306459701533955,0.9077532892489404,1.5
9,0.69,0.019032503912596525,Zika,0.5464154933160561,0.8583433661342815,0.7083110537170543,0.09981144638536954,0.17882808028455707,0.036311360296222714,0.9001885536146305,1.5
9,0.7,0.018276321483657574,Zika,0.5464154933160561,0.8446050207470662,0.7098957705849376,0.10809657354892865,0.19166318035280624,0.039965154273844186,0.8919034264510713,1.5
9,0.71,0.01753232198568509,Zika,0.5464154933160561,0.8299663203078405,0.7116108596785068,0.1171749556628446,0.20535746725652254,0.044085680945277865,0.8828250443371554,1.5
9,0.72,0.016800141642887904,Zika,0.5464154933160561,0.8144317456951301,0.713465886167698,0.12712631859972254,0.2199242160567268,0.0487420736526407,0.8728736814002774,1.5
9,0.73,0.016079432405236835,Zika,0.5464154933160561,0.7980157016381912,0.7154707113291285,0.1380376668608389,0.23536313052126015,0.054014380350329363,0.861962333139161,1.5
9,0.74,0.01536986106411227,Zika,0.5464154933160561,0.7807431635219038,0.7176354075310776,0.15000365033888818,0.2516566756100298,0.05999524930118537,0.8499963496611118,1.5
9,0.75,0.014671108428877703,Zika,0.5464154933160561,0.7626501149747543,0.719970151395142,0.1631268514992011,0.2687660560948625,0.06679182936766796,0.836873148500799,1.5
9,0.76,0.013982868559431622,Zika,0.5464154933160561,0.7437837402443193,0.7224850933348295,0.17751795340294343,0.2866269936395234,0.07452789017378159,0.8224820465970566,1.5
9,0.77,0.013304848050250952,Zika,0.5464154933160561,0.724202343888757,0.7251902021917463,0.19329573710313713,0.30514554476770317,0.08334615605896434,0.8067042628968628,1.5
9,0.78,0.012636765361851654,Zika,0.5464154933160561,0.7039749817893066,0.7280950844362012,0.21058684195959815,0.324194306790303,0.09341083004058645,0.7894131580404018,1.5
9,0.79,0.01197835019596234,Zika,0.5464154933160561,0.6831808014691265,0.7312087783922259,0.22952520358968184,0.3436094682770488,0.10491025737757687,0.7704747964103181,1.5
9,0.8,0.011329342911039292,Zika,0.5464154933160561,0.6619081054751007,0.7345395251943281,0.2502510605702912,0.3631892581058012,0.11805963930446539,0.7497489394297088,1.5
9,0.81,0.010689493975050026,Zika,0.5464154933160561,0.6402531682297065,0.7380945196711495,0.27290939148868376,0.3826944078700649,0.13310365139580416,0.7270906085113162,1.5
9,0.8200000000000001,0.010058563452720637,Zika,0.5464154933160561,0.6183188532879988,0.7418796460391406,0.2976476070964268,0.40185123596455374,0.15031874154361755,0.7023523929035732,1.5
9,0.8300000000000001,0.009436320524686202,Zika,0.5464154933160561,0.5962130933996406,0.7458992051046587,0.32461227641894724,0.42035785681571475,0.17001477130335424,0.6753877235810528,1.5
9,0.8400000000000001,0.008822543036199566,Zika,0.5464154933160561,0.5740473094820355,0.7501556415074732,0.35394460858139404,0.4378937926223054,0.19253551024928117,0.646055391418606,1.5
9,0.8500000000000001,0.008217017073255964,Zika,0.5464154933160561,0.5519348563160928,0.7546492812500142,0.38577434121274995,0.45413291487128726,0.2182572812371953,0.6142256587872501,1.5
9,0.86,0.007619536564163991,Zika,0.5464154933160561,0.5299895929329335,0.7593780911736796,0.42021159837254535,0.4687591975362292,0.24758476566062743,0.5797884016274546,1.5
9,0.87,0.007029902904761719,Zika,0.5464154933160561,0.5083246857111617,0.7643374729783698,0.4573361720694773,0.4814842893515567,0.2809425863572371,0.5426638279305227,1.5
9,0.88,0.006447924605618553,Zika,0.5464154933160561,0.48705176501389036,0.7695201046483753,0.49718354678431126,0.4920655072916423,0.318760758307785,0.5028164532156887,1.5
9,0.89,0.0058734169597011235,Zika,0.5464154933160561,0.46628057677586854,0.774915841586366,0.5397268200636153,0.5003226293391219,0.36145138996653914,0.4602731799363847,1.5
9,0.9,0.005306201729099648,Zika,0.5464154933160561,0.4461193073331772,0.7805116882593683,0.5848534669924464,0.5061519180402138,0.4093730740687559,0.41514653300755355,1.5
9,0.91,0.004746106849523627,Zika,0.5464154933160561,0.4266758277416931,0.7862918486955379,0.6323356433524538,0.5095361880438,0.46277815220565,0.36766435664754615,1.5
9,0.9199999999999999,0.004192966151376349,Zika,0.5464154933160561,0.40806022948964205,0.7922378608053461,0.6817924107451359,0.5105504309885848,0.5217363767026169,0.31820758925486414,1.5
9,0.9299999999999999,0.0036466190963083014,Zika,0.5464154933160561,0.39038925739535363,0.7983288154092885,0.7326418837499991,0.5093634725786762,0.5860263028935649,0.26735811625000094,1.5
9,0.94,0.0031069105282344398,Zika,0.5464154933160561,0.37379368879618136,0.8045416563118621,0.7840408282515653,0.5062373060119788,0.654982865716889,0.2159591717484347,1.5
9,0.95,0.0025736904378772228,Zika,0.5464154933160561,0.35843057561250524,0.8108515531239849,0.8348086618625183,0.5015271704119617,0.7272858223637209,0.16519133813748166,1.5
9,0.96,0.0020468137399658496,Zika,0.5464154933160561,0.34450404262779066,0.8172323342023028,0.8833320981001738,0.4956874434368362,0.8006688156737694,0.11666790189982623,1.5
9,0.97,0.0015261400622878065,Zika,0.5464154933160561,0.3323021984697371,0.8236569634392061,0.9274458066981295,0.48929195245879237,0.8715223963833478,0.07255419330187052,1.5
9,0.98,0.0010115335458477461,Zika,0.5464154933160561,0.3222667736345177,0.8300980420428421,0.96428339797954,0.4830849295932742,0.9343560092634344,0.03571660202046001,1.5
9,0.99,5.02862655440816e-4,Zika,0.5464154933160561,0.31513545571558554,0.8365283151330516,0.9900917368651675,0.47809762541081335,0.9810731553494357,0.009908263134832507,1.5
10,0.5,0.03635497895277582,Zika,0.5464154933160561,0.9903659829275596,0.625240875409462,0.02166628328229231,0.04240487315609956,0.008310546649024208,0.9783337167177077,1.5
10,0.51,0.03526776435308117,Zika,0.5464154933160561,0.988891352256131,0.6255753094665533,0.023091003448596617,0.04512824457167956,0.008870234807336523,0.9769089965514034,1.5
10,0.52,0.034204520350254945,Zika,0.5464154933160561,0.9872124374719735,0.6259356093008538,0.024628477921890192,0.04805802839279284,0.009476933728557999,0.9753715220781098,1.5
10,0.53,0.03316427246171772,Zika,0.5464154933160561,0.9853047434839531,0.6263241734182294,0.026289737870773433,0.05121301847027271,0.010135765904979539,0.9737102621292266,1.5
10,0.54,0.03214610327544375,Zika,0.5464154933160561,0.9831415603297509,0.626743638550824,0.028087031977343635,0.05461382056106149,0.010852522191356219,0.9719129680226564,1.5
10,0.55,0.031149148122815426,Zika,0.5464154933160561,0.9806939093844752,0.6271969023514148,0.030033969038604672,0.058283007997672595,0.011633761062166483,0.9699660309613953,1.5
10,0.56,0.030172591151550004,Zika,0.5464154933160561,0.9779305231075343,0.6276871477041286,0.03214567721752727,0.062245281943809024,0.012486923966734082,0.9678543227824727,1.5
10,0.5700000000000001,0.029215661755290907,Zika,0.5464154933160561,0.974817866807574,0.6282178686104196,0.03443898170384622,0.066527633137361,0.013420469533231276,0.9655610182961538,1.5
10,0.58,0.02827763132183445,Zika,0.5464154933160561,0.9713202116474975,0.6287928975574577,0.03693260266600077,0.07115950073029721,0.014444029848220682,0.9630673973339993,1.5
10,0.59,0.027357810266600537,Zika,0.5464154933160561,0.9673997686509259,0.6294164342104804,0.039647375483906046,0.07617292217972232,0.015568592592056705,0.9603526245160939,1.5
10,0.6,0.0264555453219561,Zika,0.5464154933160561,0.9630168937113865,0.6300930751888965,0.04260649533831839,0.08160266604659891,0.01680671345245842,0.9573935046616816,1.5
10,0.61,0.02557021705646415,Zika,0.5464154933160561,0.9581303734360976,0.6308278445856226,0.04583578828417163,0.08748633693032289,0.018172763979388436,0.9541642117158283,1.5
10,0.62,0.024701237601136145,Zika,0.5464154933160561,0.9526978009588899,0.6316262247678995,0.04936401093620231,0.09386443851500467,0.019683220894094196,0.9506359890637976,1.5
10,0.63,0.023848048562383196,Zika,0.5464154933160561,0.9466760495112196,0.632494186853483,0.05322318082421091,0.10078037673492934,0.02135700383246421,0.946776819175789,1.5
10,0.64,0.023010119103637754,Zika,0.5464154933160561,0.9400218494345891,0.6334382200869012,0.05744893930482481,0.10828038030391897,0.02321586959353133,0.9425510606951752,1.5
10,0.65,0.02218694417961373,Zika,0.5464154933160561,0.9326924713627641,0.6344653591453528,0.06208094861080639,0.11641331025088338,0.02528487217872373,0.9379190513891936,1.5
10,0.66,0.02137804290891709,Zika,0.5464154933160561,0.9246465144475919,0.6355832081829671,0.06716332413185683,0.12523032368015885,0.027592899238886394,0.9328366758681432,1.5
10,0.67,0.02058295707224977,Zika,0.5464154933160561,0.9158447937556332,0.6367999601773137,0.07274510229343635,0.13478434985614657,0.030173296973961716,0.9272548977065637,1.5
10,0.6799999999999999,0.019801249724799883,Zika,0.5464154933160561,0.9062513154092463,0.6381244098773267,0.07888074335708771,0.14512932919336818,0.03306459701533955,0.9211192566429123,1.5
10,0.69,0.019032503912596525,Zika,0.5464154933160561,0.8958343218648589,0.6395659583742539,0.08563066701128316,0.15631915836494312,0.036311360296222714,0.9143693329887168,1.5
10,0.7,0.018276321483657574,Zika,0.5464154933160561,0.8845673831997255,0.6411346070376984,0.09306181663434081,0.1684062784336304,0.039965154273844186,0.9069381833656592,1.5
10,0.71,0.01753232198568509,Zika,0.5464154933160561,0.87243050381353,0.6428409382927014,0.10124824543671136,0.18143983905287872,0.044085680945277865,0.8987517545632886,1.5
10,0.72,0.016800141642887904,Zika,0.5464154933160561,0.859411208041226,0.6446960804818159,0.11027171413468978,0.19546337238695416,0.0487420736526407,0.8897282858653102,1.5
10,0.73,0.016079432405236835,Zika,0.5464154933160561,0.8455055633928135,0.6467116538848069,0.12022228512710499,0.2105119181859605,0.054014380350329363,0.879777714872895,1.5
10,0.74,0.01536986106411227,Zika,0.5464154933160561,0.8307190970941128,0.6488996948904394,0.1311988920332101,0.22660855990114984,0.05999524930118537,0.8688011079667899,1.5
10,0.75,0.014671108428877703,Zika,0.5464154933160561,0.8150675608860904,0.6512725553679298,0.14330985551871908,0.2437603649442468,0.06679182936766796,0.8566901444812809,1.5
10,0.76,0.013982868559431622,Zika,0.5464154933160561,0.7985775011444448,0.6538427745123332,0.15667330610472002,0.2619537745180071,0.07452789017378159,0.8433266938952799,1.5
10,0.77,0.013304848050250952,Zika,0.5464154933160561,0.7812865966375989,0.6566229208827495,0.1714174615175583,0.28114956363815236,0.08334615605896434,0.8285825384824417,1.5
10,0.78,0.012636765361851654,Zika,0.5464154933160561,0.7632437347541624,0.6596254030573094,0.1876806893432831,0.30127759187921344,0.09341083004058645,0.8123193106567169,1.5
10,0.79,0.01197835019596234,Zika,0.5464154933160561,0.7445088086337444,0.6628622483300389,0.20561126435821883,0.32223168801594243,0.10491025737757687,0.7943887356417811,1.5
10,0.8,0.011329342911039292,Zika,0.5464154933160561,0.7251522318790372,0.6663448501940978,0.2253667027482992,0.3438651488898992,0.11805963930446539,0.7746332972517008,1.5
10,0.81,0.010689493975050026,Zika,0.5464154933160561,0.7052541837157765,0.6700836869944502,0.24711252104944523,0.36598746774045837,0.13310365139580416,0.7528874789505547,1.5
10,0.8200000000000001,0.010058563452720637,Zika,0.5464154933160561,0.6849036147375123,0.6740880160623136,0.2710202242333945,0.38836301319622674,0.15031874154361755,0.7289797757666054,1.5
10,0.8300000000000001,0.009436320524686202,Zika,0.5464154933160561,0.6641970608271457,0.6783655497983698,0.2972642726876267,0.4107124214475905,0.17001477130335424,0.7027357273123733,1.5
10,0.8400000000000001,0.008822543036199566,Zika,0.5464154933160561,0.6432373297353546,0.6829221224437163,0.32601770911821276,0.43271740100041656,0.19253551024928117,0.6739822908817872,1.5
10,0.8500000000000001,0.008217017073255964,Zika,0.5464154933160561,0.6221321407334547,0.687761358514797,0.3574460402048604,0.454029447606387,0.2182572812371953,0.6425539597951395,1.5
10,0.86,0.007619536564163991,Zika,0.5464154933160561,0.6009928130024089,0.6928843558887088,0.39169885991044534,0.4742826117935632,0.24758476566062743,0.6083011400895546,1.5
10,0.87,0.007029902904761719,Zika,0.5464154933160561,0.5799331142223799,0.6982893980867195,0.42889856644624924,0.4931099728347821,0.2809425863572371,0.5711014335537508,1.5
10,0.88,0.006447924605618553,Zika,0.5464154933160561,0.5590683999449583,0.7039717111849153,0.46912535654671605,0.5101629158945479,0.318760758307785,0.530874643453284,1.5
10,0.89,0.0058734169597011235,Zika,0.5464154933160561,0.538515201870247,0.709923280765753,0.5123974709351924,0.5251317918963837,0.36145138996653914,0.4876025290648076,1.5
10,0.9,0.005306201729099648,Zika,0.5464154933160561,0.5183914681172554,0.7161327432445089,0.5586454038422357,0.5377661964865875,0.4093730740687559,0.4413545961577643,1.5
10,0.91,0.004746106849523627,Zika,0.5464154933160561,0.498817736900605,0.7225853636708546,0.607678465085773,0.5478930631178981,0.46277815220565,0.39232153491422705,1.5
10,0.9199999999999999,0.004192966151376349,Zika,0.5464154933160561,0.47991966577175965,0.7292631087361503,0.659141680688602,0.5554311118980948,0.5217363767026169,0.340858319311398,1.5
10,0.9299999999999999,0.0036466190963083014,Zika,0.5464154933160561,0.4618325971635211,0.7361448193539399,0.7124605190610278,0.5604009550056939,0.5860263028935649,0.2875394809389722,1.5
10,0.94,0.0031069105282344398,Zika,0.5464154933160561,0.44470932859396956,0.743206482093164,0.7667703120525985,0.5629313101402396,0.654982865716889,0.2332296879474015,1.5
10,0.95,0.0025736904378772228,Zika,0.5464154933160561,0.4287332085673142,0.7504215933083307,0.8208264762743072,0.5632633208628055,0.7272858223637209,0.17917352372569284,1.5
10,0.96,0.0020468137399658496,Zika,0.5464154933160561,0.41414063011381747,0.7577616044784905,0.8728906964646005,0.5617571159132352,0.8006688156737694,0.1271093035353995,1.5
10,0.97,0.0015261400622878065,Zika,0.5464154933160561,0.40126123652535217,0.7651964325089816,0.9205870682882001,0.558908165188706,0.8715223963833478,0.07941293171179986,1.5
10,0.98,0.0010115335458477461,Zika,0.5464154933160561,0.39059410348552703,0.7726950150011274,0.9607207626810256,0.5553877551334159,0.9343560092634344,0.039279237318974425,1.5
10,0.99,5.02862655440816e-4,Zika,0.5464154933160561,0.3829638203648177,0.7802258880960926,0.9890500064842885,0.5521378306878069,0.9810731553494357,0.010949993515711465,1.5
11,0.5,0.03635497895277582,Zika,0.5464154933160561,0.99441447039106,0.5545434930162103,0.018363967551173498,0.036061974431016455,0.008310546649024208,0.9816360324488265,1.5
11,0.51,0.03526776435308117,Zika,0.5464154933160561,0.9934748417150125,0.5548450786965513,0.01958219990507411,0.03840735941189177,0.008870234807336523,0.9804178000949259,1.5
11,0.52,0.034204520350254945,Zika,0.5464154933160561,0.9923910508231617,0.5551705573256901,0.020898743348857187,0.040935428328877685,0.009476933728557999,0.9791012566511428,1.5
11,0.53,0.03316427246171772,Zika,0.5464154933160561,0.9911436374575525,0.5555222295087741,0.022323519120315743,0.043663603301115884,0.010135765904979539,0.9776764808796843,1.5
11,0.54,0.03214610327544375,Zika,0.5464154933160561,0.9897110485097844,0.5559026368815781,0.02386759120039941,0.0466111217953538,0.010852522191356219,0.9761324087996006,1.5
11,0.55,0.031149148122815426,Zika,0.5464154933160561,0.9880695257157515,0.5563145869457038,0.025543307666322925,0.04979921930716462,0.011633761062166483,0.974456692333677,1.5
11,0.56,0.030172591151550004,Zika,0.5464154933160561,0.9861930137812377,0.5567611799879761,0.027364459764637986,0.05325132466612369,0.012486923966734082,0.972635540235362,1.5
11,0.5700000000000001,0.029215661755290907,Zika,0.5464154933160561,0.9840530965186974,0.5572458381135634,0.029346460790075038,0.05699326668156202,0.013420469533231276,0.9706535392099249,1.5
11,0.58,0.02827763132183445,Zika,0.5464154933160561,0.9816189696094406,0.5577723363764922,0.03150654704555337,0.06105348989515064,0.014444029848220682,0.9684934529544467,1.5
11,0.59,0.027357810266600537,Zika,0.5464154933160561,0.9788574595473465,0.5583448359307774,0.033864003346711365,0.06546327593638131,0.015568592592056705,0.9661359966532886,1.5
11,0.6,0.0264555453219561,Zika,0.5464154933160561,0.9757330990849892,0.5589679190474505,0.03644041571276982,0.07025696530395907,0.01680671345245842,0.9635595842872302,1.5
11,0.61,0.02557021705646415,Zika,0.5464154933160561,0.9722082699873332,0.5596466257443751,0.03925995404355018,0.07547217222178737,0.018172763979388436,0.9607400459564498,1.5
11,0.62,0.024701237601136145,Zika,0.5464154933160561,0.9682434239828124,0.5603864916536596,0.042349687704987315,0.08114998242882789,0.019683220894094196,0.9576503122950126,1.5
11,0.63,0.023848048562383196,Zika,0.5464154933160561,0.9637973923559011,0.5611935866025862,0.0457399370121978,0.08733512023071596,0.02135700383246421,0.9542600629878022,1.5
11,0.64,0.023010119103637754,Zika,0.5464154933160561,0.9588277935145787,0.5620745532053757,0.04946466358300881,0.09407606673317988,0.02321586959353133,0.9505353364169912,1.5
11,0.65,0.02218694417961373,Zika,0.5464154933160561,0.9532915459633395,0.5630366445524235,0.05356190239985355,0.10142510576191707,0.02528487217872373,0.9464380976001464,1.5
11,0.66,0.02137804290891709,Zika,0.5464154933160561,0.9471454913129808,0.5640877598395817,0.05807423811702828,0.10943826744262009,0.027592899238886394,0.9419257618829717,1.5
11,0.67,0.02058295707224977,Zika,0.5464154933160561,0.9403471281986238,0.5652364765027823,0.06304932762185922,0.11817513171419194,0.030173296973961716,0.9369506723781408,1.5
11,0.6799999999999999,0.019801249724799883,Zika,0.5464154933160561,0.9328554532554459,0.5664920771152736,0.06854047002245844,0.12769844522604032,0.03306459701533955,0.9314595299775416,1.5
11,0.69,0.019032503912596525,Zika,0.5464154933160561,0.9246318996983648,0.5678645689714477,0.07460722398819543,0.13807349534697644,0.036311360296222714,0.9253927760118046,1.5
11,0.7,0.018276321483657574,Zika,0.5464154933160561,0.9156413577502005,0.5693646939321957,0.08131607057885454,0.14936717487832085,0.039965154273844186,0.9186839294211455,1.5
11,0.71,0.01753232198568509,Zika,0.5464154933160561,0.9058532544597645,0.571003925756437,0.08874111719433195,0.16164666140467168,0.044085680945277865,0.911258882805668,1.5
11,0.72,0.016800141642887904,Zika,0.5464154933160561,0.8952426637614078,0.5727944518124302,0.09696483484073999,0.17497762747470755,0.0487420736526407,0.90303516515926,1.5
11,0.73,0.016079432405236835,Zika,0.5464154933160561,0.8837914114708303,0.5747491357781133,0.10607881626357324,0.18942189415538851,0.054014380350329363,0.8939211837364267,1.5
11,0.74,0.01536986106411227,Zika,0.5464154933160561,0.8714891348870151,0.5768814577367434,0.11618453629106268,0.20503444401585386,0.05999524930118537,0.8838154637089373,1.5
11,0.75,0.014671108428877703,Zika,0.5464154933160561,0.8583342534072225,0.5792054279947447,0.12739408751395911,0.22185972433865891,0.06679182936766796,0.8726059124860409,1.5
11,0.76,0.013982868559431622,Zika,0.5464154933160561,0.844334805663176,0.5817354710415211,0.13983085363551004,0.23992720232523965,0.07452789017378159,0.8601691463644899,1.5
11,0.77,0.013304848050250952,Zika,0.5464154933160561,0.8295091106540052,0.584486276389151,0.15363006874275978,0.25924618683330986,0.08334615605896434,0.8463699312572402,1.5
11,0.78,0.012636765361851654,Zika,0.5464154933160561,0.8138862155163061,0.5874726136273913,0.16893919247698547,0.2798000110685234,0.09341083004058645,0.8310608075230146,1.5
11,0.79,0.01197835019596234,Zika,0.5464154933160561,0.7975061010345502,0.5907091099558544,0.18591800748388643,0.30153978121191627,0.10491025737757687,0.8140819925161136,1.5
11,0.8,0.011329342911039292,Zika,0.5464154933160561,0.7804196275908749,0.5942099897488595,0.20473831518042926,0.32437803675869203,0.11805963930446539,0.7952616848195707,1.5
11,0.81,0.010689493975050026,Zika,0.5464154933160561,0.7626882185553467,0.5979887773874114,0.22558306700068442,0.3481828320251219,0.13310365139580416,0.7744169329993156,1.5
11,0.8200000000000001,0.010058563452720637,Zika,0.5464154933160561,0.744383294488311,0.6020579666453575,0.248644718643909,0.372772917528215,0.15031874154361755,0.751355281356091,1.5
11,0.8300000000000001,0.009436320524686202,Zika,0.5464154933160561,0.7255854892216052,0.6064286622920283,0.27412253165203465,0.3979148452997094,0.17001477130335424,0.7258774683479654,1.5
11,0.8400000000000001,0.008822543036199566,Zika,0.5464154933160561,0.7063836972164492,0.6111102021729286,0.30221846640406824,0.42332290245990944,0.19253551024928117,0.6977815335959318,1.5
11,0.8500000000000001,0.008217017073255964,Zika,0.5464154933160561,0.6868740201473159,0.6161097707028589,0.33313120898511034,0.44866274449742266,0.2182572812371953,0.6668687910148896,1.5
11,0.86,0.007619536564163991,Zika,0.5464154933160561,0.6671586995782168,0.62143201725094,0.36704774595556405,0.4735594095982284,0.24758476566062743,0.6329522540444359,1.5
11,0.87,0.007029902904761719,Zika,0.5464154933160561,0.6473451429734467,0.6270786950713437,0.40413173908069927,0.49761002430071705,0.2809425863572371,0.5958682609193007,1.5
11,0.88,0.006447924605618553,Zika,0.5464154933160561,0.6275451747269076,0.6330483379704643,0.44450774822287703,0.5204009737848655,0.318760758307785,0.555492251777123,1.5
11,0.89,0.0058734169597011235,Zika,0.5464154933160561,0.6078746774577269,0.6393359925371789,0.4882400944772908,0.5415286748273257,0.36145138996653914,0.5117599055227092,1.5
11,0.9,0.005306201729099648,Zika,0.5464154933160561,0.5884538406836229,0.6459330232716771,0.5353048343979554,0.5606224765564017,0.4093730740687559,0.4646951656020446,1.5
11,0.91,0.004746106849523627,Zika,0.5464154933160561,0.5694083206952262,0.6528270061783182,0.5855529139094273,0.5773677789306816,0.46277815220565,0.4144470860905727,1.5
11,0.9199999999999999,0.004192966151376349,Zika,0.5464154933160561,0.5508717675249153,0.6600017232970403,0.638662067572302,0.5915273557324539,0.5217363767026169,0.36133793242769796,1.5
11,0.9299999999999999,0.0036466190963083014,Zika,0.5464154933160561,0.5329904508160429,0.6674372663286796,0.6940744009898756,0.6029592117140689,0.5860263028935649,0.3059255990101244,1.5
11,0.94,0.0031069105282344398,Zika,0.5464154933160561,0.5159312337630545,0.6751102521995795,0.7509158113663945,0.611630145091212,0.654982865716889,0.24908418863360549,1.5
11,0.95,0.0025736904378772228,Zika,0.5464154933160561,0.49989515289872993,0.6829941474815799,0.8078924266621853,0.6176255447962183,0.7272858223637209,0.1921075733378147,1.5
11,0.96,0.0020468137399658496,Zika,0.5464154933160561,0.4851409256418128,0.6910596925077862,0.8631580320352671,0.6211579179119223,0.8006688156737694,0.1368419679647329,1.5
11,0.97,0.0015261400622878065,Zika,0.5464154933160561,0.47202719611587707,0.699275410325213,0.9141449474961857,0.6225796390421203,0.8715223963833478,0.08585505250381431,1.5
11,0.98,0.0010115335458477461,Zika,0.5464154933160561,0.46109285711817793,0.707608180812016,0.9573489543904132,0.6224108187694977,0.9343560092634344,0.04265104560958677,1.5
11,0.99,5.02862655440816e-4,Zika,0.5464154933160561,0.4532219365860397,0.7160238567905592,0.9880565563807199,0.6214051040442901,0.9810731553494357,0.011943443619280125,1.5
12,0.5,0.03635497895277582,Zika,0.5464154933160561,0.9968003397226703,0.4834025669201498,0.015912684946853786,0.03132530020752878,0.008310546649024208,0.9840873150531462,1.5
12,0.51,0.03526776435308117,Zika,0.5464154933160561,0.9962136576070227,0.4836684855531763,0.01697435587525986,0.03337995500735675,0.008870234807336523,0.9830256441247401,1.5
12,0.52,0.034204520350254945,Zika,0.5464154933160561,0.9955282637589606,0.48395585750460834,0.018122876606763646,0.03559772226199995,0.009476933728557999,0.9818771233932364,1.5
12,0.53,0.03316427246171772,Zika,0.5464154933160561,0.994729362895713,0.4842668113550844,0.019367216381073363,0.037994682568691165,0.010135765904979539,0.9806327836189266,1.5
12,0.54,0.03214610327544375,Zika,0.5464154933160561,0.9938003272602478,0.48460370867997327,0.02071741250328249,0.04058868666120453,0.010852522191356219,0.9792825874967175,1.5
12,0.55,0.031149148122815426,Zika,0.5464154933160561,0.992722554509224,0.4849691696436669,0.02218470838438948,0.04339955222234307,0.011633761062166483,0.9778152916156105,1.5
12,0.56,0.030172591151550004,Zika,0.5464154933160561,0.9914753346584185,0.48536610101493904,0.023781709906427185,0.046449278858893536,0.012486923966734082,0.9762182900935729,1.5
12,0.5700000000000001,0.029215661755290907,Zika,0.5464154933160561,0.9900357322262522,0.4857977267019352,0.025522562453939586,0.049762281377128674,0.013420469533231276,0.9744774375460604,1.5
12,0.58,0.02827763132183445,Zika,0.5464154933160561,0.9883784908622675,0.48626762086868125,0.027423151205110984,0.053365640850179905,0.014444029848220682,0.972576848794889,1.5
12,0.59,0.027357810266600537,Zika,0.5464154933160561,0.9864759688974133,0.4867797436439172,0.029501327537611588,0.05728937205298372,0.015568592592056705,0.9704986724623884,1.5
12,0.6,0.0264555453219561,Zika,0.5464154933160561,0.984298115339749,0.48733847936438335,0.03177716467002556,0.06156670457575962,0.01680671345245842,0.9682228353299744,1.5
12,0.61,0.02557021705646415,Zika,0.5464154933160561,0.9818124967756544,0.48794867720492696,0.0342732459204173,0.06623437321430099,0.018172763979388436,0.9657267540795827,1.5
12,0.62,0.024701237601136145,Zika,0.5464154933160561,0.9789843863159118,0.48861569393313564,0.03701498920595685,0.0713329109551284,0.019683220894094196,0.9629850107940432,1.5
12,0.63,0.023848048562383196,Zika,0.5464154933160561,0.9757769260229884,0.4893454383826741,0.04003101161303579,0.07690693488428861,0.02135700383246421,0.9599689883869642,1.5
12,0.64,0.023010119103637754,Zika,0.5464154933160561,0.9721513740318047,0.49014441706319756,0.04335353801043112,0.08300541148781325,0.02321586959353133,0.9566464619895689,1.5
12,0.65,0.02218694417961373,Zika,0.5464154933160561,0.9680674466873685,0.4910197801120044,0.047018857724017496,0.08968188290046976,0.02528487217872373,0.9529811422759825,1.5
12,0.66,0.02137804290891709,Zika,0.5464154933160561,0.9634837643317421,0.4919793665406883,0.05106783319365667,0.09699462951258732,0.027592899238886394,0.9489321668063433,1.5
12,0.67,0.02058295707224977,Zika,0.5464154933160561,0.9583584067656862,0.4930317474373893,0.05554646422893675,0.10500673679117435,0.030173296973961716,0.9444535357710633,1.5
12,0.6799999999999999,0.019801249724799883,Zika,0.5464154933160561,0.9526495808156247,0.49418626545235667,0.06050651088818628,0.11378602508782587,0.03306459701533955,0.9394934891118137,1.5
12,0.69,0.019032503912596525,Zika,0.5464154933160561,0.9463163978476472,0.4954530685248182,0.0660061770166385,0.12340479056975175,0.036311360296222714,0.9339938229833615,1.5
12,0.7,0.018276321483657574,Zika,0.5464154933160561,0.9393197535675664,0.496843135410012,0.07211085495367264,0.1339392933810109,0.039965154273844186,0.9278891450463274,1.5
12,0.71,0.01753232198568509,Zika,0.5464154933160561,0.9316232962161474,0.49836829014915196,0.07889392967234421,0.14546891617442795,0.044085680945277865,0.9211060703276558,1.5
12,0.72,0.016800141642887904,Zika,0.5464154933160561,0.923194462616715,0.500041202210952,0.0864376374094295,0.15807490315727943,0.0487420736526407,0.9135623625905704,1.5
12,0.73,0.016079432405236835,Zika,0.5464154933160561,0.9140055548828082,0.5018753686475104,0.09483396937493745,0.17183857831908977,0.054014380350329363,0.9051660306250625,1.5
12,0.74,0.01536986106411227,Zika,0.5464154933160561,0.904034824477017,0.503885074284616,0.10418560500265958,0.1868389339823624,0.05999524930118537,0.8958143949973404,1.5
12,0.75,0.014671108428877703,Zika,0.5464154933160561,0.89326752533325,0.5060853257505805,0.11460685091375367,0.2031494807580585,0.06679182936766796,0.8853931490862463,1.5
12,0.76,0.013982868559431622,Zika,0.5464154933160561,0.8816968945446078,0.5084917550905639,0.12622455066881386,0.2208342621709299,0.07452789017378159,0.8737754493311861,1.5
12,0.77,0.013304848050250952,Zika,0.5464154933160561,0.8693250182720335,0.5111204888740247,0.1391789156587812,0.23994296765222545,0.08334615605896434,0.8608210843412187,1.5
12,0.78,0.012636765361851654,Zika,0.5464154933160561,0.8561635425327281,0.5139879791441178,0.1536242080865191,0.26050513314997265,0.09341083004058645,0.8463757919134809,1.5
12,0.79,0.01197835019596234,Zika,0.5464154933160561,0.842234193696794,0.5171107933409717,0.1697291815926198,0.282523506079642,0.10491025737757687,0.8302708184073802,1.5
12,0.8,0.011329342911039292,Zika,0.5464154933160561,0.8275690819464495,0.5205053615089438,0.1876771520018445,0.30596677572585973,0.11805963930446539,0.8123228479981555,1.5
12,0.81,0.010689493975050026,Zika,0.5464154933160561,0.8122107724812959,0.5241876807067234,0.20766552778754122,0.33076203201818555,0.13310365139580416,0.7923344722124588,1.5
12,0.8200000000000001,0.010058563452720637,Zika,0.5464154933160561,0.7962121235097422,0.5281729785860323,0.22990457449211776,0.3567875073418618,0.15031874154361755,0.7700954255078822,1.5
12,0.8300000000000001,0.009436320524686202,Zika,0.5464154933160561,0.7796359065269312,0.5324753405578153,0.25461511612868293,0.38386635841798844,0.17001477130335424,0.7453848838713171,1.5
12,0.8400000000000001,0.008822543036199566,Zika,0.5464154933160561,0.7625542425056273,0.537107307742638,0.2820247852800622,0.4117624244532938,0.19253551024928117,0.7179752147199379,1.5
12,0.8500000000000001,0.008217017073255964,Zika,0.5464154933160561,0.7450479070673286,0.5420794558661679,0.3123623168808016,0.4401790055893368,0.2182572812371953,0.6876376831191984,1.5
12,0.86,0.007619536564163991,Zika,0.5464154933160561,0.7272055785737792,0.5473999682140775,0.3458492318394975,0.46876168542084956,0.24758476566062743,0.6541507681605025,1.5
12,0.87,0.007029902904761719,Zika,0.5464154933160561,0.7091231263679996,0.5530742184537087,0.3826880673760533,0.49710602037489465,0.2809425863572371,0.6173119326239467,1.5
12,0.88,0.006447924605618553,Zika,0.5464154933160561,0.6909030645449209,0.5591043812759512,0.4230460707672829,0.5247705078650392,0.318760758307785,0.576953929232717,1.5
12,0.89,0.0058734169597011235,Zika,0.5464154933160561,0.6726543345312672,0.5654890901123106,0.4670329690780534,0.551294640248181,0.36145138996653914,0.5329670309219465,1.5
12,0.9,0.005306201729099648,Zika,0.5464154933160561,0.6544926364753332,0.5722231613655846,0.5146710431565013,0.5762211293787041,0.4093730740687559,0.48532895684349875,1.5
12,0.91,0.004746106849523627,Zika,0.5464154933160561,0.6365416215980211,0.5792974034483058,0.5658552494651555,0.5991206842809185,0.46277815220565,0.43414475053484447,1.5
12,0.9199999999999999,0.004192966151376349,Zika,0.5464154933160561,0.6189354161454877,0.5866985263461686,0.6203005230651218,0.6196172177239063,0.5217363767026169,0.37969947693487816,1.5
12,0.9299999999999999,0.0036466190963083014,Zika,0.5464154933160561,0.6018232319510209,0.5944091634459081,0.6774726280555974,0.6374112186568981,0.5860263028935649,0.3225273719444026,1.5
12,0.94,0.0031069105282344398,Zika,0.5464154933160561,0.5853773488619471,0.6024080121754575,0.7364979592975446,0.6522993813328916,0.654982865716889,0.2635020407024554,1.5
12,0.95,0.0025736904378772228,Zika,0.5464154933160561,0.5698067854928504,0.610670093938006,0.7960464933976399,0.6641894858197758,0.7272858223637209,0.2039535066023601,1.5
12,0.96,0.0020468137399658496,Zika,0.5464154933160561,0.5553810832832587,0.619167127346009,0.8541805784309879,0.6731110072780833,0.8006688156737694,0.14581942156901206,1.5
12,0.97,0.0015261400622878065,Zika,0.5464154933160561,0.5424732128745896,0.6278680024191442,0.9081603675312292,0.6792241390719951,0.8715223963833478,0.0918396324687708,1.5
12,0.98,0.0010115335458477461,Zika,0.5464154933160561,0.5316413628900791,0.6367393377582713,0.9541943509596913,0.682833479472436,0.9343560092634344,0.045805649040308705,1.5
12,0.99,5.02862655440816e-4,Zika,0.5464154933160561,0.5237970995018343,0.6457460982459324,0.987120513295192,0.68441966304915,0.9810731553494357,0.012879486704807985,1.5
13,0.5,0.03635497895277582,Zika,0.5464154933160561,0.9981879228938684,0.41390468805211666,0.014071595400281743,0.027751967416578094,0.008310546649024208,0.9859284045997183,1.5
13,0.51,0.03526776435308117,Zika,0.5464154933160561,0.9978283172442322,0.41413417724305,0.015013860545479587,0.02958260532974349,0.008870234807336523,0.9849861394545204,1.5
13,0.52,0.034204520350254945,Zika,0.5464154933160561,0.997402898166052,0.4143824355027028,0.016033927155386936,0.031560497929792326,0.009476933728557999,0.983966072844613,1.5
13,0.53,0.03316427246171772,Zika,0.5464154933160561,0.9969008317767564,0.4146513699596105,0.01713996641634321,0.03370051147355206,0.010135765904979539,0.9828600335836568,1.5
13,0.54,0.03214610327544375,Zika,0.5464154933160561,0.9963097720996472,0.41494310415089997,0.018341147746235954,0.03601921483277005,0.010852522191356219,0.981658852253764,1.5
13,0.55,0.031149148122815426,Zika,0.5464154933160561,0.9956157124588982,0.4152600030860284,0.01964777239386798,0.038535082177190635,0.011633761062166483,0.980352227606132,1.5
13,0.56,0.030172591151550004,Zika,0.5464154933160561,0.9948028373563541,0.4156047009108488,0.021071425612248323,0.04126871749846832,0.012486923966734082,0.9789285743877517,1.5
13,0.5700000000000001,0.029215661755290907,Zika,0.5464154933160561,0.9938533793546039,0.4159801313289576,0.022625149937978345,0.04424310219304596,0.013420469533231276,0.9773748500620216,1.5
13,0.58,0.02827763132183445,Zika,0.5464154933160561,0.9927474866011137,0.41638956091141566,0.024323642414128918,0.04748386653151933,0.014444029848220682,0.9756763575858711,1.5
13,0.59,0.027357810266600537,Zika,0.5464154933160561,0.9914631078121161,0.4168366253867506,0.026183478920943633,0.0510195852326902,0.015568592592056705,0.9738165210790564,1.5
13,0.6,0.0264555453219561,Zika,0.5464154933160561,0.9899759027459714,0.41732536894730277,0.02822336912315861,0.05488209645827155,0.01680671345245842,0.9717766308768414,1.5
13,0.61,0.02557021705646415,Zika,0.5464154933160561,0.9882591873679599,0.41786028653174434,0.030464445897679538,0.05910684225503857,0.018172763979388436,0.9695355541023205,1.5
13,0.62,0.024701237601136145,Zika,0.5464154933160561,0.9862839239551955,0.41844636894277387,0.032930593459890405,0.06373322667767027,0.019683220894094196,0.9670694065401096,1.5
13,0.63,0.023848048562383196,Zika,0.5464154933160561,0.9840187672034284,0.4190891505290407,0.03564881874484658,0.06880498538342647,0.02135700383246421,0.9643511812551534,1.5
13,0.64,0.023010119103637754,Zika,0.5464154933160561,0.9814301778492641,0.41979475899661867,0.03864967089788125,0.07437055722590907,0.02321586959353133,0.9613503291021187,1.5
13,0.65,0.02218694417961373,Zika,0.5464154933160561,0.9784826152697143,0.4205699667131584,0.0419677139551488,0.08048344408672617,0.02528487217872373,0.9580322860448512,1.5
13,0.66,0.02137804290891709,Zika,0.5464154933160561,0.9751388198180073,0.421422242623136,0.04564205790351323,0.08720253964286956,0.027592899238886394,0.9543579420964867,1.5
13,0.67,0.02058295707224977,Zika,0.5464154933160561,0.9713601941590556,0.42235980360216874,0.04971695323974208,0.09459240073089395,0.030173296973961716,0.9502830467602579,1.5
13,0.6799999999999999,0.019801249724799883,Zika,0.5464154933160561,0.9671072904627982,0.42339166374078485,0.05424245381877647,0.10272342620035593,0.03306459701533955,0.9457575461812235,1.5
13,0.69,0.019032503912596525,Zika,0.5464154933160561,0.9623404069260805,0.42452767966443017,0.0592751520797447,0.11167189745727348,0.036311360296222714,0.9407248479202553,1.5
13,0.7,0.018276321483657574,Zika,0.5464154933160561,0.9570202927183403,0.42577858957170867,0.06487898952023079,0.12151982219990606,0.039965154273844186,0.9351210104797693,1.5
13,0.71,0.01753232198568509,Zika,0.5464154933160561,0.9511089551670916,0.427156043216643,0.07112614336147179,0.1323545082632554,0.044085680945277865,0.9288738566385282,1.5
13,0.72,0.016800141642887904,Zika,0.5464154933160561,0.9445705570080745,0.4286726195891808,0.07809798745694158,0.14426777847558298,0.0487420736526407,0.9219020125430584,1.5
13,0.73,0.016079432405236835,Zika,0.5464154933160561,0.9373723851323554,0.43034182858508796,0.08588612131464489,0.15735472098055875,0.054014380350329363,0.9141138786853551,1.5
13,0.74,0.01536986106411227,Zika,0.5464154933160561,0.9294858658966398,0.43217809253445916,0.09459345520064806,0.17171185435347083,0.05999524930118537,0.9054065447993519,1.5
13,0.75,0.014671108428877703,Zika,0.5464154933160561,0.920887596251715,0.43419670311989855,0.10433533111329267,0.18743457585364612,0.06679182936766796,0.8956646688867074,1.5
13,0.76,0.013982868559431622,Zika,0.5464154933160561,0.9115603552822985,0.4364137490134019,0.11524064824787911,0.20461375845687257,0.07452789017378159,0.8847593517521208,1.5
13,0.77,0.013304848050250952,Zika,0.5464154933160561,0.9014940578510522,0.43884600955639097,0.12745294648909092,0.22333137359043473,0.08334615605896434,0.8725470535109091,1.5
13,0.78,0.012636765361851654,Zika,0.5464154933160561,0.8906866114663476,0.44151081006799753,0.1411313812910325,0.24365504896411055,0.09341083004058645,0.8588686187089675,1.5
13,0.79,0.01197835019596234,Zika,0.5464154933160561,0.8791446397035966,0.4444258349620942,0.15645149651953308,0.26563153284905316,0.10491025737757687,0.843548503480467,1.5
13,0.8,0.011329342911039292,Zika,0.5464154933160561,0.866884040791245,0.4476088958486385,0.17360566650732595,0.2892791358347244,0.11805963930446539,0.826394333492674,1.5
13,0.81,0.010689493975050026,Zika,0.5464154933160561,0.8539303584084328,0.4510776532405908,0.19280303224980025,0.3145793645271434,0.13310365139580416,0.8071969677501998,1.5
13,0.8200000000000001,0.010058563452720637,Zika,0.5464154933160561,0.8403189532089315,0.45484929241024363,0.21426869622070463,0.34146814939660186,0.15031874154361755,0.7857313037792953,1.5
13,0.8300000000000001,0.009436320524686202,Zika,0.5464154933160561,0.8260949778017322,0.45894015632754104,0.23824186174750114,0.36982729184700247,0.17001477130335424,0.7617581382524988,1.5
13,0.8400000000000001,0.008822543036199566,Zika,0.5464154933160561,0.8113131745424884,0.46336534140821617,0.26497250123371463,0.39947699013526466,0.19253551024928117,0.7350274987662854,1.5
13,0.8500000000000001,0.008217017073255964,Zika,0.5464154933160561,0.7960375342989465,0.46813826488331556,0.294716006405343,0.4301705092900445,0.2182572812371953,0.705283993594657,1.5
13,0.86,0.007619536564163991,Zika,0.5464154933160561,0.7803408755037192,0.473270215792689,0.32772510518573017,0.4615921794585895,0.24758476566062743,0.6722748948142698,1.5
13,0.87,0.007029902904761719,Zika,0.5464154933160561,0.7643044272218488,0.47876990466149627,0.3642381136873997,0.4933598739307095,0.2809425863572371,0.6357618863126002,1.5
13,0.88,0.006447924605618553,Zika,0.5464154933160561,0.748017529922164,0.484643029551163,0.4044623154768312,0.5250328730301318,0.318760758307785,0.5955376845231688,1.5
13,0.89,0.0058734169597011235,Zika,0.5464154933160561,0.7315776077779014,0.49089187806999546,0.44855090780954776,0.5561255333933987,0.36145138996653914,0.5514490921904522,1.5
13,0.9,0.005306201729099648,Zika,0.5464154933160561,0.715090625353694,0.49751498577864306,0.49657150601046834,0.5861264779581179,0.4093730740687559,0.5034284939895317,1.5
13,0.91,0.004746106849523627,Zika,0.5464154933160561,0.6986723356110425,0.5045068709761739,0.5484636276365588,0.6145221932670084,0.46277815220565,0.45153637236344124,1.5
13,0.9199999999999999,0.004192966151376349,Zika,0.5464154933160561,0.6824507855666638,0.5118578639414997,0.6039818563300853,0.640823124190534,0.5217363767026169,0.3960181436699147,1.5
13,0.9299999999999999,0.0036466190963083014,Zika,0.5464154933160561,0.666570829260577,0.5195540453009548,0.6626204724524919,0.6645897806259321,0.5860263028935649,0.3373795275475081,1.5
13,0.94,0.0031069105282344398,Zika,0.5464154933160561,0.651201923280944,0.5275773034210591,0.7235141852184233,0.6854561840401963,0.654982865716889,0.27648581478157674,1.5
13,0.95,0.0025736904378772228,Zika,0.5464154933160561,0.6365514997298477,0.535905514872839,0.78530814883286,0.7031482754221801,0.7272858223637209,0.21469185116713996,1.5
13,0.96,0.0020468137399658496,Zika,0.5464154933160561,0.6228882942636567,0.5445128455107255,0.8459886181640369,0.7174956633551208,0.8006688156737694,0.15401138183596308,1.5
13,0.97,0.0015261400622878065,Zika,0.5464154933160561,0.610584533309497,0.5533701630863082,0.9026633048237607,0.728436200366657,0.8715223963833478,0.09733669517623933,1.5
13,0.98,0.0010115335458477461,Zika,0.5464154933160561,0.6001964997704216,0.5624455461466049,0.9512776170290898,0.7360142072219804,0.9343560092634344,0.04872238297091025,1.5
13,0.99,5.02862655440816e-4,Zika,0.5464154933160561,0.5926303744339616,0.5717048687889843,0.9862493638141159,0.7403747297573854,0.9810731553494357,0.013750636185884124,1.5
14,0.5,0.03635497895277582,Zika,0.5464154933160561,0.9989849384843494,0.34792524321506035,0.01267579577310579,0.025033943953415714,0.008310546649024208,0.9873242042268943,1.5
14,0.51,0.03526776435308117,Zika,0.5464154933160561,0.9987682310540391,0.3481192029584309,0.013526534278861128,0.0266915787311162,0.008870234807336523,0.9864734657211389,1.5
14,0.52,0.034204520350254945,Zika,0.5464154933160561,0.9985086797211373,0.3483291894678846,0.014447955300432205,0.028483763811660862,0.009476933728557999,0.9855520446995678,1.5
14,0.53,0.03316427246171772,Zika,0.5464154933160561,0.9981986070086835,0.34855686222949533,0.015447572149281191,0.030424314357674166,0.010135765904979539,0.9845524278507188,1.5
14,0.54,0.03214610327544375,Zika,0.5464154933160561,0.9978291467715966,0.3488040746952562,0.016533833865312587,0.03252867396310004,0.010852522191356219,0.9834661661346874,1.5
14,0.55,0.031149148122815426,Zika,0.5464154933160561,0.9973901051401223,0.3490728977596427,0.017716253932501824,0.034814118174907274,0.011633761062166483,0.9822837460674981,1.5
14,0.56,0.030172591151550004,Zika,0.5464154933160561,0.9968698163683566,0.3493656458584389,0.019005557566096423,0.037299982196665034,0.012486923966734082,0.9809944424339035,1.5
14,0.5700000000000001,0.029215661755290907,Zika,0.5464154933160561,0.9962549965954568,0.34968490588864265,0.020413850237192593,0.040007914793325314,0.013420469533231276,0.9795861497628074,1.5
14,0.58,0.02827763132183445,Zika,0.5464154933160561,0.9955305995021974,0.3500335691332721,0.021954810450302512,0.04296216023494061,0.014444029848220682,0.9780451895496974,1.5
14,0.59,0.027357810266600537,Zika,0.5464154933160561,0.9946796789353866,0.35041486634828867,0.023643910171740005,0.04618986976236959,0.015568592592056705,0.9763560898282599,1.5
14,0.6,0.0264555453219561,Zika,0.5464154933160561,0.9936832647501057,0.3508324061273449,0.025498666719104043,0.049721443463363914,0.01680671345245842,0.9745013332808959,1.5
14,0.61,0.02557021705646415,Zika,0.5464154933160561,0.9925202593405713,0.35129021659993365,0.027538930360120065,0.053590902525976765,0.018172763979388436,0.9724610696398799,1.5
14,0.62,0.024701237601136145,Zika,0.5464154933160561,0.9911673635309858,0.3517927904354191,0.029787212324261982,0.05783629047677121,0.019683220894094196,0.970212787675738,1.5
14,0.63,0.023848048562383196,Zika,0.5464154933160561,0.9895990415928416,0.3523451330146059,0.03226905838957707,0.06250010007353851,0.02135700383246421,0.967730941610423,1.5
14,0.64,0.023010119103637754,Zika,0.5464154933160561,0.9877875360376331,0.3529528134868404,0.0350134736497756,0.0676297198322099,0.02321586959353133,0.9649865263502244,1.5
14,0.65,0.02218694417961373,Zika,0.5464154933160561,0.9857029433770844,0.35362201824878636,0.03805340446335427,0.07327789051402912,0.02528487217872373,0.9619465955366457,1.5
14,0.66,0.02137804290891709,Zika,0.5464154933160561,0.9833133621054891,0.35435960615595974,0.041426283895313394,0.07950315703234768,0.027592899238886394,0.9585737161046866,1.5
14,0.67,0.02058295707224977,Zika,0.5464154933160561,0.9805851235937327,0.3551731645053072,0.04517464712412383,0.0863702948742306,0.030173296973961716,0.9548253528758762,1.5
14,0.6799999999999999,0.019801249724799883,Zika,0.5464154933160561,0.9774831152532145,0.3560710645034626,0.04934682322116596,0.09395068196344461,0.03306459701533955,0.950653176778834,1.5
14,0.69,0.019032503912596525,Zika,0.5464154933160561,0.973971203116649,0.35706251455977256,0.053997709306866655,0.10232257661403747,0.036311360296222714,0.9460022906931334,1.5
14,0.7,0.018276321483657574,Zika,0.5464154933160561,0.9700127578243721,0.3581576093179737,0.05918963219887654,0.11157124958200991,0.039965154273844186,0.9408103678011235,1.5
14,0.71,0.01753232198568509,Zika,0.5464154933160561,0.9655712839007258,0.35936737187221923,0.06499330109455241,0.12178890308577982,0.044085680945277865,0.9350066989054476,1.5
14,0.72,0.016800141642887904,Zika,0.5464154933160561,0.9606111472469273,0.36070378611462817,0.07148885230921093,0.1330742921454327,0.0487420736526407,0.928511147690789,1.5
14,0.73,0.016079432405236835,Zika,0.5464154933160561,0.9550983901627341,0.362179815652817,0.0787669832753338,0.14553194421063154,0.054014380350329363,0.9212330167246662,1.5
14,0.74,0.01536986106411227,Zika,0.5464154933160561,0.9490016172525255,0.3638094052459826,0.08693016743877535,0.15927085297805396,0.05999524930118537,0.9130698325612246,1.5
14,0.75,0.014671108428877703,Zika,0.5464154933160561,0.9422929296956339,0.36560746027626756,0.09609393376831318,0.17440250365737783,0.06679182936766796,0.9039060662316868,1.5
14,0.76,0.013982868559431622,Zika,0.5464154933160561,0.9349488800802875,0.36758979944824977,0.10638818354535393,0.19103807313491167,0.07452789017378159,0.893611816454646,1.5
14,0.77,0.013304848050250952,Zika,0.5464154933160561,0.9269514158846446,0.36977307575362606,0.11795850190999332,0.20928464454021847,0.08334615605896434,0.8820414980900066,1.5
14,0.78,0.012636765361851654,Zika,0.5464154933160561,0.9182887773116378,0.3721746608192771,0.13096740099948245,0.22924028853483114,0.09341083004058645,0.8690325990005175,1.5
14,0.79,0.01197835019596234,Zika,0.5464154933160561,0.9089563150690003,0.3748124881482775,0.14559540373734595,0.2509879018961302,0.10491025737757687,0.8544045962626541,1.5
14,0.8,0.011329342911039292,Zika,0.5464154933160561,0.8989571962444569,0.37770485153738487,0.1620418402448007,0.2745877675115742,0.11805963930446539,0.8379581597551993,1.5
14,0.81,0.010689493975050026,Zika,0.5464154933160561,0.8883029719179415,0.38087015617364683,0.18052517966474363,0.3000689182161881,0.13310365139580416,0.8194748203352564,1.5
14,0.8200000000000001,0.010058563452720637,Zika,0.5464154933160561,0.8770139886654141,0.384326621619259,0.2012826553469186,0.3274195563812734,0.15031874154361755,0.7987173446530814,1.5
14,0.8300000000000001,0.009436320524686202,Zika,0.5464154933160561,0.8651196375802918,0.3880919380971959,0.22456885628801546,0.3565770009629704,0.17001477130335424,0.7754311437119845,1.5
14,0.8400000000000001,0.008822543036199566,Zika,0.5464154933160561,0.8526584487322596,0.3921828801543147,0.2506528466511072,0.38741789065360094,0.19253551024928117,0.7493471533488928,1.5
14,0.8500000000000001,0.008217017073255964,Zika,0.5464154933160561,0.8396780560314512,0.3966148848107962,0.27981323072895414,0.41974963522990427,0.2182572812371953,0.7201867692710459,1.5
14,0.86,0.007619536564163991,Zika,0.5464154933160561,0.8262350775016872,0.4014016045480804,0.3123303935054419,0.4533043262867146,0.24758476566062743,0.6876696064945581,1.5
14,0.87,0.007029902904761719,Zika,0.5464154933160561,0.8123949798832212,0.4065544487203535,0.3484749051538653,0.48773642457481375,0.2809425863572371,0.6515250948461346,1.5
14,0.88,0.006447924605618553,Zika,0.5464154933160561,0.7982320264050339,0.41208212992008175,0.388490766404097,0.5226254582543669,0.318760758307785,0.6115092335959029,1.5
14,0.89,0.0058734169597011235,Zika,0.5464154933160561,0.7838294467873744,0.41799023417261905,0.43257177180100675,0.5574846315594708,0.36145138996653914,0.5674282281989933,1.5
14,0.9,0.005306201729099648,Zika,0.5464154933160561,0.7692800272203442,0.4242808352600068,0.4808287556418082,0.5917756331278281,0.4093730740687559,0.5191712443581917,1.5
14,0.91,0.004746106849523627,Zika,0.5464154933160561,0.7546874104522372,0.43095217369483185,0.5332448308604233,0.6249290880845318,0.46277815220565,0.4667551691395767,1.5
14,0.9199999999999999,0.004192966151376349,Zika,0.5464154933160561,0.7401685509609891,0.437998419674432,0.5896148967103187,0.6563691321129477,0.5217363767026169,0.41038510328968125,1.5
14,0.9299999999999999,0.0036466190963083014,Zika,0.5464154933160561,0.7258580433026052,0.44540953665526395,0.6494646296367588,0.6855396693997104,0.5860263028935649,0.35053537036324123,1.5
14,0.94,0.0031069105282344398,Zika,0.5464154933160561,0.7119155461173532,0.4531712580575409,0.7119428242234188,0.7119291849090907,0.654982865716889,0.2880571757765812,1.5
14,0.95,0.0025736904378772228,Zika,0.5464154933160561,0.6985385005091761,0.46126518426413954,0.7756792438235511,0.7350906172979866,0.7272858223637209,0.22432075617644887,1.5
14,0.96,0.0020468137399658496,Zika,0.5464154933160561,0.6859843335265357,0.469669000889933,0.8385979814664987,0.7546526963558835,0.8006688156737694,0.16140201853350133,1.5
14,0.97,0.0015261400622878065,Zika,0.5464154933160561,0.6746106650079373,0.4783568127604283,0.8976736062904963,0.7703189551080365,0.8715223963833478,0.1023263937095037,1.5
14,0.98,0.0010115335458477461,Zika,0.5464154933160561,0.6649521834976981,0.4872995817070155,0.9486139365788981,0.7818494706551496,0.9343560092634344,0.05138606342110186,1.5
14,0.99,5.02862655440816e-4,Zika,0.5464154933160561,0.6578790277855109,0.4964656507105788,0.9854489604654297,0.7890162020951854,0.9810731553494357,0.014551039534570265,1.5
15,0.5,0.03635497895277582,Zika,0.5464154933160561,0.999437361358286,0.2869989772056234,0.011610408176154545,0.022954159163442553,0.008310546649024208,0.9883895918238454,1.5
15,0.51,0.03526776435308117,Zika,0.5464154933160561,0.9993088108363559,0.2871595765126772,0.012390737287059703,0.024477964760752945,0.008870234807336523,0.9876092627129403,1.5
15,0.52,0.034204520350254945,Zika,0.5464154933160561,0.9991529671907179,0.28733354837414604,0.013236164079471218,0.026126224009604383,0.009476933728557999,0.9867638359205287,1.5
15,0.53,0.03316427246171772,Zika,0.5464154933160561,0.9989645455005972,0.28752229823497244,0.014153666639438347,0.027911868510916,0.010135765904979539,0.9858463333605616,1.5
15,0.54,0.03214610327544375,Zika,0.5464154933160561,0.9987373639744398,0.28772739985855145,0.015151104593682517,0.02984938626349274,0.010852522191356219,0.9848488954063175,1.5
15,0.55,0.031149148122815426,Zika,0.5464154933160561,0.9984642234964967,0.2879506164647807,0.016237342967264944,0.031955023177813326,0.011633761062166483,0.983762657032735,1.5
15,0.56,0.030172591151550004,Zika,0.5464154933160561,0.9981367791342215,0.28819392437608693,0.017422394447117937,0.03424701018046474,0.012486923966734082,0.9825776055528821,1.5
15,0.5700000000000001,0.029215661755290907,Zika,0.5464154933160561,0.9977454053589767,0.2884595393933205,0.01871758280462041,0.036745818510276036,0.013420469533231276,0.9812824171953796,1.5
15,0.58,0.02827763132183445,Zika,0.5464154933160561,0.9972790575229841,0.28874994611806026,0.020135730615917467,0.03947444579198968,0.014444029848220682,0.9798642693840826,1.5
15,0.59,0.027357810266600537,Zika,0.5464154933160561,0.9967251330565494,0.28906793042296075,0.021691374846107593,0.042458735324688204,0.015568592592056705,0.9783086251538924,1.5
15,0.6,0.0264555453219561,Zika,0.5464154933160561,0.9960693368898776,0.2894166152442328,0.02340101433260531,0.0457277306806971,0.01680671345245842,0.9765989856673947,1.5
15,0.61,0.02557021705646415,Zika,0.5464154933160561,0.995295556738152,0.28979949982665465,0.025283393711546805,0.04931406709745605,0.018172763979388436,0.9747166062884532,1.5
15,0.62,0.024701237601136145,Zika,0.5464154933160561,0.9943857550753176,0.2902205024874618,0.027359828873351144,0.05325440015667454,0.019683220894094196,0.9726401711266488,1.5
15,0.63,0.023848048562383196,Zika,0.5464154933160561,0.9933198858000113,0.29068400687633567,0.02965457959911546,0.05758987074882243,0.02135700383246421,0.9703454204008846,1.5
15,0.64,0.023010119103637754,Zika,0.5464154933160561,0.9920758446836954,0.2911949115893073,0.03219527560148005,0.06236660314755331,0.02321586959353133,0.9678047243985199,1.5
15,0.65,0.02218694417961373,Zika,0.5464154933160561,0.9906294635824099,0.29175868283906603,0.03501340274586881,0.0676362299569354,0.02528487217872373,0.9649865972541312,1.5
15,0.66,0.02137804290891709,Zika,0.5464154933160561,0.9889545589666162,0.2923814096873558,0.03814485672218141,0.0734564334869792,0.027592899238886394,0.9618551432778186,1.5
15,0.67,0.02058295707224977,Zika,0.5464154933160561,0.987023045441764,0.2930698611014405,0.04163057181775255,0.07989148745427217,0.030173296973961716,0.9583694281822475,1.5
15,0.6799999999999999,0.019801249724799883,Zika,0.5464154933160561,0.9848051244550559,0.293831543801616,0.04551723263183552,0.0870127754455088,0.03306459701533955,0.9544827673681645,1.5
15,0.69,0.019032503912596525,Zika,0.5464154933160561,0.9822695571804921,0.294674759517629,0.049858076461964246,0.09489925294477689,0.036311360296222714,0.9501419235380357,1.5
15,0.7,0.018276321483657574,Zika,0.5464154933160561,0.9793840285411392,0.29560865986848184,0.05471379353523778,0.1036378075368416,0.039965154273844186,0.9452862064647622,1.5
15,0.71,0.01753232198568509,Zika,0.5464154933160561,0.9761156064088108,0.2966432966261974,0.06015353105201374,0.11332345684701499,0.044085680945277865,0.9398464689479863,1.5
15,0.72,0.016800141642887904,Zika,0.5464154933160561,0.9724312962303838,0.2977896646286927,0.06625600488536275,0.12405930571118098,0.0487420736526407,0.9337439951146372,1.5
15,0.73,0.016079432405236835,Zika,0.5464154933160561,0.9682986867686056,0.29905973408591147,0.07311071937599371,0.13595616314349515,0.054014380350329363,0.9268892806240063,1.5
15,0.74,0.01536986106411227,Zika,0.5464154933160561,0.9636866775181899,0.300466468501134,0.08081929049952492,0.1491316965640232,0.05999524930118537,0.919180709500475,1.5
15,0.75,0.014671108428877703,Zika,0.5464154933160561,0.9585662729771093,0.30202382394021843,0.08949686012782662,0.16370897696159098,0.06679182936766796,0.9105031398721734,1.5
15,0.76,0.013982868559431622,Zika,0.5464154933160561,0.9529114237299278,0.3037467249705692,0.09927357832585153,0.17981424687944128,0.07452789017378159,0.9007264216741485,1.5
15,0.77,0.013304848050250952,Zika,0.5464154933160561,0.9466998897237883,0.3056510123149536,0.11029611552983344,0.19757372760174438,0.08334615605896434,0.8897038844701666,1.5
15,0.78,0.012636765361851654,Zika,0.5464154933160561,0.9399140977184005,0.30775335718894703,0.12272914562025514,0.21710927894668716,0.09341083004058645,0.8772708543797448,1.5
15,0.79,0.01197835019596234,Zika,0.5464154933160561,0.932541963193653,0.3100711374876609,0.13675671248548113,0.23853274308064146,0.10491025737757687,0.8632432875145188,1.5
15,0.8,0.011329342911039292,Zika,0.5464154933160561,0.9245776474701257,0.3126222715325121,0.1525833542754663,0.26193885317142407,0.11805963930446539,0.8474166457245337,1.5
15,0.81,0.010689493975050026,Zika,0.5464154933160561,0.9160222238054428,0.31542500605140233,0.17043480807669478,0.28739667989963263,0.13310365139580416,0.8295651919233052,1.5
15,0.8200000000000001,0.010058563452720637,Zika,0.5464154933160561,0.9068842320113881,0.31849765649972706,0.1905580492155889,0.31493973409381626,0.15031874154361755,0.8094419507844111,1.5
15,0.8300000000000001,0.009436320524686202,Zika,0.5464154933160561,0.8971801098076659,0.32185829976157754,0.21322032869927726,0.3445550474977555,0.17001477130335424,0.7867796713007227,1.5
15,0.8400000000000001,0.008822543036199566,Zika,0.5464154933160561,0.8869345007299749,0.32552442168647633,0.2387067528687931,0.37617181140026446,0.19253551024928117,0.7612932471312069,1.5
15,0.8500000000000001,0.008217017073255964,Zika,0.5464154933160561,0.87618045302412,0.3295125247507349,0.2673157927808431,0.40965044402807654,0.2182572812371953,0.7326842072191568,1.5
15,0.86,0.007619536564163991,Zika,0.5464154933160561,0.8649595419029685,0.33383770425634374,0.29935190644588383,0.4447732404150197,0.24758476566062743,0.7006480935541162,1.5
15,0.87,0.007029902904761719,Zika,0.5464154933160561,0.8533219696959831,0.3385132047015458,0.3351141912031867,0.4812379682123139,0.2809425863572371,0.6648858087968132,1.5
15,0.88,0.006447924605618553,Zika,0.5464154933160561,0.8413267267375095,0.3435499710238682,0.3748796388916809,0.5186558275348457,0.318760758307785,0.6251203611083191,1.5
15,0.89,0.0058734169597011235,Zika,0.5464154933160561,0.8290419342356382,0.34895621203187077,0.4188791211193245,0.5565550084975701,0.36145138996653914,0.5811208788806754,1.5
15,0.9,0.005306201729099648,Zika,0.5464154933160561,0.8165455462886188,0.3547369951924103,0.4672636580523113,0.5943905957910861,0.4093730740687559,0.5327363419476887,1.5
15,0.91,0.004746106849523627,Zika,0.5464154933160561,0.8039266756448724,0.3608938927300387,0.5200577866282728,0.63156077652072,0.46277815220565,0.47994221337172716,1.5
15,0.9199999999999999,0.004192966151376349,Zika,0.5464154933160561,0.7912879532151558,0.36742469848900594,0.577095898672861,0.66742826852224435,0.5217363767026169,0.42290410132713896,1.5
15,0.9299999999999999,0.0036466190963083014,Zika,0.5464154933160561,0.778749586317231,0.3743232330724293,0.6379362103369369,0.7013447315840429,0.5860263028935649,0.3620637896630631,1.5
15,0.94,0.0031069105282344398,Zika,0.5464154933160561,0.7664562497196199,0.38157925140920734,0.701745481543581,0.7326748069951179,0.654982865716889,0.29825451845641904,1.5
15,0.95,0.0025736904378772228,Zika,0.5464154933160561,0.7545888495637997,0.38917846226295505,0.7671456398923403,0.7608154377326817,0.7272858223637209,0.2328543601076597,1.5
15,0.96,0.0020468137399658496,Zika,0.5464154933160561,0.7433850471053616,0.3971026635959527,0.8320109676952695,0.7852051250625998,0.8006688156737694,0.1679890323047305,1.5
15,0.97,0.0015261400622878065,Zika,0.5464154933160561,0.7331764397261756,0.40532999156813776,0.893201345957635,0.8053161922800182,0.8715223963833478,0.106798654042365,1.5
15,0.98,0.0010115335458477461,Zika,0.5464154933160561,0.7244596993499461,0.41383527479917237,0.9462130434530237,0.8206193821428958,0.9343560092634344,0.053786956546976294,1.5
15,0.99,5.02862655440816e-4,Zika,0.5464154933160561,0.7180432174907769,0.4225904798809529,0.9847234785685509,0.8305001695492833,0.9810731553494357,0.015276521431449086,1.5
0,0.5,0.35646600747361207,Influenza A (H1N1pdm),0.7724564931872518,0.4167938265189892,0.9771269957729078,0.12707219760952546,0.194764538089021,0.007925350893119042,0.8729278023904745,1.5
0,0.51,0.3450395597999063,Influenza A (H1N1pdm),0.7724564931872518,0.4065494769486424,0.9772556919335429,0.13245991868682652,0.19981659353191947,0.008469549565660367,0.8675400813131735,1.5
0,0.52,0.33391146006475225,Influenza A (H1N1pdm),0.7724564931872518,0.3961742051529026,0.9773894545518217,0.13807546947026936,0.20478043119850786,0.009059820011288714,0.8619245305297306,1.5
0,0.53,0.32306840169897666,Influenza A (H1N1pdm),0.7724564931872518,0.38567295529494766,0.9775285262397789,0.14393139344747866,0.20962987181816561,0.009701202739459232,0.8560686065525214,1.5
0,0.54,0.3124979085036153,Influenza A (H1N1pdm),0.7724564931872518,0.3750516330007579,0.9776731607756064,0.15004103486699416,0.2143360156693811,0.010399398647869115,0.8499589651330058,1.5
0,0.55,0.302188268590168,Influenza A (H1N1pdm),0.7724564931872518,0.3643171874110731,0.9778236232824388,0.1564185932633615,0.21886716477480653,0.011160867487745807,0.8435814067366385,1.5
0,0.56,0.2921284746685616,Influenza A (H1N1pdm),0.7724564931872518,0.35347769300362986,0.9779801903244815,0.1630791811409677,0.2231887933815166,0.011992942368511627,0.8369208188590322,1.5
0,0.5700000000000001,0.28230816997161057,Influenza A (H1N1pdm),0.7724564931872518,0.3425424293563964,0.9781431498995385,0.1700388848027976,0.2272635817048658,0.012903963056278837,0.8299611151972024,1.5
0,0.58,0.2727175991953934,Influenza A (H1N1pdm),0.7724564931872518,0.3315219566402384,0.9783128013034839,0.17731482824481296,0.23105152987053698,0.01390343129975006,0.8226851717551871,1.5
0,0.59,0.2633475639127048,Influenza A (H1N1pdm),0.7724564931872518,0.3204281842308264,0.9784894548383207,0.18492523995084512,0.23451017058745513,0.015002191975511994,0.8150747600491549,1.5
0,0.6,0.2541893819836116,Influenza A (H1N1pdm),0.7724564931872518,0.3092744294305341,0.9786734313312143,0.1928895223117008,0.2375949000285922,0.016212644493088967,0.8071104776882991,1.5
0,0.61,0.24523485054479008,Influenza A (H1N1pdm),0.7724564931872518,0.2980754629128337,0.9788650614272909,0.201228323249265,0.24025944631721713,0.017548989649429192,0.798771676750735,1.5
0,0.62,0.2364762122091858,Influenza A (H1N1pdm),0.7724564931872518,0.28684753717161526,0.9790646846141683,0.20996360944395506,0.24245649347825585,0.0190275179833806,0.7900363905560449,1.5
0,0.63,0.22790612415074107,Influenza A (H1N1pdm),0.7724564931872518,0.2756083940091485,0.9792726479312172,0.21911874033230433,0.2441384752452779,0.02066694666255738,0.7808812596676957,1.5
0,0.64,0.21951762978648146,Influenza A (H1N1pdm),0.7724564931872518,0.26437724696747783,0.9794893043116526,0.22871854174882703,0.24525854725058444,0.02248881304446176,0.771281458251173,1.5
0,0.65,0.2113041328009541,Influenza A (H1N1pdm),0.7724564931872518,0.25317473464116946,0.9797150105009507,0.23878937771795142,0.24577173749105286,0.024517934292587903,0.7612106222820486,1.5
0,0.66,0.20325937328653962,Influenza A (H1N1pdm),0.7724564931872518,0.24202284104806496,0.9799501244911334,0.24935921843959458,0.2456362633637883,0.026782943790264982,0.7506407815604055,1.5
0,0.67,0.19537740579813864,Influenza A (H1N1pdm),0.7724564931872518,0.2309447797205001,0.9801950024075928,0.26045770193349,0.24481498911880437,0.029316916561460425,0.7395422980665101,1.5
0,0.6799999999999999,0.1876525791426058,Influenza A (H1N1pdm),0.7724564931872518,0.21996483894661473,0.9804499947838957,0.2721161860851523,0.24327698083104707,0.032158097441147664,0.7278838139148477,1.5
0,0.69,0.18007951774253828,Influenza A (H1N1pdm),0.7724564931872518,0.20910818666219977,0.9807154421611018,0.28436778693626225,0.24099909804228778,0.03535074727293151,0.7156322130637378,1.5
0,0.7,0.1726531044309401,Influenza A (H1N1pdm),0.7724564931872518,0.19840063487119425,0.9809916699523477,0.2972473979424113,0.23796754374595822,0.03894612384339104,0.7027526020575887,1.5
0,0.71,0.16536846454820484,Influenza A (H1N1pdm),0.7724564931872518,0.18786836513653624,0.981278982521717,0.3107916835297813,0.2341792796071479,0.04300361542928092,0.6892083164702187,1.5
0,0.72,0.15822095122604832,Influenza A (H1N1pdm),0.7724564931872518,0.1775376185819797,0.9815776564397559,0.325039038555659,0.22964320380500322,0.047592045493953315,0.674960961444341,1.5
0,0.73,0.15120613175467926,Influenza A (H1N1pdm),0.7724564931872518,0.1674343558968305,0.9818879328974379,0.3400295031371522,0.22438098725716682,0.0527911668710096,0.6599704968628478,1.5
0,0.74,0.14431977493985465,Influenza A (H1N1pdm),0.7724564931872518,0.15758389492483413,0.9822100092869749,0.3558046196610266,0.21842747239354773,0.058693362211305763,0.6441953803389734,1.5
0,0.75,0.1375578393656466,Influenza A (H1N1pdm),0.7724564931872518,0.14801053540376538,0.9825440299924515,0.37240721550592,0.21183055827326056,0.06540556382994425,0.6275927844940801,1.5
0,0.76,0.13091646248692312,Influenza A (H1N1pdm),0.7724564931872518,0.13873718214438643,0.9828900764764076,0.38988109094893225,0.20465052641146692,0.07305139937397204,0.6101189090510677,1.5
0,0.77,0.12439195048283704,Influenza A (H1N1pdm),0.7724564931872518,0.1297849792333768,0.9832481568002804,0.40827058671035904,0.19695880117832806,0.08177355855533905,0.5917294132896409,1.5
0,0.78,0.11798076880910816,Influenza A (H1N1pdm),0.7724564931872518,0.12117296856602609,0.9836181947764187,0.4276199993896326,0.18883618329610474,0.09173635865521787,0.5723800006103674,1.5
0,0.79,0.1116795333927045,Influenza A (H1N1pdm),0.7724564931872518,0.11291778604660985,0.984000019015634,0.44797280538670914,0.1803706397145714,0.10312846000872965,0.5520271946132909,1.5
0,0.8,0.10548500241772604,Influenza A (H1N1pdm),0.7724564931872518,0.10503340807617957,0.9843933522042696,0.46937064444717475,0.1716547723527597,0.11616564370164385,0.5306293555528252,1.5
0,0.81,0.09939406865595908,Influenza A (H1N1pdm),0.7724564931872518,0.09753095948705781,0.9847978010145116,0.4918520022980841,0.16278311664954556,0.13109350750115217,0.5081479977019159,1.5
0,0.8200000000000001,0.09340375229975954,Influenza A (H1N1pdm),0.7724564931872518,0.09041859196728581,0.9852128471158158,0.5154505174406089,0.1538494347775423,0.14818985622318215,0.4845494825593911,1.5
0,0.8300000000000001,0.08751119425868216,Influenza A (H1N1pdm),0.7724564931872518,0.08370143941443141,0.9856378398072041,0.540192819401384,0.14494416611897076,0.16776645078588875,0.45980718059861603,1.5
0,0.8400000000000001,0.08171364988466757,Influenza A (H1N1pdm),0.7724564931872518,0.07738165381010287,0.9860719908222975,0.5660957838372543,0.13615218003108848,0.19016962477199226,0.43390421616274566,1.5
0,0.8500000000000001,0.07600848309365074,Influenza A (H1N1pdm),0.7724564931872518,0.07145852242332282,0.9865143718633408,0.5931630628786796,0.12755094618283466,0.21577906339031822,0.4068369371213204,1.5
0,0.86,0.07039316085420702,Influenza A (H1N1pdm),0.7724564931872518,0.0659286647973398,0.9869639153897374,0.6213807158050391,0.11920920063083364,0.24500374743989034,0.37861928419496094,1.5
0,0.87,0.06486524801635404,Influenza A (H1N1pdm),0.7724564931872518,0.06078630646970919,0.9874194191148288,0.6507117241193687,0.11118614693284298,0.2782736681178156,0.34928827588063127,1.5
0,0.88,0.05942240245587049,Influenza A (H1N1pdm),0.7724564931872518,0.056023626215299466,0.9878795545486451,0.68108912454676,0.10353119653259223,0.3160253830150929,0.31891087545324004,1.5
0,0.89,0.05406237051153854,Influenza A (H1N1pdm),0.7724564931872518,0.051631175426134476,0.9883428797647745,0.7124074312276495,0.09628422631073714,0.3586787646177236,0.2875925687723505,1.5
0,0.9,0.04878298269457545,Influenza A (H1N1pdm),0.7724564931872518,0.04759837298908637,0.9888078563717471,0.7445119417222409,0.08947631772687833,0.40660133168126605,0.2554880582777591,1.5
0,0.91,0.043582149651184406,Influenza A (H1N1pdm),0.7724564931872518,0.043914088251973994,0.9892728704439081,0.7771854270798517,0.08313094526463144,0.4600552750759889,0.22281457292014828,1.5
0,0.9199999999999999,0.03845785836070476,Influenza A (H1N1pdm),0.7724564931872518,0.04056734122661646,0.9897362569290613,0.8101315901007378,0.07726560700575608,0.5191205947263159,0.18986840989926224,1.5
0,0.9299999999999999,0.03340816855320812,Influenza A (H1N1pdm),0.7724564931872518,0.037548178601337405,0.9901963268192893,0.8429545330531072,0.07189394635801351,0.583585525915097,0.1570454669468928,1.5
0,0.94,0.02843120933167598,Influenza A (H1N1pdm),0.7724564931872518,0.03484883775687678,0.9906513961683586,0.8751333004055637,0.06702852094011,0.6527924875130863,0.1248666995944363,1.5
0,0.95,0.02352517598503214,Influenza A (H1N1pdm),0.7724564931872518,0.03246541316799157,0.9910998158844464,0.9059903461235567,0.06268457649046229,0.7254239207379674,0.09400965387644333,1.5
0,0.96,0.01868832697936449,Influenza A (H1N1pdm),0.7724564931872518,0.030400445794296647,0.9915400011377866,0.9346525096080758,0.05888558300512466,0.7992073342866515,0.06534749039192422,1.5
0,0.97,0.013918981115637946,Influenza A (H1N1pdm),0.7724564931872518,0.028667301464302155,0.9919704592106575,0.9600027582301188,0.055672138964642084,0.8705122838407955,0.039997241769881176,1.5
0,0.98,0.00921551484306602,Influenza A (H1N1pdm),0.7724564931872518,0.02729824673234529,0.9923898146857376,0.9806205539436833,0.053117814281089304,0.9338034488613054,0.019379446056316696,1.5
0,0.99,0.0045763597181357665,Influenza A (H1N1pdm),0.7724564931872518,0.02636082125941273,0.9927968310136023,0.99470820990989,0.05136053396248245,0.9809028639659221,0.005291790090110049,1.5
1,0.5,0.35646600747361207,Influenza A (H1N1pdm),0.7724564931872518,0.706383052087115,0.9208720785299216,0.06656826281392014,0.12167051598755524,0.007925350893119042,0.9334317371860799,1.5
1,0.51,0.3450395597999063,Influenza A (H1N1pdm),0.7724564931872518,0.6953947079309287,0.9211224844391324,0.07003258360296569,0.1272499388482443,0.008469549565660367,0.9299674163970343,1.5
1,0.52,0.33391146006475225,Influenza A (H1N1pdm),0.7724564931872518,0.6840424434188102,0.921385933646208,0.07369042691145336,0.13304788971109402,0.009059820011288714,0.9263095730885467,1.5
1,0.53,0.32306840169897666,Influenza A (H1N1pdm),0.7724564931872518,0.6723211562993902,0.92166322442172,0.07755518024551783,0.1390682327700083,0.009701202739459232,0.9224448197544821,1.5
1,0.54,0.3124979085036153,Influenza A (H1N1pdm),0.7724564931872518,0.6602269067879902,0.9219552053904747,0.08164129770952279,0.14531363152144997,0.010399398647869115,0.9183587022904772,1.5
1,0.55,0.302188268590168,Influenza A (H1N1pdm),0.7724564931872518,0.6477571158032187,0.9222627780206192,0.08596439231618098,0.15178523789286058,0.011160867487745807,0.914035607683819,1.5
1,0.56,0.2921284746685616,Influenza A (H1N1pdm),0.7724564931872518,0.6349107780796444,0.9225868990324568,0.09054133619325407,0.15848232868807882,0.011992942368511627,0.9094586638067459,1.5
1,0.5700000000000001,0.28230816997161057,Influenza A (H1N1pdm),0.7724564931872518,0.6216886885797095,0.9229285826682676,0.0953903692113659,0.16540188391731453,0.012903963056278837,0.9046096307886341,1.5
1,0.58,0.2727175991953934,Influenza A (H1N1pdm),0.7724564931872518,0.6080936798338921,0.9232889027511268,0.10053121654059195,0.17253810222338,0.01390343129975006,0.8994687834594081,1.5
1,0.59,0.2633475639127048,Influenza A (H1N1pdm),0.7724564931872518,0.594130866920122,0.923668994445371,0.10598521560671643,0.17988184988371728,0.015002191975511994,0.8940147843932835,1.5
1,0.6,0.2541893819836116,Influenza A (H1N1pdm),0.7724564931872518,0.5798078957612967,0.9240700556138232,0.1117754528547262,0.1874200419867174,0.016212644493088967,0.8882245471452738,1.5
1,0.61,0.24523485054479008,Influenza A (H1N1pdm),0.7724564931872518,0.5651351892942149,0.924493347647121,0.11792691062873421,0.19513495762265057,0.017548989649429192,0.8820730893712658,1.5
1,0.62,0.2364762122091858,Influenza A (H1N1pdm),0.7724564931872518,0.5501261848786867,0.9249401956184817,0.12446662433326829,0.2030034956025622,0.0190275179833806,0.8755333756667317,1.5
1,0.63,0.22790612415074107,Influenza A (H1N1pdm),0.7724564931872518,0.534797555122321,0.9254119875931734,0.13142384983697972,0.21099638364778597,0.02066694666255738,0.8685761501630203,1.5
1,0.64,0.21951762978648146,Influenza A (H1N1pdm),0.7724564931872518,0.5191694031622455,0.9259101728961581,0.13883024079889883,0.219077362481647,0.02248881304446176,0.8611697592011012,1.5
1,0.65,0.2113041328009541,Influenza A (H1N1pdm),0.7724564931872518,0.5032654224555221,0.9264362591144186,0.14672003521736837,0.22720237702154256,0.024517934292587903,0.8532799647826317,1.5
1,0.66,0.20325937328653962,Influenza A (H1N1pdm),0.7724564931872518,0.4871130103875211,0.9269918075832617,0.15513024999489852,0.23531881995052303,0.026782943790264982,0.8448697500051014,1.5
1,0.67,0.19537740579813864,Influenza A (H1N1pdm),0.7724564931872518,0.4707433246274314,0.9275784270796846,0.16410088164331896,0.24336488806553916,0.029316916561460425,0.8358991183566811,1.5
1,0.6799999999999999,0.1876525791426058,Influenza A (H1N1pdm),0.7724564931872518,0.45419127126365655,0.9281977654224507,0.17367511037864197,0.2512691281969957,0.032158097441147664,0.826324889621358,1.5
1,0.69,0.18007951774253828,Influenza A (H1N1pdm),0.7724564931872518,0.43749541445776674,0.9288514986601214,0.1838995037183527,0.2589502657472176,0.03535074727293151,0.8161004962816473,1.5
1,0.7,0.1726531044309401,Influenza A (H1N1pdm),0.7724564931872518,0.4206977987657361,0.9295413175178528,0.19482421422571294,0.26631742274393777,0.03894612384339104,0.8051757857742871,1.5
1,0.71,0.16536846454820484,Influenza A (H1N1pdm),0.7724564931872518,0.4038436774605262,0.9302689107748272,0.20650316415839784,0.2732708405593113,0.04300361542928092,0.7934968358416021,1.5
1,0.72,0.15822095122604832,Influenza A (H1N1pdm),0.7724564931872518,0.3869811431739916,0.9310359452609213,0.21899420736251882,0.2797032210587374,0.047592045493953315,0.7810057926374812,1.5
1,0.73,0.15120613175467926,Influenza A (H1N1pdm),0.7724564931872518,0.3701606609188267,0.9318440421983616,0.2323592556701332,0.2855017843605641,0.0527911668710096,0.7676407443298667,1.5
1,0.74,0.14431977493985465,Influenza A (H1N1pdm),0.7724564931872518,0.3534345079384878,0.9326947496767346,0.2466643531361353,0.29055110726428934,0.058693362211305763,0.7533356468638647,1.5
1,0.75,0.1375578393656466,Influenza A (H1N1pdm),0.7724564931872518,0.3368561296694184,0.9335895111429563,0.26197967647328596,0.29473675075403694,0.06540556382994425,0.738020323526714,1.5
1,0.76,0.13091646248692312,Influenza A (H1N1pdm),0.7724564931872518,0.3204794261138059,0.9345296299163078,0.27837943374205193,0.2979496076555087,0.07305139937397204,0.721620566257948,1.5
1,0.77,0.12439195048283704,Influenza A (H1N1pdm),0.7724564931872518,0.30435798777850054,0.9355162299060131,0.2959416253876348,0.3000908067483678,0.08177355855533905,0.7040583746123652,1.5
1,0.78,0.11798076880910816,Influenza A (H1N1pdm),0.7724564931872518,0.28854430466752673,0.9365502129167025,0.3147476216689349,0.3010769071342426,0.09173635865521787,0.6852523783310651,1.5
1,0.79,0.1116795333927045,Influenza A (H1N1pdm),0.7724564931872518,0.27308897525522213,0.9376322131742089,0.3348814978672103,0.30084502168273464,0.10312846000872965,0.6651185021327897,1.5
1,0.8,0.10548500241772604,Influenza A (H1N1pdm),0.7724564931872518,0.2580399445949108,0.9387625499852681,0.3564290527402962,0.2993574400660908,0.11616564370164385,0.6435709472597038,1.5
1,0.81,0.09939406865595908,Influenza A (H1N1pdm),0.7724564931872518,0.2434418015101898,0.9399411797496416,0.3794764156836509,0.29660529974807437,0.13109350750115217,0.620523584316349,1.5
1,0.8200000000000001,0.09340375229975954,Influenza A (H1N1pdm),0.7724564931872518,0.22933516408769766,0.9411676488560552,0.4041081229538163,0.29261089219092545,0.14818985622318215,0.5958918770461836,1.5
1,0.8300000000000001,0.08751119425868216,Influenza A (H1N1pdm),0.7724564931872518,0.21575618053281914,0.9424410492921704,0.4304045118349915,0.2874282965660521,0.16776645078588875,0.5695954881650085,1.5
1,0.8400000000000001,0.08171364988466757,Influenza A (H1N1pdm),0.7724564931872518,0.20273616915442536,0.943759979055989,0.4584382422074613,0.28114219613426167,0.19016962477199226,0.5415617577925387,1.5
1,0.8500000000000001,0.07600848309365074,Influenza A (H1N1pdm),0.7724564931872518,0.19030141731725136,0.9451225096396773,0.4882697056458544,0.2738649313921225,0.21577906339031822,0.5117302943541455,1.5
1,0.86,0.07039316085420702,Influenza A (H1N1pdm),0.7724564931872518,0.17847315537430783,0.9465261629329926,0.5199410204977027,0.2657320476661348,0.24500374743989034,0.48005897950229726,1.5
1,0.87,0.06486524801635404,Influenza A (H1N1pdm),0.7724564931872518,0.16726771885690825,0.9479678998301444,0.553468234341443,0.25689676949576573,0.2782736681178156,0.446531765658557,1.5
1,0.88,0.05942240245587049,Influenza A (H1N1pdm),0.7724564931872518,0.15669691188369345,0.94944412259502875,0.5888312590415358,0.247523952845102,0.3160253830150929,0.41116874095846423,1.5
1,0.89,0.05406237051153854,Influenza A (H1N1pdm),0.7724564931872518,0.14676858870898435,0.9509506926304225,0.6259609436488459,0.23778411575899766,0.3586787646177236,0.3740390563511541,1.5
1,0.9,0.04878298269457545,Influenza A (H1N1pdm),0.7724564931872518,0.13748748137070027,0.9524829647077125,0.6647225408653321,0.22784813308407437,0.40660133168126605,0.3352774591346679,1.5
1,0.91,0.043582149651184406,Influenza A (H1N1pdm),0.7724564931872518,0.12885632415293843,0.9540358379651556,0.7048946365574333,0.2178831235277339,0.4600552750759889,0.29510536344256666,1.5
1,0.9199999999999999,0.03845785836070476,Influenza A (H1N1pdm),0.7724564931872518,0.1208773683426061,0.9556038231152538,0.7461423800208329,0.20804999534566598,0.5191205947263159,0.2538576199791671,1.5
1,0.9299999999999999,0.03340816855320812,Influenza A (H1N1pdm),0.7724564931872518,0.1135544593943828,0.9571811243755739,0.787983564441028,0.19850310315496017,0.583585525915097,0.21201643555897198,1.5
1,0.94,0.02843120933167598,Influenza A (H1N1pdm),0.7724564931872518,0.10689599522442968,0.958761733726816,0.8297457487577395,0.18939257868136758,0.6527924875130863,0.17025425124226046,1.5
1,0.95,0.02352517598503214,Influenza A (H1N1pdm),0.7724564931872518,0.10091936757273712,0.9603395342886942,0.8705121672638582,0.18087026050563385,0.7254239207379674,0.12948783273614184,1.5
1,0.96,0.01868832697936449,Influenza A (H1N1pdm),0.7724564931872518,0.0956580640531538,0.9619084089669697,0.9090536212017375,0.17310102151863843,0.7992073342866515,0.0909463787982625,1.5
1,0.97,0.013918981115637946,Influenza A (H1N1pdm),0.7724564931872518,0.09117385603563596,0.9634623501293565,0.9437428620423409,0.16628328509043244,0.8705122838407955,0.056257137957659076,1.5
1,0.98,0.00921551484306602,Influenza A (H1N1pdm),0.7724564931872518,0.08757942131318486,0.9649955659571536,0.9724471278768579,0.1606872144517489,0.9338034488613054,0.027552872123142058,1.5
1,0.99,0.0045763597181357665,Influenza A (H1N1pdm),0.7724564931872518,0.08508430013399608,0.9665025793075319,0.9923934440789901,0.15673103616391001,0.9809028639659221,0.007606555921009894,1.5
2,0.5,0.35646600747361207,Influenza A (H1N1pdm),0.7724564931872518,0.8632177878182727,0.8296351937844731,0.03890289439970745,0.07445050558175534,0.007925350893119042,0.9610971056002926,1.5
2,0.51,0.3450395597999063,Influenza A (H1N1pdm),0.7724564931872518,0.8553280193191329,0.8299480705976396,0.041194197493729656,0.07860273998565667,0.008469549565660367,0.9588058025062703,1.5
2,0.52,0.33391146006475225,Influenza A (H1N1pdm),0.7724564931872518,0.8470154663133409,0.8302802682373706,0.043636905384410264,0.08299788994485581,0.009059820011288714,0.9563630946155898,1.5
2,0.53,0.32306840169897666,Influenza A (H1N1pdm),0.7724564931872518,0.8382627432758325,0.8306331858075644,0.04624329576350595,0.08765125449439279,0.009701202739459232,0.9537567042364941,1.5
2,0.54,0.3124979085036153,Influenza A (H1N1pdm),0.7724564931872518,0.8290527892776407,0.8310083294939923,0.049026788434096816,0.09257884303956844,0.010399398647869115,0.9509732115659032,1.5
2,0.55,0.302188268590168,Influenza A (H1N1pdm),0.7724564931872518,0.819369082747472,0.8314073199829537,0.05200206121633459,0.09779731976429959,0.011160867487745807,0.9479979387836655,1.5
2,0.56,0.2921284746685616,Influenza A (H1N1pdm),0.7724564931872518,0.80919588692983635,0.8318319000943228,0.05518517791223567,0.10332391766178087,0.011992942368511627,0.94481482208776435,1.5
2,0.5700000000000001,0.28230816997161057,Influenza A (H1N1pdm),0.7724564931872518,0.7985185270440722,0.8322839425513969,0.05859372948511379,0.10917631431835365,0.012903963056278837,0.9414062705148862,1.5
2,0.58,0.2727175991953934,Influenza A (H1N1pdm),0.7724564931872518,0.7873236994018706,0.8327654577845894,0.062246989676634085,0.11537246004095358,0.01390343129975006,0.9377530103233659,1.5
2,0.59,0.2633475639127048,Influenza A (H1N1pdm),0.7724564931872518,0.7755998117731668,0.8332786016356315,0.06616608634038003,0.1219303472054969,0.015002191975511994,0.93383391365962,1.5
2,0.6,0.2541893819836116,Influenza A (H1N1pdm),0.7724564931872518,0.7633373530833774,0.8338256827930051,0.0703741898084977,0.12886770785845464,0.016212644493088967,0.9296258101915023,1.5
2,0.61,0.24523485054479008,Influenza A (H1N1pdm),0.7724564931872518,0.7505292890706801,0.834409169747277,0.07489671961839668,0.13620162470575953,0.017548989649429192,0.9251032803816033,1.5
2,0.62,0.2364762122091858,Influenza A (H1N1pdm),0.7724564931872518,0.7371714788362643,0.8350316970064218,0.07976157089766632,0.14394803880706336,0.0190275179833806,0.9202384291023337,1.5
2,0.63,0.22790612415074107,Influenza A (H1N1pdm),0.7724564931872518,0.7232631053086668,0.8356960702558668,0.08499936162158651,0.15212113577207084,0.02066694666255738,0.9150006383784135,1.5
2,0.64,0.21951762978648146,Influenza A (H1N1pdm),0.7724564931872518,0.7088071105650687,0.8364052700859135,0.09064370179827128,0.16073259134635565,0.02248881304446176,0.9093562982017287,1.5
2,0.65,0.2113041328009541,Influenza A (H1N1pdm),0.7724564931872518,0.6938106247866147,0.8371624538408489,0.09673148537478765,0.16979065742801833,0.024517934292587903,0.9032685146252124,1.5
2,0.66,0.20325937328653962,Influenza A (H1N1pdm),0.7724564931872518,0.6782853754823853,0.8379709550704937,0.10330320525877655,0.17929907138878196,0.026782943790264982,0.8966967947412234,1.5
2,0.67,0.19537740579813864,Influenza A (H1N1pdm),0.7724564931872518,0.6622480616423607,0.8388342799879238,0.11040329126924305,0.18925577588513695,0.029316916561460425,0.8895967087307569,1.5
2,0.6799999999999999,0.1876525791426058,Influenza A (H1N1pdm),0.7724564931872518,0.6457206758486268,0.8397561002594245,0.11808047000946807,0.19965144412915822,0.032158097441147664,0.8819195299905319,1.5
2,0.69,0.18007951774253828,Influenza A (H1N1pdm),0.7724564931872518,0.6287307562862948,0.8407402413783411,0.12638814452002553,0.21046781799487455,0.03535074727293151,0.8736118554799744,1.5
2,0.7,0.1726531044309401,Influenza A (H1N1pdm),0.7724564931872518,0.6113115502624079,0.8417906658087497,0.1353847900254732,0.22167588457850074,0.03894612384339104,0.8646152099745268,1.5
2,0.71,0.16536846454820484,Influenza A (H1N1pdm),0.7724564931872518,0.593502071468609,0.8429114500347983,0.1451343600125411,0.23323394199765302,0.04300361542928092,0.8548656399874589,1.5
2,0.72,0.15822095122604832,Influenza A (H1N1pdm),0.7724564931872518,0.5753470349889228,0.8441067546258867,0.15570669411502608,0.2450856379511586,0.047592045493953315,0.844293305884974,1.5
2,0.73,0.15120613175467926,Influenza A (H1N1pdm),0.7724564931872518,0.5568966570800123,0.8453807864370816,0.16717791563298856,0.25715810459903476,0.0527911668710096,0.8328220843670114,1.5
2,0.74,0.14431977493985465,Influenza A (H1N1pdm),0.7724564931872518,0.5382063110785467,0.8467377521203523,0.17963080172898313,0.2693603588605755,0.058693362211305763,0.8203691982710168,1.5
2,0.75,0.1375578393656466,Influenza A (H1N1pdm),0.7724564931872518,0.519336036353528,0.8481818022386087,0.19315510310175615,0.281582184230429,0.06540556382994425,0.8068448968982438,1.5
2,0.76,0.13091646248692312,Influenza A (H1N1pdm),0.7724564931872518,0.5003499038341718,0.8497169654646736,0.20784778183165742,0.29369375177734663,0.07305139937397204,0.7921522181683426,1.5
2,0.77,0.12439195048283704,Influenza A (H1N1pdm),0.7724564931872518,0.4813152489946887,0.8513470726239656,0.22381312560717073,0.3055462640848062,0.08177355855533905,0.7761868743928293,1.5
2,0.78,0.11798076880910816,Influenza A (H1N1pdm),0.7724564931872518,0.46230179084343287,0.8530756707130448,0.24116268302715219,0.31697390384086455,0.09173635865521787,0.7588373169728478,1.5
2,0.79,0.1116795333927045,Influenza A (H1N1pdm),0.7724564931872518,0.4433806629440715,0.8549059275018724,0.26001494730512426,0.32779732495251407,0.10312846000872965,0.7399850526948757,1.5
2,0.8,0.10548500241772604,Influenza A (H1N1pdm),0.7724564931872518,0.4246233892610204,0.8568405279042131,0.28049469344129296,0.33782882703082306,0.11616564370164385,0.719505306558707,1.5
2,0.81,0.09939406865595908,Influenza A (H1N1pdm),0.7724564931872518,0.4061008431792431,0.8588815639668008,0.30273184546412507,0.3468791991957458,0.13109350750115217,0.697268154535875,1.5
2,0.8200000000000001,0.09340375229975954,Influenza A (H1N1pdm),0.7724564931872518,0.3878822320216364,0.8610304210602654,0.32685971402584685,0.35476601348335163,0.14818985622318215,0.6731402859741531,1.5
2,0.8300000000000001,0.08751119425868216,Influenza A (H1N1pdm),0.7724564931872518,0.3700341515891299,0.8632876636157756,0.3530123983881125,0.3613229143880171,0.16776645078588875,0.6469876016118875,1.5
2,0.8400000000000001,0.08171364988466757,Influenza A (H1N1pdm),0.7724564931872518,0.3526197557588395,0.8656529244885508,0.3813210880447717,0.3664092278478554,0.19016962477199226,0.6186789119552283,1.5
2,0.8500000000000001,0.07600848309365074,Influenza A (H1N1pdm),0.7724564931872518,0.3356980854100856,0.8681248026768323,0.41190892462053574,0.3699190497231357,0.21577906339031822,0.5880910753794643,1.5
2,0.86,0.07039316085420702,Influenza A (H1N1pdm),0.7724564931872518,0.31932359973480817,0.8707007746064584,0.444883990146023,0.37178891986656615,0.24500374743989034,0.555116009853977,1.5
2,0.87,0.06486524801635404,Influenza A (H1N1pdm),0.7724564931872518,0.30354595267165235,0.8733771244268069,0.48032986818994405,0.3720032779582548,0.2782736681178156,0.519670131810056,1.5
2,0.88,0.05942240245587049,Influenza A (H1N1pdm),0.7724564931872518,0.2884100598276541,0.8761488986783533,0.5182930731802965,0.3705971382231258,0.3160253830150929,0.4817069268197035,1.5
2,0.89,0.05406237051153854,Influenza A (H1N1pdm),0.7724564931872518,0.2739565099355893,0.8790098902258546,0.5587664525061898,0.36765578494153417,0.3586787646177236,0.44123354749381016,1.5
2,0.9,0.04878298269457545,Influenza A (H1N1pdm),0.7724564931872518,0.2602223945822594,0.8819526554717304,0.6016674255901033,0.3633117239924922,0.40660133168126605,0.39833257440989667,1.5
2,0.91,0.043582149651184406,Influenza A (H1N1pdm),0.7724564931872518,0.24724266895058838,0.8849685675765626,0.6468096214919573,0.35773956138836865,0.4600552750759889,0.3531903785080427,1.5
2,0.9199999999999999,0.03845785836070476,Influenza A (H1N1pdm),0.7724564931872518,0.23505222955667776,0.8880479067673446,0.693866096089266,0.3511498662407342,0.5191205947263159,0.30613390391073403,1.5
2,0.9299999999999999,0.03340816855320812,Influenza A (H1N1pdm),0.7724564931872518,0.22368903081451486,0.8911799869052911,0.7423218319715431,0.3437834035680911,0.583585525915097,0.2576781680284569,1.5
2,0.94,0.02843120933167598,Influenza A (H1N1pdm),0.7724564931872518,0.21319881789327091,0.8943533154512111,0.7914126246366905,0.3359074541564784,0.6527924875130863,0.2085873753633095,1.5
2,0.95,0.02352517598503214,Influenza A (H1N1pdm),0.7724564931872518,0.20364255059767428,0.8975557819747876,0.8400467072476593,0.32781645072836846,0.7254239207379674,0.15995329275234071,1.5
2,0.96,0.01868832697936449,Influenza A (H1N1pdm),0.7724564931872518,0.1951086080913523,0.9007748685828655,0.8867045256979285,0.3198402393049959,0.7992073342866515,0.11329547430207154,1.5
2,0.97,0.013918981115637946,Influenza A (H1N1pdm),0.7724564931872518,0.18773406904994466,0.9039978742586249,0.9293108996770286,0.31236578919048974,0.8705122838407955,0.07068910032297138,1.5
2,0.98,0.00921551484306602,Influenza A (H1N1pdm),0.7724564931872518,0.18174453454884415,0.9072121442429839,0.9650723364020604,0.3058842732927789,0.9338034488613054,0.03492766359793964,1.5
2,0.99,0.0045763597181357665,Influenza A (H1N1pdm),0.7724564931872518,0.17753532316651502,0.9104052953349075,0.9902704306577553,0.3010911366951937,0.9809028639659221,0.00972956934224467,1.5
3,0.5,0.35646600747361207,Influenza A (H1N1pdm),0.7724564931872518,0.9396089071937965,0.7107837233196956,0.025297103549908405,0.049267770242984406,0.007925350893119042,0.9747028964500916,1.5
3,0.51,0.3450395597999063,Influenza A (H1N1pdm),0.7724564931872518,0.9349007542339575,0.7111004729174134,0.026898681826861077,0.05229281071493885,0.008469549565660367,0.9731013181731389,1.5
3,0.52,0.33391146006475225,Influenza A (H1N1pdm),0.7724564931872518,0.9298449024630295,0.711439050696329,0.028617735019169623,0.05552653590653251,0.009059820011288714,0.9713822649808304,1.5
3,0.53,0.32306840169897666,Influenza A (H1N1pdm),0.7724564931872518,0.9244191682447627,0.7118012366393389,0.030464895776376594,0.05898586996135685,0.009701202739459232,0.9695351042236234,1.5
3,0.54,0.3124979085036153,Influenza A (H1N1pdm),0.7724564931872518,0.9186006986009657,0.7121889666969665,0.032451903195084196,0.06268915281791738,0.010399398647869115,0.9675480968049158,1.5
3,0.55,0.302188268590168,Influenza A (H1N1pdm),0.7724564931872518,0.9123661053796495,0.7126043458950106,0.03459172887481154,0.06665623285477748,0.011160867487745807,0.9654082711251885,1.5
3,0.56,0.2921284746685616,Influenza A (H1N1pdm),0.7724564931872518,0.9056916337752854,0.7130496622083271,0.0368987179228181,0.07090855547062518,0.011992942368511627,0.9631012820771819,1.5
3,0.5700000000000001,0.28230816997161057,Influenza A (H1N1pdm),0.7724564931872518,0.8985533688477583,0.7135274011480622,0.039388746630219504,0.0754692435603837,0.012903963056278837,0.9606112533697805,1.5
3,0.58,0.2727175991953934,Influenza A (H1N1pdm),0.7724564931872518,0.8909274833878696,0.7140402609769181,0.042079398704814024,0.0803631645384381,0.01390343129975006,0.957920601295186,1.5
3,0.59,0.2633475639127048,Influenza A (H1N1pdm),0.7724564931872518,0.8827905299506754,0.714591168426286,0.04499016211133768,0.08561697692708592,0.015002191975511994,0.9550098378886623,1.5
3,0.6,0.2541893819836116,Influenza A (H1N1pdm),0.7724564931872518,0.8741197790789395,0.7151832947390735,0.048142648731866564,0.09125914751545536,0.016212644493088967,0.9518573512681334,1.5
3,0.61,0.24523485054479008,Influenza A (H1N1pdm),0.7724564931872518,0.8648936046259635,0.7158200718014848,0.05156083920986306,0.09731992764442712,0.017548989649429192,0.9484391607901369,1.5
3,0.62,0.2364762122091858,Influenza A (H1N1pdm),0.7724564931872518,0.8550919156256547,0.7165052080546532,0.055271355469762556,0.103831274236265,0.0190275179833806,0.9447286445302374,1.5
3,0.63,0.22790612415074107,Influenza A (H1N1pdm),0.7724564931872518,0.84469663232719,0.7172427037917404,0.059303763494609765,0.11082669773100341,0.02066694666255738,0.9406962365053902,1.5
3,0.64,0.21951762978648146,Influenza A (H1N1pdm),0.7724564931872518,0.8336922018113403,0.718036865347099,0.06369090897605,0.11834101511676207,0.02248881304446176,0.93630909102395,1.5
3,0.65,0.2113041328009541,Influenza A (H1N1pdm),0.7724564931872518,0.8220661460629933,0.7188923175709744,0.06846928839558536,0.12640998180887658,0.024517934292587903,0.9315307116044147,1.5
3,0.66,0.20325937328653962,Influenza A (H1N1pdm),0.7724564931872518,0.8098096325527744,0.7198140138563481,0.07367945791542303,0.13506977139821089,0.026782943790264982,0.9263205420845769,1.5
3,0.67,0.19537740579813864,Influenza A (H1N1pdm),0.7724564931872518,0.7969180543860419,0.720807242845265,0.0793664821009734,0.14435626754965464,0.029316916561460425,0.9206335178990266,1.5
3,0.6799999999999999,0.1876525791426058,Influenza A (H1N1pdm),0.7724564931872518,0.7833916040625827,0.72187763079308,0.08558042389841333,0.15430412808901836,0.032158097441147664,0.9144195761015866,1.5
3,0.69,0.18007951774253828,Influenza A (H1N1pdm),0.7724564931872518,0.7692358220565135,0.7230311384150209,0.09237687636194251,0.16494557835028686,0.03535074727293151,0.9076231236380575,1.5
3,0.7,0.1726531044309401,Influenza A (H1N1pdm),0.7724564931872518,0.7544620990171956,0.7242740508870567,0.09981753525165975,0.17630889030649496,0.03894612384339104,0.9001824647483403,1.5
3,0.71,0.16536846454820484,Influenza A (H1N1pdm),0.7724564931872518,0.7390881086847496,0.7256129595317352,0.10797080965458851,0.18841650745433147,0.04300361542928092,0.8920291903454115,1.5
3,0.72,0.15822095122604832,Influenza A (H1N1pdm),0.7724564931872518,0.7231381478969049,0.7270547336019236,0.11691246502363305,0.2012827849248861,0.047592045493953315,0.8830875349763669,1.5
3,0.73,0.15120613175467926,Influenza A (H1N1pdm),0.7724564931872518,0.7066433606122697,0.728606480497166,0.12672628922996168,0.21491133236334137,0.0527911668710096,0.8732737107700383,1.5
3,0.74,0.14431977493985465,Influenza A (H1N1pdm),0.7724564931872518,0.6896418249172335,0.7302754927279247,0.13750476705738307,0.2292919765573618,0.058693362211305763,0.862495232942617,1.5
3,0.75,0.1375578393656466,Influenza A (H1N1pdm),0.7724564931872518,0.6721784856658508,0.7320691800046986,0.1493497416124796,0.24439740429673887,0.06540556382994425,0.8506502583875204,1.5
3,0.76,0.13091646248692312,Influenza A (H1N1pdm),0.7724564931872518,0.654304920755368,0.7339949849965355,0.16237303184076735,0.26017960542133256,0.07305139937397204,0.8376269681592327,1.5
3,0.77,0.12439195048283704,Influenza A (H1N1pdm),0.7724564931872518,0.6360789359544043,0.7360602816021788,0.17669696303283491,0.27656631150689415,0.08177355855533905,0.8233030369671651,1.5
3,0.78,0.11798076880910816,Influenza A (H1N1pdm),0.7724564931872518,0.6175639914138119,0.7382722550309617,0.1924547509859176,0.29345771391240894,0.09173635865521787,0.8075452490140824,1.5
3,0.79,0.1116795333927045,Influenza A (H1N1pdm),0.7724564931872518,0.5988284720962211,0.7406377636188313,0.2097906592180519,0.31072383784790514,0.10312846000872965,0.7902093407819482,1.5
3,0.8,0.10548500241772604,Influenza A (H1N1pdm),0.7724564931872518,0.579944823842165,0.7431631831182945,0.2288598208617534,0.3282030323720667,0.11616564370164385,0.7711401791382466,1.5
3,0.81,0.09939406865595908,Influenza A (H1N1pdm),0.7724564931872518,0.5609885860783895,0.7458542351971351,0.24982758074081243,0.345702088879104,0.13109350750115217,0.7501724192591875,1.5
3,0.8200000000000001,0.09340375229975954,Influenza A (H1N1pdm),0.7724564931872518,0.5420373607239276,0.7487158030390482,0.27286816630177974,0.36299849683834234,0.14818985622318215,0.7271318336982202,1.5
3,0.8300000000000001,0.08751119425868216,Influenza A (H1N1pdm),0.7724564931872518,0.5231697642436326,0.7517517382171464,0.2981624355377887,0.3798452590757436,0.16776645078588875,0.7018375644622112,1.5
3,0.8400000000000001,0.08171364988466757,Influenza A (H1N1pdm),0.7724564931872518,0.5044644158563872,0.7549646643405773,0.32589437200886584,0.3959785008815131,0.19016962477199226,0.6741056279911342,1.5
3,0.8500000000000001,0.07600848309365074,Influenza A (H1N1pdm),0.7724564931872518,0.4859990198068598,0.7583557842613378,0.35624589671874884,0.41112781619326877,0.21577906339031822,0.6437541032812512,1.5
3,0.86,0.07039316085420702,Influenza A (H1N1pdm),0.7724564931872518,0.4678496040436777,0.7619246987558499,0.3893894378666454,0.42502892523123775,0.24500374743989034,0.6106105621333546,1.5
3,0.87,0.06486524801635404,Influenza A (H1N1pdm),0.7724564931872518,0.45008998300303443,0.7656692454312577,0.4254775346638703,0.43743782742266735,0.2782736681178156,0.5745224653361297,1.5
3,0.88,0.05942240245587049,Influenza A (H1N1pdm),0.7724564931872518,0.43279152087599987,0.769585367013148,0.4646285407888667,0.44814530318691354,0.3160253830150929,0.5353714592111334,1.5
3,0.89,0.05406237051153854,Influenza A (H1N1pdm),0.7724564931872518,0.4160232877086019,0.7736670180251,0.5069072244275419,0.4569904392509236,0.3586787646177236,0.4930927755724581,1.5
3,0.9,0.04878298269457545,Influenza A (H1N1pdm),0.7724564931872518,0.39985273055762915,0.7779061180779205,0.5522987198315381,0.4638719000383009,0.40660133168126605,0.4477012801684619,1.5
3,0.91,0.043582149651184406,Influenza A (H1N1pdm),0.7724564931872518,0.3843470371120761,0.782292558504524,0.600673850603307,0.4687559779276291,0.4600552750759889,0.399326149396693,1.5
3,0.9199999999999999,0.03845785836070476,Influenza A (H1N1pdm),0.7724564931872518,0.3695754703474838,0.7868142669282472,0.6517432932379776,0.4716810122995226,0.5191205947263159,0.34825670676202236,1.5
3,0.9299999999999999,0.03340816855320812,Influenza A (H1N1pdm),0.7724564931872518,0.3556131393066313,0.7914573316365139,0.7049973504351736,0.4727585167522552,0.583585525915097,0.29500264956482636,1.5
3,0.94,0.02843120933167598,Influenza A (H1N1pdm),0.7724564931872518,0.3425470222777771,0.7962061845214863,0.7596272193137968,0.47217224318605105,0.6527924875130863,0.24037278068620316,1.5
3,0.95,0.02352517598503214,Influenza A (H1N1pdm),0.7724564931872518,0.33048574324207897,0.8010438380809589,0.8144225223945458,0.47017746435254687,0.7254239207379674,0.18557747760545418,1.5
3,0.96,0.01868832697936449,Influenza A (H1N1pdm),0.7724564931872518,0.3195760026717157,0.8059521688217395,0.8676384597360192,0.46710419979950357,0.7992073342866515,0.13236154026398084,1.5
3,0.97,0.013918981115637946,Influenza A (H1N1pdm),0.7724564931872518,0.3100316088312382,0.8109122366572479,0.91682416497121,0.46337063728429845,0.8705122838407955,0.08317583502879,1.5
3,0.98,0.00921551484306602,Influenza A (H1N1pdm),0.7724564931872518,0.3021882047223161,0.8159046277957205,0.9586016141284585,0.45951846451526457,0.9338034488613054,0.04139838587154154,1.5
3,0.99,0.0045763597181357665,Influenza A (H1N1pdm),0.7724564931872518,0.2966152586689418,0.8209098073678878,0.9883816295689102,0.4562953815713009,0.9809028639659221,0.01161837043108982,1.5
4,0.5,0.35646600747361207,Influenza A (H1N1pdm),0.7724564931872518,0.9744137355033917,0.5777025386935095,0.018099499087443818,0.03553887223238284,0.007925350893119042,0.9819005009125562,1.5
4,0.51,0.3450395597999063,Influenza A (H1N1pdm),0.7724564931872518,0.9719026457058929,0.577984116676193,0.019292465718303422,0.0378339204011365,0.008469549565660367,0.9807075342816965,1.5
4,0.52,0.33391146006475225,Influenza A (H1N1pdm),0.7724564931872518,0.9691559649564913,0.5782865541765695,0.020578698377817766,0.04030164653769625,0.009059820011288714,0.9794213016221822,1.5
4,0.53,0.32306840169897666,Influenza A (H1N1pdm),0.7724564931872518,0.9661537249267369,0.5786117033518765,0.021967289435889305,0.04295785274583662,0.009701202739459232,0.9780327105641107,1.5
4,0.54,0.3124979085036153,Influenza A (H1N1pdm),0.7724564931872518,0.962874747737052,0.5789615956232044,0.023468356814719586,0.04581993434839319,0.010399398647869115,0.9765316431852804,1.5
4,0.55,0.302188268590168,Influenza A (H1N1pdm),0.7724564931872518,0.9592966771817216,0.5793384588643515,0.025093171272101904,0.048907037916103346,0.011160867487745807,0.9749068287278981,1.5
4,0.56,0.2921284746685616,Influenza A (H1N1pdm),0.7724564931872518,0.9553960365806136,0.5797447359304635,0.026854300285404746,0.05224023061102998,0.011992942368511627,0.9731456997145953,1.5
4,0.5700000000000001,0.28230816997161057,Influenza A (H1N1pdm),0.7724564931872518,0.9511483179911675,0.5801831045335971,0.028765770692916127,0.055842679937440125,0.012903963056278837,0.9712342293070839,1.5
4,0.58,0.2727175991953934,Influenza A (H1N1pdm),0.7724564931872518,0.9465281077128667,0.5806564984406385,0.03084325250162048,0.05973984222263737,0.01390343129975006,0.9691567474983795,1.5
4,0.59,0.2633475639127048,Influenza A (H1N1pdm),0.7724564931872518,0.9415092530590493,0.5811681299275202,0.03310426654081545,0.06395965710942957,0.015002191975511994,0.9668957334591846,1.5
4,0.6,0.2541893819836116,Influenza A (H1N1pdm),0.7724564931872518,0.9360650752040208,0.5817215133705462,0.035568418925922884,0.06853274395732066,0.016212644493088967,0.9644315810740771,1.5
4,0.61,0.24523485054479008,Influenza A (H1N1pdm),0.7724564931872518,0.9301686324789663,0.5823204897888199,0.03825766559076901,0.07349259423320763,0.017548989649429192,0.961742334409231,1.5
4,0.62,0.2364762122091858,Influenza A (H1N1pdm),0.7724564931872518,0.9237930377282615,0.5829692520691163,0.0411966104406572,0.07887575162137023,0.0190275179833806,0.9588033895593429,1.5
4,0.63,0.22790612415074107,Influenza A (H1N1pdm),0.7724564931872518,0.916911832191983,0.5836723705039328,0.044412840959522276,0.08472196858017977,0.02066694666255738,0.9555871590404778,1.5
4,0.64,0.21951762978648146,Influenza A (H1N1pdm),0.7724564931872518,0.9094994168033371,0.5844348181528873,0.04793730535319828,0.09107432429300355,0.02248881304446176,0.9520626946468017,1.5
4,0.65,0.2113041328009541,Influenza A (H1N1pdm),0.7724564931872518,0.9015315397516196,0.585261995395491,0.051804735500256306,0.09797928427643678,0.024517934292587903,0.9481952644997437,1.5
4,0.66,0.20325937328653962,Influenza A (H1N1pdm),0.7724564931872518,0.8929858366588852,0.5861597528786342,0.056054120074248474,0.10548667620905201,0.026782943790264982,0.9439458799257515,1.5
4,0.67,0.19537740579813864,Influenza A (H1N1pdm),0.7724564931872518,0.8838424167855241,0.5871344118749169,0.0607292321446715,0.11364954975954868,0.029316916561460425,0.9392707678553285,1.5
4,0.6799999999999999,0.1876525791426058,Influenza A (H1N1pdm),0.7724564931872518,0.8740844853960354,0.5881927808597793,0.06587921528806195,0.12252388034016873,0.032158097441147664,0.934120784711938,1.5
4,0.69,0.18007951774253828,Influenza A (H1N1pdm),0.7724564931872518,0.8636989889160411,0.5893421668898275,0.07155923165023599,0.13216806795132094,0.03535074727293151,0.928440768349764,1.5
4,0.7,0.1726531044309401,Influenza A (H1N1pdm),0.7724564931872518,0.8526772659874586,0.5905903801280816,0.07783117436855395,0.1426421730119515,0.03894612384339104,0.9221688256314461,1.5
4,0.71,0.16536846454820484,Influenza A (H1N1pdm),0.7724564931872518,0.8410156842307053,0.591945729623815,0.0847644451197959,0.15400682203208413,0.04300361542928092,0.9152355548802041,1.5
4,0.72,0.15822095122604832,Influenza A (H1N1pdm),0.7724564931872518,0.8287162397489485,0.5934170082289729,0.09243679508050871,0.16632170841785426,0.047592045493953315,0.9075632049194913,1.5
4,0.73,0.15120613175467926,Influenza A (H1N1pdm),0.7724564931872518,0.8157870944882322,0.5950134643384192,0.10093522397699085,0.17964360950121683,0.0527911668710096,0.8990647760230092,1.5
4,0.74,0.14431977493985465,Influenza A (H1N1pdm),0.7724564931872518,0.8022430258314829,0.5967447580010674,0.11035692677332656,0.1940238427657142,0.058693362211305763,0.8896430732266735,1.5
4,0.75,0.1375578393656466,Influenza A (H1N1pdm),0.7724564931872518,0.788105763555885,0.5986208988921862,0.12081027039063076,0.20950509581879287,0.06540556382994425,0.8791897296093693,1.5
4,0.76,0.13091646248692312,Influenza A (H1N1pdm),0.7724564931872518,0.7734041917549648,0.6006521636972065,0.13241577300708177,0.22611759043101617,0.07305139937397204,0.8675842269929183,1.5
4,0.77,0.12439195048283704,Influenza A (H1N1pdm),0.7724564931872518,0.7581743976444159,0.602848990670951,0.14530704509614661,0.24387458596843825,0.08177355855533905,0.8546929549038533,1.5
4,0.78,0.11798076880910816,Influenza A (H1N1pdm),0.7724564931872518,0.7424595553215093,0.6052218495409061,0.15963163330433558,0.26276729663865744,0.09173635865521787,0.8403683666956644,1.5
4,0.79,0.1116795333927045,Influenza A (H1N1pdm),0.7724564931872518,0.7263096403646144,0.6077810855538692,0.17555168410724245,0.28275939346662277,0.10312846000872965,0.8244483158927576,1.5
4,0.8,0.10548500241772604,Influenza A (H1N1pdm),0.7724564931872518,0.7097809803247901,0.6105367373493561,0.1932443120526055,0.30378138554631995,0.11616564370164385,0.8067556879473945,1.5
4,0.81,0.09939406865595908,Influenza A (H1N1pdm),0.7724564931872518,0.6929356562408324,0.61349832949427,0.21290151490549875,0.3257253193949076,0.13109350750115217,0.7870984850945013,1.5
4,0.8200000000000001,0.09340375229975954,Influenza A (H1N1pdm),0.7724564931872518,0.6758407808108244,0.6166746419249796,0.23472942207557956,0.3484403846995287,0.14818985622318215,0.7652705779244204,1.5
4,0.8300000000000001,0.08751119425868216,Influenza A (H1N1pdm),0.7724564931872518,0.6585676893192596,0.6200734601813079,0.2589465893830601,0.371730143030141,0.16776645078588875,0.74105341061694,1.5
4,0.8400000000000001,0.08171364988466757,Influenza A (H1N1pdm),0.7724564931872518,0.6411910895447115,0.6237013121153416,0.2857809574585739,0.3953521663924444,0.19016962477199226,0.7142190425414261,1.5
4,0.8500000000000001,0.07600848309365074,Influenza A (H1N1pdm),0.7724564931872518,0.6237882266570268,0.6275631986133638,0.3154649664220556,0.41902084214743573,0.21577906339031822,0.6845350335779443,1.5
4,0.86,0.07039316085420702,Influenza A (H1N1pdm),0.7724564931872518,0.6064381290469754,0.6316623276428553,0.34822815772275867,0.4424139311872469,0.24500374743989034,0.6517718422772414,1.5
4,0.87,0.06486524801635404,Influenza A (H1N1pdm),0.7724564931872518,0.5892210123612184,0.6359998624598633,0.3842863846791106,0.46518313739711203,0.2782736681178156,0.6157136153208894,1.5
4,0.88,0.05942240245587049,Influenza A (H1N1pdm),0.7724564931872518,0.5722179341449527,0.6405746958991851,0.4238264830332637,0.48696847324193604,0.3160253830150929,0.5761735169667364,1.5
4,0.89,0.05406237051153854,Influenza A (H1N1pdm),0.7724564931872518,0.555510814677848,0.6453832631359769,0.46698490486013405,0.5074156497365642,0.3586787646177236,0.533015095139866,1.5
4,0.9,0.04878298269457545,Influenza A (H1N1pdm),0.7724564931872518,0.5391829782246561,0.6504194049928957,0.5138183720794111,0.5261951849241636,0.40660133168126605,0.48618162792058894,1.5
4,0.91,0.043582149651184406,Influenza A (H1N1pdm),0.7724564931872518,0.5233204360960854,0.6556742926632045,0.5642640325986485,0.5430215456593533,0.4600552750759889,0.43573596740135145,1.5
4,0.9199999999999999,0.03845785836070476,Influenza A (H1N1pdm),0.7724564931872518,0.5080142526050212,0.661136422594772,0.6180858686661346,0.5576705386759191,0.5191205947263159,0.3819141313338654,1.5
4,0.9299999999999999,0.03340816855320812,Influenza A (H1N1pdm),0.7724564931872518,0.49336455314875316,0.6667916872941593,0.6748031703563288,0.5699934314351285,0.583585525915097,0.32519682964367125,1.5
4,0.94,0.02843120933167598,Influenza A (H1N1pdm),0.7724564931872518,0.47948714279959637,0.6726235241269563,0.7335956931638338,0.579926930720863,0.6527924875130863,0.2664043068361662,1.5
4,0.95,0.02352517598503214,Influenza A (H1N1pdm),0.7724564931872518,0.4665245009324581,0.6786131400676698,0.7931785994899448,0.5874991498445498,0.7254239207379674,0.20682140051005515,1.5
4,0.96,0.01868832697936449,Influenza A (H1N1pdm),0.7724564931872518,0.45466454848662463,0.6847398061190495,0.8516383541146051,0.5928330511650269,0.7992073342866515,0.1483616458853949,1.5
4,0.97,0.013918981115637946,Influenza A (H1N1pdm),0.7724564931872518,0.44417413340547696,0.6909812111420873,0.9062182967617439,0.5961507449956462,0.8705122838407955,0.09378170323825608,1.5
4,0.98,0.00921551484306602,Influenza A (H1N1pdm),0.7724564931872518,0.43546251468769204,0.6973138614708486,0.9530395170095861,0.5977852033337452,0.9338034488613054,0.04696048299041389,1.5
4,0.99,0.0045763597181357665,Influenza A (H1N1pdm),0.7724564931872518,0.429211666699542,0.7037135102332599,0.9867387412389667,0.5982127302619166,0.9809028639659221,0.013261258761033345,1.5
5,0.5,0.35646600747361207,Influenza A (H1N1pdm),0.7724564931872518,0.9895179465243228,0.44523550180441973,0.014048970695918038,0.02770459726255476,0.007925350893119042,0.985951029304082,1.5
5,0.51,0.3450395597999063,Influenza A (H1N1pdm),0.7724564931872518,0.988279417407331,0.44546353561378904,0.014994859342252712,0.029541494680552286,0.008469549565660367,0.9850051406577472,1.5
5,0.52,0.33391146006475225,Influenza A (H1N1pdm),0.7724564931872518,0.9869003494301648,0.44570929367611145,0.016017517393897947,0.031523405925751036,0.009059820011288714,0.9839824826061021,1.5
5,0.53,0.32306840169897666,Influenza A (H1N1pdm),0.7724564931872518,0.9853660211038581,0.44597444952977117,0.01712479947206992,0.033664538710291264,0.009701202739459232,0.9828752005279301,1.5
5,0.54,0.3124979085036153,Influenza A (H1N1pdm),0.7724564931872518,0.9836604592615942,0.4462608512698516,0.01832549745394719,0.03598067841356857,0.010399398647869115,0.9816745025460528,1.5
5,0.55,0.302188268590168,Influenza A (H1N1pdm),0.7724564931872518,0.9817663990627671,0.4465705399913098,0.019629464312648053,0.03848937108408012,0.011160867487745807,0.980370535687352,1.5
5,0.56,0.2921284746685616,Influenza A (H1N1pdm),0.7724564931872518,0.9796652589247117,0.4469057699396679,0.02104775528734684,0.04121012586130539,0.011992942368511627,0.9789522447126532,1.5
5,0.5700000000000001,0.28230816997161057,Influenza A (H1N1pdm),0.7724564931872518,0.9773371346287935,0.447269030441962,0.022592788835813088,0.04416463791294576,0.012903963056278837,0.9774072111641869,1.5
5,0.58,0.2727175991953934,Influenza A (H1N1pdm),0.7724564931872518,0.9747608173421953,0.447663069666824,0.024278530147768644,0.047377032646742354,0.01390343129975006,0.9757214698522314,1.5
5,0.59,0.2633475639127048,Influenza A (H1N1pdm),0.7724564931872518,0.9719138407292195,0.44809092022894415,0.02612070035675194,0.050874131427643673,0.015002191975511994,0.973879299643248,1.5
5,0.6,0.2541893819836116,Influenza A (H1N1pdm),0.7724564931872518,0.9687725626507983,0.4485559266076051,0.028137014979951563,0.05468573824369042,0.016212644493088967,0.9718629850200484,1.5
5,0.61,0.24523485054479008,Influenza A (H1N1pdm),0.7724564931872518,0.9653122871139465,0.44906177428897254,0.030347455536994857,0.058844945632748114,0.017548989649429192,0.9696525444630052,1.5
5,0.62,0.2364762122091858,Influenza A (H1N1pdm),0.7724564931872518,0.9615074320716773,0.44961252046463207,0.03277457874428054,0.06338845660052322,0.0190275179833806,0.9672254212557194,1.5
5,0.63,0.22790612415074107,Influenza A (H1N1pdm),0.7724564931872518,0.9573317483209486,0.4502126260215832,0.03544386814128284,0.06835691709646727,0.02066694666255738,0.9645561318587171,1.5
5,0.64,0.21951762978648146,Influenza A (H1N1pdm),0.7724564931872518,0.9527585940323265,0.45086698843857087,0.03838413346363309,0.07379525070895365,0.02248881304446176,0.9616158665363669,1.5
5,0.65,0.2113041328009541,Influenza A (H1N1pdm),0.7724564931872518,0.9477612683060237,0.4515809750574613,0.041627963510926486,0.07975298340706406,0.024517934292587903,0.9583720364890735,1.5
5,0.66,0.20325937328653962,Influenza A (H1N1pdm),0.7724564931872518,0.9423134055329294,0.45236045602398645,0.045212238630276035,0.08628454118082998,0.026782943790264982,0.954787761369724,1.5
5,0.67,0.19537740579813864,Influenza A (H1N1pdm),0.7724564931872518,0.9363894302171192,0.4532118359879955,0.049178709199798436,0.09344949708633446,0.029316916561460425,0.9508212908002016,1.5
5,0.6799999999999999,0.1876525791426058,Influenza A (H1N1pdm),0.7724564931872518,0.9299650692918658,0.4541420834191431,0.0535746465794619,0.10131273626183607,0.032158097441147664,0.9464253534205381,1.5
5,0.69,0.18007951774253828,Influenza A (H1N1pdm),0.7724564931872518,0.9230179158833733,0.45515875613133094,0.0584535728029225,0.10994449775959937,0.03535074727293151,0.9415464271970775,1.5
5,0.7,0.1726531044309401,Influenza A (H1N1pdm),0.7724564931872518,0.9155280350482652,0.45627002132257144,0.06387607468004895,0.11942024044527208,0.03894612384339104,0.936123925319951,1.5
5,0.71,0.16536846454820484,Influenza A (H1N1pdm),0.7724564931872518,0.9074785983968836,0.4574846681341348,0.06991070678487565,0.12982026684705014,0.04300361542928092,0.9300892932151243,1.5
5,0.72,0.15822095122604832,Influenza A (H1N1pdm),0.7724564931872518,0.8988565309419583,0.4588121104261733,0.07663498577376704,0.14122902409917826,0.047592045493953315,0.923365014226233,1.5
5,0.73,0.15120613175467926,Influenza A (H1N1pdm),0.7724564931872518,0.889653150265139,0.4602623771742298,0.0841364752867474,0.1537339859184431,0.0527911668710096,0.9158635247132526,1.5
5,0.74,0.14431977493985465,Influenza A (H1N1pdm),0.7724564931872518,0.879864775498401,0.4618460876359002,0.09251395589550243,0.16742400549583963,0.058693362211305763,0.9074860441044976,1.5
5,0.75,0.1375578393656466,Influenza A (H1N1pdm),0.7724564931872518,0.8694932820172221,0.4635744082498777,0.10187866759676614,0.18238701887872216,0.06540556382994425,0.8981213324032339,1.5
5,0.76,0.13091646248692312,Influenza A (H1N1pdm),0.7724564931872518,0.858546577467186,0.4654589881475313,0.11235560244658103,0.19870697570860021,0.07305139937397204,0.887644397553419,1.5
5,0.77,0.12439195048283704,Influenza A (H1N1pdm),0.7724564931872518,0.8470389760727278,0.46751187022258167,0.12408481108556683,0.21645988434832597,0.08177355855533905,0.8759151889144332,1.5
5,0.78,0.11798076880910816,Influenza A (H1N1pdm),0.7724564931872518,0.8349914512942915,0.46974537496345425,0.13722266780221856,0.2357088881719373,0.09173635865521787,0.8627773321977814,1.5
5,0.79,0.1116795333927045,Influenza A (H1N1pdm),0.7724564931872518,0.822431751876348,0.47217195475185036,0.15194301270112426,0.2564983467636185,0.10312846000872965,0.8480569872988757,1.5
5,0.8,0.10548500241772604,Influenza A (H1N1pdm),0.7724564931872518,0.809394373094958,0.47480401711175446,0.16843805424643682,0.27884698750030473,0.11616564370164385,0.8315619457535632,1.5
5,0.81,0.09939406865595908,Influenza A (H1N1pdm),0.7724564931872518,0.7959203833699633,0.47765371648601074,0.18691886802829447,0.30274032480592367,0.13109350750115217,0.8130811319717055,1.5
5,0.8200000000000001,0.09340375229975954,Influenza A (H1N1pdm),0.7724564931872518,0.782057116055095,0.48073271553461394,0.2076152642812462,0.3281227162823866,0.14818985622318215,0.7923847357187538,1.5
5,0.8300000000000001,0.08751119425868216,Influenza A (H1N1pdm),0.7724564931872518,0.7678577468279808,0.48405191867441877,0.23077471259607044,0.35488962764357285,0.16776645078588875,0.7692252874039296,1.5
5,0.8400000000000001,0.08171364988466757,Influenza A (H1N1pdm),0.7724564931872518,0.7533807884086675,0.4876211825635105,0.2566599011256659,0.3828808891889142,0.19016962477199226,0.7433400988743342,1.5
5,0.8500000000000001,0.07600848309365074,Influenza A (H1N1pdm),0.7724564931872518,0.7386895462888414,0.4914490103830895,0.28554436130674155,0.41187590673340363,0.21577906339031822,0.7144556386932585,1.5
5,0.86,0.07039316085420702,Influenza A (H1N1pdm),0.7724564931872518,0.723851592112773,0.4955422389499926,0.3177053973210551,0.44159188600649746,0.24500374743989034,0.6822946026789449,1.5
5,0.87,0.06486524801635404,Influenza A (H1N1pdm),0.7724564931872518,0.7089383263648347,0.49990572972796776,0.35341330890297934,0.47168608097557907,0.2782736681178156,0.6465866910970206,1.5
5,0.88,0.05942240245587049,Influenza A (H1N1pdm),0.7724564931872518,0.6940247212668271,0.5045420764894191,0.3929155696582,0.5017628309304032,0.3160253830150929,0.6070844303417999,1.5
5,0.89,0.05406237051153854,Influenza A (H1N1pdm),0.7724564931872518,0.6791893623220817,0.509451343492672,0.4364141990890187,0.5313856854538065,0.3586787646177236,0.5635858009109813,1.5
5,0.9,0.04878298269457545,Influenza A (H1N1pdm),0.7724564931872518,0.6645149500417623,0.5146308483763143,0.48403401738246704,0.5600942580633036,0.40660133168126605,0.5159659826175329,1.5
5,0.91,0.043582149651184406,Influenza A (H1N1pdm),0.7724564931872518,0.6500894951910885,0.5200750033664996,0.5357787625652122,0.5874246873748472,0.4600552750759889,0.4642212374347878,1.5
5,0.9199999999999999,0.03845785836070476,Influenza A (H1N1pdm),0.7724564931872518,0.636008565743338,0.5257752267513336,0.5914711352662188,0.6129318604777853,0.5191205947263159,0.40852886473378125,1.5
5,0.9299999999999999,0.03340816855320812,Influenza A (H1N1pdm),0.7724564931872518,0.6223791685154827,0.5317199339014521,0.6506716605611508,0.6362110260284978,0.583585525915097,0.3493283394388492,1.5
5,0.94,0.02843120933167598,Influenza A (H1N1pdm),0.7724564931872518,0.6093262678240481,0.537894613522508,0.7125697477637281,0.6569162170840434,0.6527924875130863,0.28743025223627194,1.5
5,0.95,0.02352517598503214,Influenza A (H1N1pdm),0.7724564931872518,0.5970037589865371,0.5442819905413246,0.7758383974029058,0.6747730428584431,0.7254239207379674,0.22416160259709417,1.5
5,0.96,0.01868832697936449,Influenza A (H1N1pdm),0.7724564931872518,0.5856133823414517,0.5508622723769011,0.8384415363432263,0.6895837759502031,0.7992073342866515,0.16155846365677373,1.5
5,0.97,0.013918981115637946,Influenza A (H1N1pdm),0.7724564931872518,0.5754386925811723,0.5576134707175505,0.8973798141100534,0.701222947205245,0.8705122838407955,0.10262018588994659,1.5
5,0.98,0.00921551484306602,Influenza A (H1N1pdm),0.7724564931872518,0.5669097224801565,0.5645117867212774,0.9483566864239398,0.7096212557125644,0.9338034488613054,0.051643313576060224,1.5
5,0.99,0.0045763597181357665,Influenza A (H1N1pdm),0.7724564931872518,0.5607360129041057,0.5715320441500624,0.985341520599316,0.7147332053363756,0.9809028639659221,0.014658479400683988,1.5
6,0.5,0.35646600747361207,Influenza A (H1N1pdm),0.7724564931872518,0.995826584554732,0.3256297835195351,0.011659132443497283,0.023048414174390856,0.007925350893119042,0.9883408675565027,1.5
6,0.51,0.3450395597999063,Influenza A (H1N1pdm),0.7724564931872518,0.9952508198348756,0.32580129581235306,0.012452509395968973,0.024597259581942973,0.008469549565660367,0.987547490604031,1.5
6,0.52,0.33391146006475225,Influenza A (H1N1pdm),0.7724564931872518,0.9945985922800343,0.325986572900544,0.013311635895064695,0.026271653867720544,0.009059820011288714,0.9866883641049353,1.5
6,0.53,0.32306840169897666,Influenza A (H1N1pdm),0.7724564931872518,0.9938604149364646,0.326186973608225,0.01424344339714319,0.028084397153699207,0.009701202739459232,0.9857565566028568,1.5
6,0.54,0.3124979085036153,Influenza A (H1N1pdm),0.7724564931872518,0.993025788588009,0.32640400678783943,0.015255722275396314,0.03004979359391903,0.010399398647869115,0.9847442777246037,1.5
6,0.55,0.302188268590168,Influenza A (H1N1pdm),0.7724564931872518,0.9920831335576112,0.32663934839212494,0.016357240464342344,0.032183841096125786,0.011160867487745807,0.9836427595356576,1.5
6,0.56,0.2921284746685616,Influenza A (H1N1pdm),0.7724564931872518,0.9910197267057973,0.3268948603261014,0.017557879585869556,0.03450444451706346,0.011992942368511627,0.9824421204141305,1.5
6,0.5700000000000001,0.28230816997161057,Influenza A (H1N1pdm),0.7724564931872518,0.9898216466167896,0.3271726111976082,0.018868791189523868,0.037031654638267034,0.012903963056278837,0.9811312088104761,1.5
6,0.58,0.2727175991953934,Influenza A (H1N1pdm),0.7724564931872518,0.9884737305147236,0.3274748990714198,0.02030257612143206,0.03978793519592329,0.01390343129975006,0.979697423878568,1.5
6,0.59,0.2633475639127048,Influenza A (H1N1pdm),0.7724564931872518,0.9869595470133629,0.3278042763101644,0.021873490464375568,0.04279846007877712,0.015002191975511994,0.9781265095356244,1.5
6,0.6,0.2541893819836116,Influenza A (H1N1pdm),0.7724564931872518,0.9852613893431733,0.3281635765530527,0.023597681968013425,0.04609144246652016,0.016212644493088967,0.9764023180319866,1.5
6,0.61,0.24523485054479008,Influenza A (H1N1pdm),0.7724564931872518,0.9833602941807325,0.32855594383820197,0.02549346141340553,0.04969849708376758,0.017548989649429192,0.9745065385865944,1.5
6,0.62,0.2364762122091858,Influenza A (H1N1pdm),0.7724564931872518,0.9812360915780858,0.328984863813249,0.02758161392758066,0.05365503579489453,0.0190275179833806,0.9724183860724194,1.5
6,0.63,0.22790612415074107,Influenza A (H1N1pdm),0.7724564931872518,0.9788674916955729,0.3294541968988084,0.02988575587592167,0.05800069533776903,0.02066694666255738,0.9701142441240783,1.5
6,0.64,0.21951762978648146,Influenza A (H1N1pdm),0.7724564931872518,0.9762322140144599,0.329968213166731,0.03243274360108843,0.0627797939309829,0.02248881304446176,0.9675672563989116,1.5
6,0.65,0.2113041328009541,Influenza A (H1N1pdm),0.7724564931872518,0.9733071643749135,0.3305316285665979,0.03525314092771349,0.06804181059131882,0.024517934292587903,0.9647468590722865,1.5
6,0.66,0.20325937328653962,Influenza A (H1N1pdm),0.7724564931872518,0.970068664480438,0.33114964197614416,0.038381752981812595,0.0738418770239217,0.026782943790264982,0.9616182470181874,1.5
6,0.67,0.19537740579813864,Influenza A (H1N1pdm),0.7724564931872518,0.9664927373703374,0.3318279723614822,0.04185823443710358,0.08024126660995799,0.029316916561460425,0.9581417655628964,1.5
6,0.6799999999999999,0.1876525791426058,Influenza A (H1N1pdm),0.7724564931872518,0.9625554507423342,0.3325728951092589,0.0457277807306424,0.08730785798813477,0.032158097441147664,0.9542722192693576,1.5
6,0.69,0.18007951774253828,Influenza A (H1N1pdm),0.7724564931872518,0.958233317892172,0.3333912763348079,0.05004191099217559,0.09511654165451565,0.03535074727293151,0.9499580890078244,1.5
6,0.7,0.1726531044309401,Influenza A (H1N1pdm),0.7724564931872518,0.9535037534486975,0.3342906036798773,0.05485935127167725,0.10374952654343762,0.03894612384339104,0.9451406487283227,1.5
6,0.71,0.16536846454820484,Influenza A (H1N1pdm),0.7724564931872518,0.9483455780946248,0.33527901179564745,0.06024702594206572,0.11329648941869837,0.04300361542928092,0.9397529740579342,1.5
6,0.72,0.15822095122604832,Influenza A (H1N1pdm),0.7724564931872518,0.9427395632056819,0.33636530037062595,0.06628116364416906,0.12385449297508148,0.047592045493953315,0.933718836355831,1.5
6,0.73,0.15120613175467926,Influenza A (H1N1pdm),0.7724564931872518,0.9366690030055674,0.33755894222297256,0.07304852148154739,0.13552757900662724,0.0527911668710096,0.9269514785184526,1.5
6,0.74,0.14431977493985465,Influenza A (H1N1pdm),0.7724564931872518,0.9301202986699394,0.33887007865330787,0.08064772689445492,0.1484259215347394,0.058693362211305763,0.9193522731055451,1.5
6,0.75,0.1375578393656466,Influenza A (H1N1pdm),0.7724564931872518,0.9230835361135274,0.34030949897453366,0.08919073011466418,0.16266440289855624,0.06540556382994425,0.9108092698853358,1.5
6,0.76,0.13091646248692312,Influenza A (H1N1pdm),0.7724564931872518,0.915553037279405,0.34188860093436235,0.09880435048362898,0.17836045613311602,0.07305139937397204,0.901195649516371,1.5
6,0.77,0.12439195048283704,Influenza A (H1N1pdm),0.7724564931872518,0.9075278639341001,0.34361932866579525,0.10963188608540053,0.19563100367713662,0.08177355855533905,0.8903681139145995,1.5
6,0.78,0.11798076880910816,Influenza A (H1N1pdm),0.7724564931872518,0.8990122535363623,0.3455140848880697,0.12183473661983452,0.21458832162662808,0.09173635865521787,0.8781652633801655,1.5
6,0.79,0.1116795333927045,Influenza A (H1N1pdm),0.7724564931872518,0.8900159689023948,0.34758561438587365,0.1355939622649685,0.23533467848777587,0.10312846000872965,0.8644060377350316,1.5
6,0.8,0.10548500241772604,Influenza A (H1N1pdm),0.7724564931872518,0.8805545472532655,0.34984685636703294,0.15111166388004743,0.2579556475469145,0.11616564370164385,0.8488883361199526,1.5
6,0.81,0.09939406865595908,Influenza A (H1N1pdm),0.7724564931872518,0.8706494398118637,0.35231076418021223,0.16861201891627225,0.2825120831376895,0.13109350750115217,0.8313879810837277,1.5
6,0.8200000000000001,0.09340375229975954,Influenza A (H1N1pdm),0.7724564931872518,0.8603280403313042,0.3549900920917326,0.18834173843601346,0.30903089232096487,0.14818985622318215,0.8116582615639866,1.5
6,0.8300000000000001,0.08751119425868216,Influenza A (H1N1pdm),0.7724564931872518,0.8496236096390498,0.35789715037820347,0.21056961797104484,0.33749492873891546,0.16776645078588875,0.7894303820289552,1.5
6,0.8400000000000001,0.08171364988466757,Influenza A (H1N1pdm),0.7724564931872518,0.8385751133401563,0.36104353186114335,0.23558473114735606,0.36783257843223355,0.19016962477199226,0.764415268852644,1.5
6,0.8500000000000001,0.07600848309365074,Influenza A (H1N1pdm),0.7724564931872518,0.827227001237598,0.36443981512301593,0.26369265044819373,0.3999078761512321,0.21577906339031822,0.7363073495518062,1.5
6,0.86,0.07039316085420702,Influenza A (H1N1pdm),0.7724564931872518,0.8156289701005939,0.3680952518885332,0.2952088617510764,0.43351224268845473,0.24500374743989034,0.7047911382489236,1.5
6,0.87,0.06486524801635404,Influenza A (H1N1pdm),0.7724564931872518,0.8038357670116255,0.37201744827339267,0.33044825234420877,0.46835910556442234,0.2782736681178156,0.6695517476557913,1.5
6,0.88,0.05942240245587049,Influenza A (H1N1pdm),0.7724564931872518,0.7919071104976015,0.3762120515996926,0.3697091754126467,0.5040826792404339,0.3160253830150929,0.6302908245873533,1.5
6,0.89,0.05406237051153854,Influenza A (H1N1pdm),0.7724564931872518,0.779907834527952,0.380682456034126,0.41325010106954774,0.5402419609809845,0.3586787646177236,0.5867498989304523,1.5
6,0.9,0.04878298269457545,Influenza A (H1N1pdm),0.7724564931872518,0.7679084027194986,0.3854295412011023,0.4612562210779923,0.5763304948984426,0.40660133168126605,0.5387437789220078,1.5
6,0.91,0.043582149651184406,Influenza A (H1N1pdm),0.7724564931872518,0.7559860085924669,0.3904514579636017,0.5137925382672377,0.6117916721933042,0.4600552750759889,0.4862074617327623,1.5
6,0.9199999999999999,0.03845785836070476,Influenza A (H1N1pdm),0.7724564931872518,0.7442265946636769,0.3957434746119828,0.5707388872234587,0.6460383399127254,0.5191205947263159,0.42926111277654133,1.5
6,0.9299999999999999,0.03340816855320812,Influenza A (H1N1pdm),0.7724564931872518,0.7327283314862407,0.4012978947024778,0.6317009300629054,0.67847440908409,0.583585525915097,0.3682990699370946,1.5
6,0.94,0.02843120933167598,Influenza A (H1N1pdm),0.7724564931872518,0.7216074843185106,0.40710405479576384,0.6958893610009604,0.7085151163673226,0.6527924875130863,0.30411063899903956,1.5
6,0.95,0.02352517598503214,Influenza A (H1N1pdm),0.7724564931872518,0.7110083450591841,0.4131484065286686,0.7619572232487335,0.7356016406144817,0.7254239207379674,0.2380427767512665,1.5
6,0.96,0.01868832697936449,Influenza A (H1N1pdm),0.7724564931872518,0.7011204395867653,0.41941468308069174,0.8277822488464894,0.7592047009716648,0.7992073342866515,0.17221775115351057,1.5
6,0.97,0.013918981115637946,Influenza A (H1N1pdm),0.7724564931872518,0.6922095545035538,0.42588414552333953,0.8901772962534165,0.7788098458654248,0.8705122838407955,0.10982270374658354,1.5
6,0.98,0.00921551484306602,Influenza A (H1N1pdm),0.7724564931872518,0.6846769579500006,0.4325359001558914,0.9445070548225767,0.7938725300375368,0.9338034488613054,0.055492945177423314,1.5
6,0.99,0.0045763597181357665,Influenza A (H1N1pdm),0.7724564931872518,0.679181429776528,0.4393472741195754,0.9841829240550429,0.8037189975624942,0.9809028639659221,0.01581707594495707,1.5
7,0.5,0.35646600747361207,Influenza A (H1N1pdm),0.7724564931872518,0.9983793856014561,0.2263276429630272,0.010203719007827312,0.02020097831765873,0.007925350893119042,0.9897962809921727,1.5
7,0.51,0.3450395597999063,Influenza A (H1N1pdm),0.7724564931872518,0.9981241070454059,0.22644879221489256,0.010901574938625811,0.021567587317716387,0.008469549565660367,0.9890984250613742,1.5
7,0.52,0.33391146006475225,Influenza A (H1N1pdm),0.7724564931872518,0.9978300743645272,0.22657987466041174,0.011657905879976704,0.023046552943273933,0.009059820011288714,0.9883420941200233,1.5
7,0.53,0.32306840169897666,Influenza A (H1N1pdm),0.7724564931872518,0.9974917509060603,0.22672190302726525,0.012478985474195002,0.024649595521546865,0.009701202739459232,0.987521014525805,1.5
7,0.54,0.3124979085036153,Influenza A (H1N1pdm),0.7724564931872518,0.9971028981222022,0.22687600683486508,0.01337188370343731,0.026389859962583535,0.010399398647869115,0.9866281162965627,1.5
7,0.55,0.302188268590168,Influenza A (H1N1pdm),0.7724564931872518,0.9966565092476091,0.22704344647635277,0.014344580265878691,0.028282104624224674,0.011160867487745807,0.9856554197341213,1.5
7,0.56,0.2921284746685616,Influenza A (H1N1pdm),0.7724564931872518,0.9961447424750364,0.22722562890428855,0.015406095280835355,0.03034291553773077,0.011992942368511627,0.9845939047191646,1.5
7,0.5700000000000001,0.28230816997161057,Influenza A (H1N1pdm),0.7724564931872518,0.995558855346752,0.2274241250547836,0.016566640052828218,0.03259094901353901,0.012903963056278837,0.9834333599471717,1.5
7,0.58,0.2727175991953934,Influenza A (H1N1pdm),0.7724564931872518,0.9948891425371953,0.22764068914037738,0.017837791045180264,0.03504720581474203,0.01390343129975006,0.9821622089548198,1.5
7,0.59,0.2633475639127048,Influenza A (H1N1pdm),0.7724564931872518,0.9941248797043025,0.22787727993133544,0.01923269069135082,0.03773534017703965,0.015002191975511994,0.9807673093086492,1.5
7,0.6,0.2541893819836116,Influenza A (H1N1pdm),0.7724564931872518,0.9932542766184396,0.22813608412645703,0.020766279211142477,0.040682006922523044,0.016212644493088967,0.9792337207888575,1.5
7,0.61,0.24523485054479008,Influenza A (H1N1pdm),0.7724564931872518,0.9922644433169934,0.22841954188561886,0.022455562202280264,0.043917249698084374,0.017548989649429192,0.9775444377977197,1.5
7,0.62,0.2364762122091858,Influenza A (H1N1pdm),0.7724564931872518,0.9911413735482837,0.2287303745545678,0.024319919446695263,0.04747493288274524,0.0190275179833806,0.9756800805533047,1.5
7,0.63,0.22790612415074107,Influenza A (H1N1pdm),0.7724564931872518,0.9898699502202514,0.22907161455492875,0.026381461102889737,0.05139321883874135,0.02066694666255738,0.9736185388971103,1.5
7,0.64,0.21951762978648146,Influenza A (H1N1pdm),0.7724564931872518,0.9884339779071923,0.22944663733571347,0.028665438243748224,0.05571509078030222,0.02248881304446176,0.9713345617562518,1.5
7,0.65,0.2113041328009541,Influenza A (H1N1pdm),0.7724564931872518,0.9868162476333007,0.22985919518329812,0.031200715528422275,0.060488919409765286,0.024517934292587903,0.9687992844715777,1.5
7,0.66,0.20325937328653962,Influenza A (H1N1pdm),0.7724564931872518,0.9849986390805616,0.23031345256131197,0.034020314642130914,0.06576906837929254,0.026782943790264982,0.965979685357869,1.5
7,0.67,0.19537740579813864,Influenza A (H1N1pdm),0.7724564931872518,0.9829622649950076,0.23081402249671712,0.037162037958433765,0.07161652927529492,0.029316916561460425,0.9628379620415662,1.5
7,0.6799999999999999,0.1876525791426058,Influenza A (H1N1pdm),0.7724564931872518,0.9806876618282524,0.23136600334076085,0.040669182613197456,0.07809957082573639,0.032158097441147664,0.9593308173868026,1.5
7,0.69,0.18007951774253828,Influenza A (H1N1pdm),0.7724564931872518,0.9781550295027669,0.2319750150115799,0.04459135573723765,0.08529437897058041,0.03535074727293151,0.9554086442627624,1.5
7,0.7,0.1726531044309401,Influenza A (H1N1pdm),0.7724564931872518,0.9753445216039018,0.23264723356886619,0.04898540184461268,0.09328565383867764,0.03894612384339104,0.9510145981553874,1.5
7,0.71,0.16536846454820484,Influenza A (H1N1pdm),0.7724564931872518,0.9722365852866971,0.23338942268246743,0.0539164531303,0.10216711605325175,0.04300361542928092,0.9460835468697,1.5
7,0.72,0.15822095122604832,Influenza A (H1N1pdm),0.7724564931872518,0.9688123477911995,0.23420896024164428,0.05945911243532696,0.11204185770819663,0.047592045493953315,0.940540887564673,1.5
7,0.73,0.15120613175467926,Influenza A (H1N1pdm),0.7724564931872518,0.9650540437865528,0.2351138580199924,0.06569877653112205,0.12302245254812465,0.0527911668710096,0.9343012234688779,1.5
7,0.74,0.14431977493985465,Influenza A (H1N1pdm),0.7724564931872518,0.960945474965553,0.23611277197809155,0.07273310366710237,0.1352307154155327,0.058693362211305763,0.9272668963328976,1.5
7,0.75,0.1375578393656466,Influenza A (H1N1pdm),0.7724564931872518,0.9564724905929496,0.23721500047351263,0.08067362334930545,0.1487969735657976,0.06540556382994425,0.9193263766506945,1.5
7,0.76,0.13091646248692312,Influenza A (H1N1pdm),0.7724564931872518,0.9516234753198468,0.23843046738460427,0.08964747717235744,0.16385868361396383,0.07305139937397204,0.9103525228276426,1.5
7,0.77,0.12439195048283704,Influenza A (H1N1pdm),0.7724564931872518,0.9463898287857155,0.2397696869763022,0.09979926600287722,0.1805582006845306,0.08177355855533905,0.9002007339971227,1.5
7,0.78,0.11798076880910816,Influenza A (H1N1pdm),0.7724564931872518,0.9407664206139664,0.24124370728535793,0.11129295929422499,0.19903948570640695,0.09173635865521787,0.888707040705775,1.5
7,0.79,0.1116795333927045,Influenza A (H1N1pdm),0.7724564931872518,0.9347520046183347,0.24286402892576509,0.12431379465243171,0.21944353001123323,0.10312846000872965,0.8756862053475682,1.5
7,0.8,0.10548500241772604,Influenza A (H1N1pdm),0.7724564931872518,0.928349577578441,0.2446424965612195,0.13907005712760925,0.24190229332586577,0.11616564370164385,0.8609299428723908,1.5
7,0.81,0.09939406865595908,Influenza A (H1N1pdm),0.7724564931872518,0.9215666709500189,0.24659116090519173,0.15579457432316224,0.266531004045289,0.13109350750115217,0.8442054256768378,1.5
7,0.8200000000000001,0.09340375229975954,Influenza A (H1N1pdm),0.7724564931872518,0.9144155684137323,0.24872211002608324,0.17474569036696672,0.2934187724665177,0.14818985622318215,0.8252543096330333,1.5
7,0.8300000000000001,0.08751119425868216,Influenza A (H1N1pdm),0.7724564931872518,0.9069134482469304,0.2510472699728209,0.1962073826161529,0.32261762983969233,0.16776645078588875,0.8037926173838471,1.5
7,0.8400000000000001,0.08171364988466757,Influenza A (H1N1pdm),0.7724564931872518,0.8990824571269173,0.253578176287349,0.2204880512361045,0.3541303337158001,0.19016962477199226,0.7795119487638955,1.5
7,0.8500000000000001,0.07600848309365074,Influenza A (H1N1pdm),0.7724564931872518,0.8909497312181615,0.2563257197930997,0.24791733252231168,0.3878975655852526,0.21577906339031822,0.7520826674776884,1.5
7,0.86,0.07039316085420702,Influenza A (H1N1pdm),0.7724564931872518,0.8825473915456598,0.25929987206130334,0.27884004775930543,0.4237854629385609,0.24500374743989034,0.7211599522406946,1.5
7,0.87,0.06486524801635404,Influenza A (H1N1pdm),0.7724564931872518,0.8739125544236921,0.26250939803635487,0.31360608206391805,0.46157472201008964,0.2782736681178156,0.686393917936082,1.5
7,0.88,0.05942240245587049,Influenza A (H1N1pdm),0.7724564931872518,0.8650874155795284,0.2659615652849321,0.3525545681801744,0.500952700885078,0.3160253830150929,0.6474454318198256,1.5
7,0.89,0.05406237051153854,Influenza A (H1N1pdm),0.7724564931872518,0.8561194914406749,0.269661861029425,0.39599019783170086,0.5415099486693947,0.3586787646177236,0.6040098021682991,1.5
7,0.9,0.04878298269457545,Influenza A (H1N1pdm),0.7724564931872518,0.8470621381448289,0.27361372933094485,0.44414875846311425,0.5827422894067641,0.40660133168126605,0.5558512415368857,1.5
7,0.91,0.043582149651184406,Influenza A (H1N1pdm),0.7724564931872518,0.837975527995822,0.2778183413083448,0.4971480453072984,0.6240589322047596,0.4600552750759889,0.5028519546927016,1.5
7,0.9199999999999999,0.03845785836070476,Influenza A (H1N1pdm),0.7724564931872518,0.8289283627975637,0.28227441096363026,0.5549190628024238,0.6647960486171903,0.5191205947263159,0.44508093719757624,1.5
7,0.9299999999999999,0.03340816855320812,Influenza A (H1N1pdm),0.7724564931872518,0.8200007796415761,0.28697806794285396,0.6171108225708769,0.7042339020217097,0.583585525915097,0.3828891774291231,1.5
7,0.94,0.02843120933167598,Influenza A (H1N1pdm),0.7724564931872518,0.8112892300456644,0.2919227963949167,0.6829599618385397,0.7416140020036808,0.6527924875130863,0.3170400381614603,1.5
7,0.95,0.02352517598503214,Influenza A (H1N1pdm),0.7724564931872518,0.8029147429997091,0.29709944609869854,0.7511137119903081,0.7761508756030208,0.7254239207379674,0.24888628800969193,1.5
7,0.96,0.01868832697936449,Influenza A (H1N1pdm),0.7724564931872518,0.7950372678729063,0.30249631841040925,0.8193912714372882,0.807030576950474,0.7992073342866515,0.18060872856271182,1.5
7,0.97,0.013918981115637946,Influenza A (H1N1pdm),0.7724564931872518,0.7878815884432976,0.308099325619009,0.8844641641575315,0.8333839213498342,0.8705122838407955,0.11553583584246852,1.5
7,0.98,0.00921551484306602,Influenza A (H1N1pdm),0.7724564931872518,0.7817868643772119,0.31389221832069014,0.941430422148866,0.8542137355699498,0.9338034488613054,0.058569577851134036,1.5
7,0.99,0.0045763597181357665,Influenza A (H1N1pdm),0.7724564931872518,0.7773088256276988,0.3198568717779764,0.983250072102864,0.8682344678497597,0.9809028639659221,0.01674992789713603,1.5
8,0.5,0.35646600747361207,Influenza A (H1N1pdm),0.7724564931872518,0.9993846373645037,0.1497662105274038,0.009302708910206688,0.018433827697095874,0.007925350893119042,0.9906972910897933,1.5
8,0.51,0.3450395597999063,Influenza A (H1N1pdm),0.7724564931872518,0.9992758315859008,0.14984714213919736,0.009940402287946083,0.019684986089566557,0.008469549565660367,0.9900595977120539,1.5
8,0.52,0.33391146006475225,Influenza A (H1N1pdm),0.7724564931872518,0.9991484741368203,0.14993480540116066,0.010631826045632384,0.02103977027252823,0.009059820011288714,0.9893681739543676,1.5
8,0.53,0.32306840169897666,Influenza A (H1N1pdm),0.7724564931872518,0.9989995743849724,0.15002990289510332,0.011382801093005736,0.022509128668920204,0.009701202739459232,0.9886171989069943,1.5
8,0.54,0.3124979085036153,Influenza A (H1N1pdm),0.7724564931872518,0.9988257057648325,0.1501332209832662,0.012199898021860393,0.024105367275178553,0.010399398647869115,0.9878001019781396,1.5
8,0.55,0.302188268590168,Influenza A (H1N1pdm),0.7724564931872518,0.9986229545575847,0.1502456403830732,0.013090545948035588,0.02584233513710337,0.011160867487745807,0.9869094540519644,1.5
8,0.56,0.2921284746685616,Influenza A (H1N1pdm),0.7724564931872518,0.9983868659229149,0.1503681480312331,0.014063158410573338,0.027735635958432335,0.011992942368511627,0.9859368415894266,1.5
8,0.5700000000000001,0.28230816997161057,Influenza A (H1N1pdm),0.7724564931872518,0.998112387975535,0.15050185036301145,0.015127279101881436,0.029802869268831484,0.012903963056278837,0.9848727208981186,1.5
8,0.58,0.2727175991953934,Influenza A (H1N1pdm),0.7724564931872518,0.99779381501453,0.15064798813393965,0.01629375064877285,0.032063904876105054,0.01390343129975006,0.9837062493512272,1.5
8,0.59,0.2633475639127048,Influenza A (H1N1pdm),0.7724564931872518,0.9974247313792252,0.15080795290858517,0.017574910175195003,0.03454119458340325,0.015002191975511994,0.982425089824805,1.5
8,0.6,0.2541893819836116,Influenza A (H1N1pdm),0.7724564931872518,0.9969979578169189,0.1509833053329408,0.01898481595958435,0.03726012532846233,0.016212644493088967,0.9810151840404157,1.5
8,0.61,0.24523485054479008,Influenza A (H1N1pdm),0.7724564931872518,0.9965055026963258,0.15117579529165948,0.020539510158555242,0.04024941794509907,0.017548989649429192,0.9794604898414447,1.5
8,0.62,0.2364762122091858,Influenza A (H1N1pdm),0.7724564931872518,0.9959385208700525,0.15138738402669472,0.022257323307896763,0.04354157558301554,0.0190275179833806,0.9777426766921032,1.5
8,0.63,0.22790612415074107,Influenza A (H1N1pdm),0.7724564931872518,0.995287283456865,0.15162026825746067,0.024159227132656894,0.047173385348829325,0.02066694666255738,0.975840772867343,1.5
8,0.64,0.21951762978648146,Influenza A (H1N1pdm),0.7724564931872518,0.994541162248223,0.1518769062915768,0.02626924309699472,0.05118647581228563,0.02248881304446176,0.9737307569030053,1.5
8,0.65,0.2113041328009541,Influenza A (H1N1pdm),0.7724564931872518,0.9936886328036418,0.15216004604656408,0.028614915091177928,0.05562793147553543,0.024517934292587903,0.971385084908822,1.5
8,0.66,0.20325937328653962,Influenza A (H1N1pdm),0.7724564931872518,0.9927173005379706,0.15247275481323053,0.03122785566713596,0.060550962894069076,0.026782943790264982,0.9687721443328641,1.5
8,0.67,0.19537740579813864,Influenza A (H1N1pdm),0.7724564931872518,0.9916139541672545,0.15281845047759834,0.034144376260168995,0.06601562756368234,0.029316916561460425,0.965855623739831,1.5
8,0.6799999999999999,0.1876525791426058,Influenza A (H1N1pdm),0.7724564931872518,0.9903646507123318,0.1532009337770589,0.037406212816682216,0.07208959157192302,0.032158097441147664,0.9625937871833178,1.5
8,0.69,0.18007951774253828,Influenza A (H1N1pdm),0.7724564931872518,0.9889548358079676,0.1536244209954749,0.04106135910064814,0.07884891489698617,0.03535074727293151,0.9589386408993519,1.5
8,0.7,0.1726531044309401,Influenza A (H1N1pdm),0.7724564931872518,0.987369502286652,0.15409357629974718,0.045165020548655045,0.08637883358599323,0.03894612384339104,0.954834979451345,1.5
8,0.71,0.16536846454820484,Influenza A (H1N1pdm),0.7724564931872518,0.9855933888746886,0.15461354268726346,0.049780701702457276,0.0947744992616833,0.04300361542928092,0.9502192982975427,1.5
8,0.72,0.15822095122604832,Influenza A (H1N1pdm),0.7724564931872518,0.9836112193547939,0.155189970252247,0.05498143970989743,0.10414161987941757,0.047592045493953315,0.9450185602901026,1.5
8,0.73,0.15120613175467926,Influenza A (H1N1pdm),0.7724564931872518,0.981407980749512,0.15582904019543897,0.060851194787069324,0.11459692484151583,0.0527911668710096,0.9391488052129306,1.5
8,0.74,0.14431977493985465,Influenza A (H1N1pdm),0.7724564931872518,0.9789692370397327,0.15653748270595336,0.06748640537369692,0.12626835214318743,0.058693362211305763,0.9325135946263031,1.5
8,0.75,0.1375578393656466,Influenza A (H1N1pdm),0.7724564931872518,0.9762814727726308,0.1573225865519473,0.07499771029936717,0.13929482528453493,0.06540556382994425,0.9250022897006328,1.5
8,0.76,0.13091646248692312,Influenza A (H1N1pdm),0.7724564931872518,0.9733324587956339,0.1581921979492491,0.0835118316692831,0.1538254541195134,0.07305139937397204,0.9164881683307169,1.5
8,0.77,0.12439195048283704,Influenza A (H1N1pdm),0.7724564931872518,0.9701116304742807,0.15915470606182314,0.09317359910060986,0.17001795873114445,0.08177355855533905,0.9068264008993902,1.5
8,0.78,0.11798076880910816,Influenza A (H1N1pdm),0.7724564931872518,0.9666104673304777,0.16021901235867264,0.10414807667976954,0.18803608270818345,0.09173635865521787,0.8958519233202304,1.5
8,0.79,0.1116795333927045,Influenza A (H1N1pdm),0.7724564931872518,0.9628228622962919,0.16139448104724874,0.1166227262716602,0.20804573812125643,0.10312846000872965,0.8833772737283399,1.5
8,0.8,0.10548500241772604,Influenza A (H1N1pdm),0.7724564931872518,0.9587454689249625,0.1626908679655047,0.1308095015351247,0.23020961821903388,0.11616564370164385,0.8691904984648753,1.5
8,0.81,0.09939406865595908,Influenza A (H1N1pdm),0.7724564931872518,0.9543780161115222,0.16411822568461387,0.14694671212641552,0.2546800375901855,0.13109350750115217,0.8530532878735845,1.5
8,0.8200000000000001,0.09340375229975954,Influenza A (H1N1pdm),0.7724564931872518,0.9497235822859247,0.16568678318811703,0.16530042174001575,0.28158982788078096,0.14818985622318215,0.8346995782599842,1.5
8,0.8300000000000001,0.08751119425868216,Influenza A (H1N1pdm),0.7724564931872518,0.9447888247507167,0.1674067993751599,0.1861650397803109,0.311041245199945,0.16776645078588875,0.813834960219689,1.5
8,0.8400000000000001,0.08171364988466757,Influenza A (H1N1pdm),0.7724564931872518,0.9395841649305414,0.16928839079147828,0.20986262530797706,0.34309304480150793,0.19016962477199226,0.7901373746920229,1.5
8,0.8500000000000001,0.07600848309365074,Influenza A (H1N1pdm),0.7724564931872518,0.9341239369119597,0.17134133540195506,0.23674023133420435,0.3777461518027449,0.21577906339031822,0.7632597686657956,1.5
8,0.86,0.07039316085420702,Influenza A (H1N1pdm),0.7724564931872518,0.9284265150484762,0.1735748558314394,0.26716436172658914,0.4149286886029552,0.24500374743989034,0.7328356382734109,1.5
8,0.87,0.06486524801635404,Influenza A (H1N1pdm),0.7724564931872518,0.9225144471559958,0.1759973872292514,0.30151127137200734,0.4544814698102037,0.2782736681178156,0.6984887286279926,1.5
8,0.88,0.05942240245587049,Influenza A (H1N1pdm),0.7724564931872518,0.9164146340653351,0.1786163366360577,0.34015138613487794,0.49614537245236556,0.3160253830150929,0.6598486138651221,1.5
8,0.89,0.05406237051153854,Influenza A (H1N1pdm),0.7724564931872518,0.9101586161986576,0.1814378422992372,0.3834255180433355,0.539552132219166,0.3586787646177236,0.6165744819566645,1.5
8,0.9,0.04878298269457545,Influenza A (H1N1pdm),0.7724564931872518,0.9037830574346751,0.1844665426274552,0.4316097585034827,0.5842199875620478,0.40660133168126605,0.5683902414965173,1.5
8,0.91,0.043582149651184406,Influenza A (H1N1pdm),0.7724564931872518,0.8973305633372192,0.1877053652303482,0.48486489087201573,0.6295550811481148,0.4600552750759889,0.5151351091279843,1.5
8,0.9199999999999999,0.03845785836070476,Influenza A (H1N1pdm),0.7724564931872518,0.8908510490542324,0.19115534661089795,0.5431647998196637,0.6748585548878835,0.5191205947263159,0.4568352001803363,1.5
8,0.9299999999999999,0.03340816855320812,Influenza A (H1N1pdm),0.7724564931872518,0.8844040095464752,0.19481549246728802,0.6061965743175092,0.7193378114880217,0.583585525915097,0.3938034256824908,1.5
8,0.94,0.02843120933167598,Influenza A (H1N1pdm),0.7724564931872518,0.878062297509536,0.19868268718429094,0.6732226832713758,0.7621184544843916,0.6527924875130863,0.3267773167286242,1.5
8,0.95,0.02352517598503214,Influenza A (H1N1pdm),0.7724564931872518,0.8719185024446846,0.20275165899706427,0.7428925941254868,0.8022508633027514,0.7254239207379674,0.2571074058745132,1.5
8,0.96,0.01868832697936449,Influenza A (H1N1pdm),0.7724564931872518,0.8660960197556329,0.20701500462034916,0.8129873095540816,0.8387017614022796,0.7992073342866515,0.1870126904459184,1.5
8,0.97,0.013918981115637946,Influenza A (H1N1pdm),0.7724564931872518,0.8607690625820692,0.2114632740545852,0.8800752672411783,0.870315110670198,0.8705122838407955,0.11992473275882165,1.5
8,0.98,0.00921551484306602,Influenza A (H1N1pdm),0.7724564931872518,0.8562009503728543,0.21608511306090827,0.9390515678639133,0.8957144877244098,0.9338034488613054,0.060948432136086694,1.5
8,0.99,0.0045763597181357665,Influenza A (H1N1pdm),0.7724564931872518,0.8528231416792196,0.22086745771549943,0.982524168496495,0.9130907741627629,0.9809028639659221,0.017475831503504957,1.5
9,0.5,0.35646600747361207,Influenza A (H1N1pdm),0.7724564931872518,0.9997710742271378,0.09453673647418948,0.008743592078858931,0.017335574260518235,0.007925350893119042,0.9912564079211411,1.5
9,0.51,0.3450395597999063,Influenza A (H1N1pdm),0.7724564931872518,0.9997262421519957,0.09458811409742718,0.009343556736466734,0.01851407875802328,0.008469549565660367,0.9906564432635333,1.5
9,0.52,0.33391146006475225,Influenza A (H1N1pdm),0.7724564931872518,0.9996729421754271,0.09464380675174944,0.00999420671815947,0.019790557800360577,0.009059820011288714,0.9900057932818406,1.5
9,0.53,0.32306840169897666,Influenza A (H1N1pdm),0.7724564931872518,0.9996096574113751,0.09470427253801317,0.010701061129046325,0.021175434156727124,0.009701202739459232,0.9892989388709537,1.5
9,0.54,0.3124979085036153,Influenza A (H1N1pdm),0.7724564931872518,0.9995346222792961,0.09477002561016878,0.011470355801154193,0.022680437785546622,0.010399398647869115,0.9885296441988458,1.5
9,0.55,0.302188268590168,Influenza A (H1N1pdm),0.7724564931872518,0.9994457881673456,0.09484164351316504,0.012309148606425737,0.024318787649995833,0.011160867487745807,0.9876908513935743,1.5
9,0.56,0.2921284746685616,Influenza A (H1N1pdm),0.7724564931872518,0.9993407861385823,0.09491977546535879,0.01322544154420908,0.026105399900736556,0.011992942368511627,0.9867745584557909,1.5
9,0.5700000000000001,0.28230816997161057,Influenza A (H1N1pdm),0.7724564931872518,0.9992168869401131,0.0950051516879632,0.014228322390401634,0.02805712607731273,0.012903963056278837,0.9857716776095984,1.5
9,0.58,0.2727175991953934,Influenza A (H1N1pdm),0.7724564931872518,0.999070958763125,0.0950985938882356,0.015328129157008258,0.030193025359153237,0.01390343129975006,0.9846718708429918,1.5
9,0.59,0.2633475639127048,Influenza A (H1N1pdm),0.7724564931872518,0.9988994234314881,0.09520102700484745,0.01653664114291487,0.03253467525811074,0.015002191975511994,0.9834633588570851,1.5
9,0.6,0.2541893819836116,Influenza A (H1N1pdm),0.7724564931872518,0.9986982119688977,0.09531349232228159,0.017867300966942296,0.035106525455229846,0.016212644493088967,0.9821326990330577,1.5
9,0.61,0.24523485054479008,Influenza A (H1N1pdm),0.7724564931872518,0.9984627208075717,0.09543716205485475,0.019335472670042042,0.037936299698600816,0.017548989649429192,0.9806645273299579,1.5
9,0.62,0.2364762122091858,Influenza A (H1N1pdm),0.7724564931872518,0.9981877702492906,0.09557335548853796,0.020958741760898295,0.04105545073058662,0.0190275179833806,0.9790412582391017,1.5
9,0.63,0.22790612415074107,Influenza A (H1N1pdm),0.7724564931872518,0.9978675671614172,0.0957235567483512,0.022757263961926857,0.044499673009021204,0.02066694666255738,0.9772427360380731,1.5
9,0.64,0.21951762978648146,Influenza A (H1N1pdm),0.7724564931872518,0.9974956742694852,0.09588943422856899,0.024754170390427935,0.048309477401380974,0.02248881304446176,0.9752458296095721,1.5
9,0.65,0.2113041328009541,Influenza A (H1N1pdm),0.7724564931872518,0.9970649887705832,0.09607286167991758,0.02697603797583424,0.05253083089240416,0.024517934292587903,0.9730239620241657,1.5
9,0.66,0.20325937328653962,Influenza A (H1N1pdm),0.7724564931872518,0.9965677333075655,0.09627594088972691,0.02945343505235437,0.05721586242741111,0.026782943790264982,0.9705465649476457,1.5
9,0.67,0.19537740579813864,Influenza A (H1N1pdm),0.7724564931872518,0.9959954625764416,0.09650102581481401,0.03222155324637195,0.062423633020447886,0.029316916561460425,0.967778446753628,1.5
9,0.6799999999999999,0.1876525791426058,Influenza A (H1N1pdm),0.7724564931872518,0.9953390889462648,0.09675074793002625,0.035320937948745565,0.06822096381198492,0.032158097441147664,0.9646790620512544,1.5
9,0.69,0.18007951774253828,Influenza A (H1N1pdm),0.7724564931872518,0.9945889304089865,0.09702804243535057,0.038798330743432946,0.07468330939696666,0.03535074727293151,0.961201669256567,1.5
9,0.7,0.1726531044309401,Influenza A (H1N1pdm),0.7724564931872518,0.9937347839042515,0.09733617481940726,0.042707638034484165,0.08189565489585442,0.03894612384339104,0.9572923619655158,1.5
9,0.71,0.16536846454820484,Influenza A (H1N1pdm),0.7724564931872518,0.9927660265468295,0.09767876710625711,0.0471110405953069,0.08995340325530303,0.04300361542928092,0.9528889594046931,1.5
9,0.72,0.15822095122604832,Influenza A (H1N1pdm),0.7724564931872518,0.9916717465019819,0.09805982291642379,0.052080258600785086,0.09896320342844343,0.047592045493953315,0.9479197413992149,1.5
9,0.73,0.15120613175467926,Influenza A (H1N1pdm),0.7724564931872518,0.9904409042066455,0.09848375025505363,0.05769798553096326,0.1090436496913024,0.0527911668710096,0.9423020144690367,1.5
9,0.74,0.14431977493985465,Influenza A (H1N1pdm),0.7724564931872518,0.9890625233489093,0.09895538070620613,0.06405950164597751,0.12032575682338764,0.058693362211305763,0.9359404983540225,1.5
9,0.75,0.1375578393656466,Influenza A (H1N1pdm),0.7724564931872518,0.9875259095532501,0.09947998347228204,0.07127447282138517,0.13295308496774294,0.06540556382994425,0.9287255271786148,1.5
9,0.76,0.13091646248692312,Influenza A (H1N1pdm),0.7724564931872518,0.9858208931662369,0.10006327246591407,0.07946893243377125,0.1470813520756245,0.07305139937397204,0.9205310675662287,1.5
9,0.77,0.12439195048283704,Influenza A (H1N1pdm),0.7724564931872518,0.9839380910202974,0.10071140445755755,0.08878743138029593,0.16287733239239596,0.08177355855533905,0.9112125686197041,1.5
9,0.78,0.11798076880910816,Influenza A (H1N1pdm),0.7724564931872518,0.9818691807210731,0.10143096612997993,0.09939532241775605,0.1805167995555636,0.09173635865521787,0.9006046775822439,1.5
9,0.79,0.1116795333927045,Influenza A (H1N1pdm),0.7724564931872518,0.9796071800222399,0.10222894781985159,0.11148111741338275,0.20018123796529064,0.10312846000872965,0.8885188825866173,1.5
9,0.8,0.10548500241772604,Influenza A (H1N1pdm),0.7724564931872518,0.9771467233899997,0.10311270176915655,0.12525881659196117,0.22205302453495762,0.11616564370164385,0.8747411834080389,1.5
9,0.81,0.09939406865595908,Influenza A (H1N1pdm),0.7724564931872518,0.9744843280787232,0.10408988289856769,0.1409700531497208,0.24630878650821972,0.13109350750115217,0.8590299468502792,1.5
9,0.8200000000000001,0.09340375229975954,Influenza A (H1N1pdm),0.7724564931872518,0.971618643083359,0.10516837048256034,0.15888581898657173,0.2731106847048811,0.14818985622318215,0.8411141810134283,1.5
9,0.8300000000000001,0.08751119425868216,Influenza A (H1N1pdm),0.7724564931872518,0.9685506763283864,0.10635616967616868,0.17930743024887832,0.30259547211128407,0.16776645078588875,0.8206925697511217,1.5
9,0.8400000000000001,0.08171364988466757,Influenza A (H1N1pdm),0.7724564931872518,0.9652839985164949,0.10766129262831081,0.20256624494574643,0.334861350554702,0.19016962477199226,0.7974337550542536,1.5
9,0.8500000000000001,0.07600848309365074,Influenza A (H1N1pdm),0.7724564931872518,0.9618249263382597,0.10909161991094962,0.22902144606437042,0.3699529017270545,0.21577906339031822,0.7709785539356295,1.5
9,0.86,0.07039316085420702,Influenza A (H1N1pdm),0.7724564931872518,0.9581826934724009,0.1106547441686323,0.2590549352981604,0.4078446965396887,0.24500374743989034,0.7409450647018396,1.5
9,0.87,0.06486524801635404,Influenza A (H1N1pdm),0.7724564931872518,0.9543696254207364,0.11235779919402356,0.29306202244551965,0.44842455787422997,0.2782736681178156,0.7069379775544804,1.5
9,0.88,0.05942240245587049,Influenza A (H1N1pdm),0.7724564931872518,0.9504013445501137,0.1142072789794174,0.33143611476203905,0.49147780292103266,0.3160253830150929,0.668563885237961,1.5
9,0.89,0.05406237051153854,Influenza A (H1N1pdm),0.7724564931872518,0.9462970463069389,0.11620885257455293,0.3745449714595275,0.5366740237422297,0.3586787646177236,0.6254550285404725,1.5
9,0.9,0.04878298269457545,Influenza A (H1N1pdm),0.7724564931872518,0.9420799093118082,0.11836718167317006,0.42269524249343965,0.5835579511951388,0.40660133168126605,0.5773047575065604,1.5
9,0.91,0.043582149651184406,Influenza A (H1N1pdm),0.7724564931872518,0.9377777363076556,0.12068574862502413,0.47608089497720496,0.6315455507532913,0.4600552750759889,0.523919105022795,1.5
9,0.9199999999999999,0.03845785836070476,Influenza A (H1N1pdm),0.7724564931872518,0.9334239799195946,0.12316670290768494,0.5347096641699325,0.6799255978368307,0.5191205947263159,0.4652903358300675,1.5
9,0.9299999999999999,0.03340816855320812,Influenza A (H1N1pdm),0.7724564931872518,0.9290594068019321,0.1258107339023815,0.5982997451812824,0.7278654868124665,0.583585525915097,0.40170025481871763,1.5
9,0.94,0.02843120933167598,Influenza A (H1N1pdm),0.7724564931872518,0.9247348364820345,0.12861697705383168,0.6661364332945012,0.7744178644999273,0.6527924875130863,0.33386356670549877,1.5
9,0.95,0.02352517598503214,Influenza A (H1N1pdm),0.7724564931872518,0.920515743541514,0.1315829591655111,0.7368751550651605,0.8185216678000443,0.7254239207379674,0.26312484493483945,1.5
9,0.96,0.01868832697936449,Influenza A (H1N1pdm),0.7724564931872518,0.9164902296818872,0.1347045867611686,0.8082730921908506,0.8589867172074988,0.7992073342866515,0.19172690780914936,1.5
9,0.97,0.013918981115637946,Influenza A (H1N1pdm),0.7724564931872518,0.9127834321756434,0.13797617926102468,0.8768261094858066,0.8944435386666908,0.8705122838407955,0.12317389051419336,1.5
9,0.98,0.00921551484306602,Influenza A (H1N1pdm),0.7724564931872518,0.9095850978563081,0.14139054635296777,0.9372806065041154,0.9232251919271003,0.9338034488613054,0.06271939349588462,1.5
9,0.99,0.0045763597181357665,Influenza A (H1N1pdm),0.7724564931872518,0.9072065181059128,0.14493910658646358,0.9819807750549723,0.9431138596047084,0.9809028639659221,0.018019224945027723,1.5
10,0.5,0.35646600747361207,Influenza A (H1N1pdm),0.7724564931872518,0.9999164328359014,0.05703718727875262,0.008400009960418325,0.016660063525522,0.007925350893119042,0.9915999900395817,1.5
10,0.51,0.3450395597999063,Influenza A (H1N1pdm),0.7724564931872518,0.9998985012831,0.05706829294199656,0.008976640383098882,0.017793538357569465,0.008469549565660367,0.9910233596169011,1.5
10,0.52,0.33391146006475225,Influenza A (H1N1pdm),0.7724564931872518,0.999876858845694,0.05710202831684641,0.009602043799234825,0.019021420591004996,0.009059820011288714,0.9903979562007652,1.5
10,0.53,0.32306840169897666,Influenza A (H1N1pdm),0.7724564931872518,0.9998507756856169,0.057138676080301765,0.010281544612592626,0.02035378959681671,0.009701202739459232,0.9897184553874073,1.5
10,0.54,0.3124979085036153,Influenza A (H1N1pdm),0.7724564931872518,0.9998193895176755,0.05717855419347129,0.011021161771864142,0.021801996804468274,0.010399398647869115,0.9889788382281358,1.5
10,0.55,0.302188268590168,Influenza A (H1N1pdm),0.7724564931872518,0.9997816848136116,0.0572220206577867,0.011827711536924749,0.02337884446415017,0.011160867487745807,0.9881722884630753,1.5
10,0.56,0.2921284746685616,Influenza A (H1N1pdm),0.7724564931872518,0.9997364696778877,0.05726947891079659,0.012708926778703316,0.02509879078042778,0.011992942368511627,0.9872910732212967,1.5
10,0.5700000000000001,0.28230816997161057,Influenza A (H1N1pdm),0.7724564931872518,0.9996823504102514,0.05732138393679442,0.013673595598261297,0.026978185187683877,0.012903963056278837,0.9863264044017387,1.5
10,0.58,0.2727175991953934,Influenza A (H1N1pdm),0.7724564931872518,0.9996177038691262,0.057378249172183815,0.014731722521173782,0.029035537966551856,0.01390343129975006,0.9852682774788262,1.5
10,0.59,0.2633475639127048,Influenza A (H1N1pdm),0.7724564931872518,0.9995406478777972,0.05744065428882872,0.015894716067903332,0.031291828826232,0.015002191975511994,0.9841052839320966,1.5
10,0.6,0.2541893819836116,Influenza A (H1N1pdm),0.7724564931872518,0.9994490100747818,0.057509253940127514,0.017175607128420124,0.03377085947251208,0.016212644493088967,0.9828243928715799,1.5
10,0.61,0.24523485054479008,Influenza A (H1N1pdm),0.7724564931872518,0.9993402958021169,0.05758478755330765,0.01858930328850367,0.036499655504043785,0.017548989649429192,0.9814106967114963,1.5
10,0.62,0.2364762122091858,Influenza A (H1N1pdm),0.7724564931872518,0.9992116558495663,0.05766809024644237,0.02015288507368447,0.03950892316969148,0.0190275179833806,0.9798471149263155,1.5
10,0.63,0.22790612415074107,Influenza A (H1N1pdm),0.7724564931872518,0.9990598551254419,0.057760104938724965,0.02188595100037663,0.04283356649201843,0.02066694666255738,0.9781140489996234,1.5
10,0.64,0.21951762978648146,Influenza A (H1N1pdm),0.7724564931872518,0.9988812435982214,0.0578618957060808,0.023811019354542863,0.04651326989711594,0.02248881304446176,0.9761889806454571,1.5
10,0.65,0.2113041328009541,Influenza A (H1N1pdm),0.7724564931872518,0.9986717311355967,0.057974662409562616,0.025953995752466614,0.05059315062627423,0.024517934292587903,0.9740460042475334,1.5
10,0.66,0.20325937328653962,Influenza A (H1N1pdm),0.7724564931872518,0.998426768141902,0.05809975658924338,0.02834471676297586,0.055124483621937274,0.026782943790264982,0.9716552832370241,1.5
10,0.67,0.19537740579813864,Influenza A (H1N1pdm),0.7724564931872518,0.9981413341390508,0.05823869856935526,0.031017581159122506,0.06016549899091714,0.029316916561460425,0.9689824188408775,1.5
10,0.6799999999999999,0.1876525791426058,Influenza A (H1N1pdm),0.7724564931872518,0.9978099366229816,0.05839319565913614,0.034012281673148875,0.0657822481797879,0.032158097441147664,0.9659877183268512,1.5
10,0.69,0.18007951774253828,Influenza A (H1N1pdm),0.7724564931872518,0.9974266226269974,0.0585651612561231,0.03737465137592478,0.0720495291807011,0.03535074727293151,0.9626253486240752,1.5
10,0.7,0.1726531044309401,Influenza A (H1N1pdm),0.7724564931872518,0.9969850054033068,0.05875673456267139,0.04115763987444506,0.07905185284365727,0.03894612384339104,0.9588423601255549,1.5
10,0.71,0.16536846454820484,Influenza A (H1N1pdm),0.7724564931872518,0.9964783084646162,0.05897030051119445,0.04542243524472885,0.08688442102050685,0.04300361542928092,0.9545775647552711,1.5
10,0.72,0.15822095122604832,Influenza A (H1N1pdm),0.7724564931872518,0.995899428884759,0.05920850935866939,0.05023974773962882,0.09565407203782623,0.047592045493953315,0.9497602522603712,1.5
10,0.73,0.15120613175467926,Influenza A (H1N1pdm),0.7724564931872518,0.9952410212275534,0.05947429525768233,0.05569127046987329,0.10548012908876207,0.0527911668710096,0.9443087295301267,1.5
10,0.74,0.14431977493985465,Influenza A (H1N1pdm),0.7724564931872518,0.9944956027584352,0.059770892942843656,0.06187132994179621,0.11649506181843616,0.058693362211305763,0.9381286700582038,1.5
10,0.75,0.1375578393656466,Influenza A (H1N1pdm),0.7724564931872518,0.993655679715804,0.06010185149356484,0.06888873483515218,0.12884484017792974,0.06540556382994425,0.9311112651648479,1.5
10,0.76,0.13091646248692312,Influenza A (H1N1pdm),0.7724564931872518,0.9927138934232184,0.060471043955869885,0.07686882373624465,0.14268882260313065,0.07305139937397204,0.9231311762637553,1.5
10,0.77,0.12439195048283704,Influenza A (H1N1pdm),0.7724564931872518,0.9916631839781204,0.06088267143954729,0.08595570035863076,0.15819897876264796,0.08177355855533905,0.9140442996413692,1.5
10,0.78,0.11798076880910816,Influenza A (H1N1pdm),0.7724564931872518,0.9904969682484546,0.06134126016885144,0.0963146262535575,0.17555820306802053,0.09173635865521787,0.9036853737464425,1.5
10,0.79,0.1116795333927045,Influenza A (H1N1pdm),0.7724564931872518,0.9892093280536863,0.06185164987503933,0.10813451365697196,0.19495743362859289,0.10312846000872965,0.891865486343028,1.5
10,0.8,0.10548500241772604,Influenza A (H1N1pdm),0.7724564931872518,0.9877952038207952,0.06241897190029855,0.1216304216068316,0.21659126010473995,0.11616564370164385,0.8783695783931684,1.5
10,0.81,0.09939406865595908,Influenza A (H1N1pdm),0.7724564931872518,0.9862505888112967,0.06304861545959728,0.13704590233313968,0.24065169425131777,0.13109350750115217,0.8629540976668604,1.5
10,0.8200000000000001,0.09340375229975954,Influenza A (H1N1pdm),0.7724564931872518,0.9845727193316425,0.06374618070382898,0.15465496623127303,0.2673198037409503,0.14818985622318215,0.8453450337687269,1.5
10,0.8300000000000001,0.08751119425868216,Influenza A (H1N1pdm),0.7724564931872518,0.9827602572796869,0.06451741756477491,0.1747633245921907,0.29675499061804034,0.16776645078588875,0.8252366754078093,1.5
10,0.8400000000000001,0.08171364988466757,Influenza A (H1N1pdm),0.7724564931872518,0.9808134630573309,0.0653681498532882,0.19770841925984375,0.32908184782885486,0.19016962477199226,0.8022915807401563,1.5
10,0.8500000000000001,0.07600848309365074,Influenza A (H1N1pdm),0.7724564931872518,0.978734359424813,0.06630418472859612,0.22385754379217576,0.36437476277655356,0.21577906339031822,0.7761424562078243,1.5
10,0.86,0.07039316085420702,Influenza A (H1N1pdm),0.7724564931872518,0.9765268904736336,0.06733120844548346,0.25360308350356453,0.40264075469614,0.24500374743989034,0.7463969164964355,1.5
10,0.87,0.06486524801635404,Influenza A (H1N1pdm),0.7724564931872518,0.9741970848693546,0.06845467018548224,0.28735352839512485,0.4438014087521446,0.2782736681178156,0.7126464716048752,1.5
10,0.88,0.05942240245587049,Influenza A (H1N1pdm),0.7724564931872518,0.9717532394342637,0.06967965673650078,0.32551841269323717,0.4876751473161201,0.3160253830150929,0.6744815873067629,1.5
10,0.89,0.05406237051153854,Influenza A (H1N1pdm),0.7724564931872518,0.9692061490534284,0.0710107617319512,0.3684846675338304,0.5339613626365958,0.3586787646177236,0.6315153324661695,1.5
10,0.9,0.04878298269457545,Influenza A (H1N1pdm),0.7724564931872518,0.9665694237361082,0.07245195401053173,0.41658098739533544,0.5822279944185524,0.40660133168126605,0.5834190126046646,1.5
10,0.91,0.043582149651184406,Influenza A (H1N1pdm),0.7724564931872518,0.9638599570633011,0.07400645031921149,0.470025639123785,0.6319038193133392,0.4600552750759889,0.5299743608762151,1.5
10,0.9199999999999999,0.03845785836070476,Influenza A (H1N1pdm),0.7724564931872518,0.9610986490677625,0.07567659796617521,0.5288515982761283,0.6822758780927263,0.5191205947263159,0.47114840172387173,1.5
10,0.9299999999999999,0.03340816855320812,Influenza A (H1N1pdm),0.7724564931872518,0.958311554257145,0.07746377306449326,0.5928008696747948,0.7324909710193471,0.583585525915097,0.40719913032520516,1.5
10,0.94,0.02843120933167598,Influenza A (H1N1pdm),0.7724564931872518,0.9555317493389418,0.07936829964576664,0.6611771945603621,0.7815578725228188,0.6527924875130863,0.33882280543963794,1.5
10,0.95,0.02352517598503214,Influenza A (H1N1pdm),0.7724564931872518,0.9528024536626287,0.08138939415809687,0.7326428824631672,0.8283436087864501,0.7254239207379674,0.2673571175368328,1.5
10,0.96,0.01868832697936449,Influenza A (H1N1pdm),0.7724564931872518,0.9501824208974492,0.08352513872936507,0.8049409979454918,0.8715521403180577,0.7992073342866515,0.1950590020545082,1.5
10,0.97,0.013918981115637946,Influenza A (H1N1pdm),0.7724564931872518,0.9477556750349505,0.08577248515225244,0.8745182824425092,0.9096652692705323,0.8705122838407955,0.12548171755749082,1.5
10,0.98,0.00921551484306602,Influenza A (H1N1pdm),0.7724564931872518,0.9456501394794645,0.0881272899441603,0.9360166201508002,0.940808719578621,0.9338034488613054,0.06398337984919977,1.5
10,0.99,0.0045763597181357665,Influenza A (H1N1pdm),0.7724564931872518,0.9440761061487778,0.09058437918824536,0.9815910826829062,0.9624681695198583,0.9809028639659221,0.01840891731709382,1.5
11,0.5,0.35646600747361207,Influenza A (H1N1pdm),0.7724564931872518,0.9999700297150783,0.03295567821303247,0.008192980662217355,0.016252798469934927,0.007925350893119042,0.9918070193377826,1.5
11,0.51,0.3450395597999063,Influenza A (H1N1pdm),0.7724564931872518,0.9999630456843367,0.032973689737483713,0.008755495132335145,0.01735899802518934,0.008469549565660367,0.9912445048676648,1.5
11,0.52,0.33391146006475225,Influenza A (H1N1pdm),0.7724564931872518,0.9999544923159494,0.032993230866108725,0.009365613942986064,0.01855741836016337,0.009059820011288714,0.9906343860570139,1.5
11,0.53,0.32306840169897666,Influenza A (H1N1pdm),0.7724564931872518,0.9999440340185642,0.033014467529806746,0.01002854022120845,0.019857923313731304,0.009701202739459232,0.9899714597787915,1.5
11,0.54,0.3124979085036153,Influenza A (H1N1pdm),0.7724564931872518,0.9999312686110816,0.033037586693574594,0.010750157380324615,0.021271625718326352,0.010399398647869115,0.9892498426196754,1.5
11,0.55,0.302188268590168,Influenza A (H1N1pdm),0.7724564931872518,0.9999157156854944,0.033062799259541364,0.011537130162203604,0.02281106392741043,0.011160867487745807,0.9884628698377964,1.5
11,0.56,0.2921284746685616,Influenza A (H1N1pdm),0.7724564931872518,0.9998968034107294,0.03309034337459549,0.012397022031135943,0.02449040464182321,0.011992942368511627,0.9876029779688641,1.5
11,0.5700000000000001,0.28230816997161057,Influenza A (H1N1pdm),0.7724564931872518,0.9998738537121472,0.033120488193311814,0.013338431697885988,0.02632567586533818,0.012903963056278837,0.986661568302114,1.5
11,0.58,0.2727175991953934,Influenza A (H1N1pdm),0.7724564931872518,0.9998460658074809,0.03315353815085109,0.01437115202771235,0.028335034277369758,0.01390343129975006,0.9856288479722877,1.5
11,0.59,0.2633475639127048,Influenza A (H1N1pdm),0.7724564931872518,0.999812498143877,0.03318983780382534,0.015506355137763266,0.030539071774909148,0.015002191975511994,0.9844936448622368,1.5
11,0.6,0.2541893819836116,Influenza A (H1N1pdm),0.7724564931872518,0.9997720488648179,0.0332297772995227,0.016756808126851562,0.03296116638143663,0.016212644493088967,0.9832431918731485,1.5
11,0.61,0.24523485054479008,Influenza A (H1N1pdm),0.7724564931872518,0.9997234350423072,0.03327379853480217,0.018137124613768294,0.03562788310963433,0.017548989649429192,0.9818628753862317,1.5
11,0.62,0.2364762122091858,Influenza A (H1N1pdm),0.7724564931872518,0.9996651710396801,0.03332240206477077,0.019664058097874495,0.03856943064092829,0.0190275179833806,0.9803359419021255,1.5
11,0.63,0.22790612415074107,Influenza A (H1N1pdm),0.7724564931872518,0.9995955465235777,0.033376154817282844,0.02135684410485465,0.04182017976738455,0.02066694666255738,0.9786431558951454,1.5
11,0.64,0.21951762978648146,Influenza A (H1N1pdm),0.7724564931872518,0.9995126048173583,0.03343569866136298,0.02323759914507673,0.045419249316620704,0.02248881304446176,0.9767624008549233,1.5
11,0.65,0.2113041328009541,Influenza A (H1N1pdm),0.7724564931872518,0.999414122477448,0.03350175986474602,0.025331785690296798,0.0494111645914677,0.024517934292587903,0.9746682143097032,1.5
11,0.66,0.20325937328653962,Influenza A (H1N1pdm),0.7724564931872518,0.9992975911703724,0.03357515945657019,0.027668753656023257,0.05384659199094685,0.026782943790264982,0.9723312463439767,1.5
11,0.67,0.19537740579813864,Influenza A (H1N1pdm),0.7724564931872518,0.9991602031197041,0.03365682448436136,0.030282370237930123,0.05878315115565929,0.029316916561460425,0.9697176297620699,1.5
11,0.6799999999999999,0.1876525791426058,Influenza A (H1N1pdm),0.7724564931872518,0.9989988415630837,0.03374780011835954,0.033211751347814886,0.0642863023313543,0.032158097441147664,0.9667882486521852,1.5
11,0.69,0.18007951774253828,Influenza A (H1N1pdm),0.7724564931872518,0.998810077791332,0.03384926250936826,0.036502109255691535,0.07043030120067353,0.03535074727293151,0.9634978907443085,1.5
11,0.7,0.1726531044309401,Influenza A (H1N1pdm),0.7724564931872518,0.9985901764132564,0.03396253224722656,0.040205732257039786,0.07729920561349542,0.03894612384339104,0.9597942677429602,1.5
11,0.71,0.16536846454820484,Influenza A (H1N1pdm),0.7724564931872518,0.9983351104795649,0.03408908819468759,0.0443831130780912,0.08498790775338005,0.04300361542928092,0.9556168869219088,1.5
11,0.72,0.15822095122604832,Influenza A (H1N1pdm),0.7724564931872518,0.998040587987539,0.034230581385229275,0.04910424305777811,0.09360315051194092,0.047592045493953315,0.9508957569422218,1.5
11,0.73,0.15120613175467926,Influenza A (H1N1pdm),0.7724564931872518,0.9977020910596257,0.034388848573518205,0.05445008854318239,0.10326446734810311,0.0527911668710096,0.9455499114568177,1.5
11,0.74,0.14431977493985465,Influenza A (H1N1pdm),0.7724564931872518,0.9973149287367881,0.03456592491530541,0.06051426389599527,0.1141049598655656,0.058693362211305763,0.9394857361040048,1.5
11,0.75,0.1375578393656466,Influenza A (H1N1pdm),0.7724564931872518,0.9968743038554461,0.03476405513256242,0.0674049113159989,0.12627179613528422,0.06540556382994425,0.9325950886840011,1.5
11,0.76,0.13091646248692312,Influenza A (H1N1pdm),0.7724564931872518,0.9963753939032982,0.03498570239477372,0.07524679035229032,0.13992627528386514,0.07305139937397204,0.9247532096477097,1.5
11,0.77,0.12439195048283704,Influenza A (H1N1pdm),0.7724564931872518,0.9958134451080718,0.035233554025951075,0.08418356812990144,0.15524326081160253,0.08177355855533905,0.9158164318700985,1.5
11,0.78,0.11798076880910816,Influenza A (H1N1pdm),0.7724564931872518,0.9951838783541574,0.035510523039228525,0.09438028310611091,0.17240973869004753,0.09173635865521787,0.9056197168938891,1.5
11,0.79,0.1116795333927045,Influenza A (H1N1pdm),0.7724564931872518,0.9944824049092671,0.03581974441953084,0.10602592805997758,0.1916222108656585,0.10312846000872965,0.8939740719400224,1.5
11,0.8,0.10548500241772604,Influenza A (H1N1pdm),0.7724564931872518,0.993705149452219,0.036164565034875085,0.11933605860163383,0.21308259764275997,0.11616564370164385,0.8806639413983661,1.5
11,0.81,0.09939406865595908,Influenza A (H1N1pdm),0.7724564931872518,0.9928487776059829,0.03654852607490089,0.13455527718947627,0.23699230441785663,0.13109350750115217,0.8654447228105238,1.5
11,0.8200000000000001,0.09340375229975954,Influenza A (H1N1pdm),0.7724564931872518,0.9919106251826746,0.03697533700823685,0.15195936335231927,0.26354412409789174,0.14818985622318215,0.8480406366476807,1.5
11,0.8300000000000001,0.08751119425868216,Influenza A (H1N1pdm),0.7724564931872518,0.9908888267251406,0.03744884023350148,0.17185671040124567,0.2929117140370887,0.16776645078588875,0.8281432895987544,1.5
11,0.8400000000000001,0.08171364988466757,Influenza A (H1N1pdm),0.7724564931872518,0.9897824417721759,0.037972965883588006,0.1945885766137555,0.3252365238795054,0.19016962477199226,0.8054114233862445,1.5
11,0.8500000000000001,0.07600848309365074,Influenza A (H1N1pdm),0.7724564931872518,0.9885915786829604,0.03855167663394299,0.22052745046797334,0.36061227248098804,0.21577906339031822,0.7794725495320267,1.5
11,0.86,0.07039316085420702,Influenza A (H1N1pdm),0.7724564931872518,0.9873175179686751,0.03918890285806864,0.2500725463032801,0.3990673803794126,0.24500374743989034,0.74992745369672,1.5
11,0.87,0.06486524801635404,Influenza A (H1N1pdm),0.7724564931872518,0.9859628401120967,0.03988846905066756,0.2836410642797394,0.4405461393782209,0.2782736681178156,0.7163589357202607,1.5
11,0.88,0.05942240245587049,Influenza A (H1N1pdm),0.7724564931872518,0.9845315671842024,0.04065401307086158,0.3216533346771842,0.4848897904553471,0.3160253830150929,0.6783466653228158,1.5
11,0.89,0.05406237051153854,Influenza A (H1N1pdm),0.7724564931872518,0.983029333864713,0.041488900401516426,0.3645092796902052,0.5318189932325313,0.3586787646177236,0.6354907203097948,1.5
11,0.9,0.04878298269457545,Influenza A (H1N1pdm),0.7724564931872518,0.9814636129766603,0.04239613622209071,0.412552711728803,0.5809192730683704,0.40660133168126605,0.587447288271197,1.5
11,0.91,0.043582149651184406,Influenza A (H1N1pdm),0.7724564931872518,0.979844035651333,0.04337827859091681,0.466018775593843,0.6316307663711447,0.4600552750759889,0.533981224406157,1.5
11,0.9199999999999999,0.03845785836070476,Influenza A (H1N1pdm),0.7724564931872518,0.9781828711147492,0.044437356367972636,0.524958242010738,0.6832427852601034,0.5191205947263159,0.47504175798926196,1.5
11,0.9299999999999999,0.03340816855320812,Influenza A (H1N1pdm),0.7724564931872518,0.9764957743772988,0.04557479562820621,0.589130254913025,0.7348922331613986,0.583585525915097,0.41086974508697505,1.5
11,0.94,0.02843120933167598,Influenza A (H1N1pdm),0.7724564931872518,0.9748029892211894,0.046791358181560105,0.6578523742024249,0.7855625568081296,0.6527924875130863,0.3421476257975751,1.5
11,0.95,0.02352517598503214,Influenza A (H1N1pdm),0.7724564931872518,0.9731313460379769,0.04808709541523659,0.7297931466304679,0.8340764257808688,0.7254239207379674,0.2702068533695321,1.5
11,0.96,0.01868832697936449,Influenza A (H1N1pdm),0.7724564931872518,0.9715177036656198,0.04946132002009207,0.8026877332111171,0.8790699511130003,0.7992073342866515,0.19731226678888292,1.5
11,0.97,0.013918981115637946,Influenza A (H1N1pdm),0.7724564931872518,0.9700151566371558,0.05091259729837294,0.8729510072190431,0.9189270260202284,0.8705122838407955,0.12704899278095694,1.5
11,0.98,0.00921551484306602,Influenza A (H1N1pdm),0.7724564931872518,0.968704907207531,0.05243875674100118,0.9351546111974012,0.9516341432834644,0.9338034488613054,0.06484538880259882,1.5
11,0.99,0.0045763597181357665,Influenza A (H1N1pdm),0.7724564931872518,0.9677207793874091,0.05403692349355527,0.9813242146781825,0.9744750241801233,0.9809028639659221,0.018675785321817462,1.5
12,0.5,0.35646600747361207,Influenza A (H1N1pdm),0.7724564931872518,0.9999894293012177,0.018269626401828942,0.008071563535590503,0.016013868745797865,0.007925350893119042,0.9919284364644095,1.5
12,0.51,0.3450395597999063,Influenza A (H1N1pdm),0.7724564931872518,0.9999867739397456,0.018279625150889323,0.00862577907652354,0.01710402069784789,0.008469549565660367,0.9913742209234765,1.5
12,0.52,0.33391146006475225,Influenza A (H1N1pdm),0.7724564931872518,0.9999834755867383,0.018290475687847807,0.009226907230600854,0.018285096781535254,0.009059820011288714,0.9907730927693992,1.5
12,0.53,0.32306840169897666,Influenza A (H1N1pdm),0.7724564931872518,0.9999793859410887,0.018302271039183582,0.009880078358278376,0.019566830908725765,0.009701202739459232,0.9901199216417216,1.5
12,0.54,0.3124979085036153,Influenza A (H1N1pdm),0.7724564931872518,0.9999743248386104,0.01831511616646353,0.010591094347387316,0.020960191627893778,0.010399398647869115,0.9894089056526126,1.5
12,0.55,0.302188268590168,Influenza A (H1N1pdm),0.7724564931872518,0.9999680741485388,0.0183291296453445,0.011366528553920695,0.022477557155556844,0.011160867487745807,0.9886334714460793,1.5
12,0.56,0.2921284746685616,Influenza A (H1N1pdm),0.7724564931872518,0.9999603707332962,0.018344445585583458,0.012213841968669438,0.024132916626013273,0.011992942368511627,0.9877861580313305,1.5
12,0.5700000000000001,0.28230816997161057,Influenza A (H1N1pdm),0.7724564931872518,0.9999508984001242,0.01836121582383332,0.013141518380667827,0.02594210141824385,0.012903963056278837,0.9868584816193322,1.5
12,0.58,0.2727175991953934,Influenza A (H1N1pdm),0.7724564931872518,0.9999392787919115,0.01837961242391173,0.014159221785954211,0.027923050892657633,0.01390343129975006,0.9858407782140458,1.5
12,0.59,0.2633475639127048,Influenza A (H1N1pdm),0.7724564931872518,0.9999250611931758,0.01839983052184424,0.015277979845441984,0.030096117356450194,0.015002191975511994,0.984722020154558,1.5
12,0.6,0.2541893819836116,Influenza A (H1N1pdm),0.7724564931872518,0.9999077112674896,0.018422091555197695,0.016510397838786505,0.03248441555141666,0.016212644493088967,0.9834896021612135,1.5
12,0.61,0.24523485054479008,Influenza A (H1N1pdm),0.7724564931872518,0.999886598796652,0.018446646917686493,0.017870908302191308,0.035114222386078676,0.017548989649429192,0.9821290916978087,1.5
12,0.62,0.2364762122091858,Influenza A (H1N1pdm),0.7724564931872518,0.9998609845608297,0.018473782080392187,0.019376062386739876,0.03801543296122825,0.0190275179833806,0.9806239376132602,1.5
12,0.63,0.22790612415074107,Influenza A (H1N1pdm),0.7724564931872518,0.9998300065836419,0.018503821219737926,0.021044869938138613,0.04122207908669618,0.02066694666255738,0.9789551300618614,1.5
12,0.64,0.21951762978648146,Influenza A (H1N1pdm),0.7724564931872518,0.9997926660663113,0.01853713238900967,0.022899196383716323,0.04477291634726482,0.02248881304446176,0.9771008036162837,1.5
12,0.65,0.2113041328009541,Influenza A (H1N1pdm),0.7724564931872518,0.9997478134488652,0.018574133264023907,0.02496422571786416,0.048712085194536806,0.024517934292587903,0.9750357742821358,1.5
12,0.66,0.20325937328653962,Influenza A (H1N1pdm),0.7724564931872518,0.9996941351602288,0.018615297483739912,0.027269000194055336,0.05308985031147358,0.026782943790264982,0.9727309998059447,1.5
12,0.67,0.19537740579813864,Influenza A (H1N1pdm),0.7724564931872518,0.9996301417473243,0.018661161592210762,0.029847048738360363,0.05796342033958128,0.029316916561460425,0.9701529512616396,1.5
12,0.6799999999999999,0.1876525791426058,Influenza A (H1N1pdm),0.7724564931872518,0.999554158197516,0.01871233256836169,0.03273711755481333,0.06339784661159037,0.032158097441147664,0.9672628824451867,1.5
12,0.69,0.18007951774253828,Influenza A (H1N1pdm),0.7724564931872518,0.9994643173787232,0.018769495903569133,0.035984017827643745,0.06946699432856186,0.03535074727293151,0.9640159821723563,1.5
12,0.7,0.1726531044309401,Influenza A (H1N1pdm),0.7724564931872518,0.9993585576045757,0.018833424152887912,0.039639606729448336,0.0762545720772201,0.03894612384339104,0.9603603932705517,1.5
12,0.71,0.16536846454820484,Influenza A (H1N1pdm),0.7724564931872518,0.9992346253745126,0.018904985843250288,0.04376391895086114,0.08385519499659459,0.04300361542928092,0.9562360810491388,1.5
12,0.72,0.15822095122604832,Influenza A (H1N1pdm),0.7724564931872518,0.9990900843270868,0.01898515457032457,0.04842646642944354,0.09237544245713956,0.047592045493953315,0.9515735335705564,1.5
12,0.73,0.15120613175467926,Influenza A (H1N1pdm),0.7724564931872518,0.9989223313669255,0.019075018054972137,0.053707723516199554,0.10193485192320323,0.0527911668710096,0.9462922764838004,1.5
12,0.74,0.14431977493985465,Influenza A (H1N1pdm),0.7724564931872518,0.9987286207735037,0.01917578686086796,0.059700812968453594,0.11266676585937986,0.058693362211305763,0.9402991870315464,1.5
12,0.75,0.1375578393656466,Influenza A (H1N1pdm),0.7724564931872518,0.9985060968706357,0.019288802398392924,0.06651340418221463,0.12471891741683033,0.06540556382994425,0.9334865958177854,1.5
12,0.76,0.13091646248692312,Influenza A (H1N1pdm),0.7724564931872518,0.9982518355347089,0.019415543759087717,0.07426982797957696,0.1382536029389438,0.07305139937397204,0.9257301720204231,1.5
12,0.77,0.12439195048283704,Influenza A (H1N1pdm),0.7724564931872518,0.9979628944618434,0.019557632843967054,0.0831134006733282,0.15344724563431608,0.08177355855533905,0.9168865993266718,1.5
12,0.78,0.11798076880910816,Influenza A (H1N1pdm),0.7724564931872518,0.9976363717243226,0.019716837173692325,0.09320893216105769,0.1704891070479904,0.09173635865521787,0.9067910678389424,1.5
12,0.79,0.1116795333927045,Influenza A (H1N1pdm),0.7724564931872518,0.9972694717595958,0.01989506970656607,0.10474536589704302,0.18957885528934534,0.10312846000872965,0.895254634102957,1.5
12,0.8,0.10548500241772604,Influenza A (H1N1pdm),0.7724564931872518,0.9968595775946375,0.020094384950787858,0.11793845929470745,0.2109226583188794,0.11616564370164385,0.8820615407052925,1.5
12,0.81,0.09939406865595908,Influenza A (H1N1pdm),0.7724564931872518,0.9964043278646841,0.020316970650769428,0.1330333567760336,0.23472744755134178,0.13109350750115217,0.8669666432239664,1.5
12,0.8200000000000001,0.09340375229975954,Influenza A (H1N1pdm),0.7724564931872518,0.9959016970933483,0.02056513436461127,0.15030682808501472,0.2611930061352331,0.14818985622318215,0.8496931719149853,1.5
12,0.8300000000000001,0.08751119425868216,Influenza A (H1N1pdm),0.7724564931872518,0.9953500778186232,0.02084128434137722,0.17006883332980557,0.29050159538347325,0.16776645078588875,0.8299311666701944,1.5
12,0.8400000000000001,0.08171364988466757,Influenza A (H1N1pdm),0.7724564931872518,0.9947483635382687,0.02114790426108304,0.19266292251197234,0.3228049609007602,0.19016962477199226,0.8073370774880276,1.5
12,0.8500000000000001,0.07600848309365074,Influenza A (H1N1pdm),0.7724564931872518,0.9940960321793398,0.0214875216219369,0.2184647664991942,0.35820877235106935,0.21577906339031822,0.7815352335008058,1.5
12,0.86,0.07039316085420702,Influenza A (H1N1pdm),0.7724564931872518,0.9933932309630907,0.02186266984759422,0.247877829345044,0.39675485178243647,0.24500374743989034,0.752122170654956,1.5
12,0.87,0.06486524801635404,Influenza A (H1N1pdm),0.7724564931872518,0.9926408652778067,0.022275844533979794,0.2813248034102751,0.4384019179556983,0.2782736681178156,0.7186751965897249,1.5
12,0.88,0.05942240245587049,Influenza A (H1N1pdm),0.7724564931872518,0.9918406967217358,0.02272945464451115,0.31923290598927384,0.48300596890699166,0.3160253830150929,0.6807670940107262,1.5
12,0.89,0.05406237051153854,Influenza A (H1N1pdm),0.7724564931872518,0.9909954592476814,0.023225769869501534,0.3620104361655488,0.5303017520566873,0.3586787646177236,0.6379895638344513,1.5
12,0.9,0.04878298269457545,Influenza A (H1N1pdm),0.7724564931872518,0.990109008077434,0.023766865758225286,0.4100110575726342,0.5798868989503947,0.40660133168126605,0.5899889424273659,1.5
12,0.91,0.043582149651184406,Influenza A (H1N1pdm),0.7724564931872518,0.9891865251438517,0.024354568573261015,0.46348103419231745,0.6312100669368366,0.4600552750759889,0.5365189658076825,1.5
12,0.9199999999999999,0.03845785836070476,Influenza A (H1N1pdm),0.7724564931872518,0.9882348198925924,0.02499040206794856,0.5224830085851291,0.6835636571607181,0.5191205947263159,0.4775169914148709,1.5
12,0.9299999999999999,0.03340816855320812,Influenza A (H1N1pdm),0.7724564931872518,0.9872627904888795,0.025675538514031482,0.5867877541314361,0.7360801945635657,0.583585525915097,0.41321224586856387,1.5
12,0.94,0.02843120933167598,Influenza A (H1N1pdm),0.7724564931872518,0.9862821583300436,0.026410756281401437,0.6557224993883306,0.7877290711963569,0.6527924875130863,0.3442775006116694,1.5
12,0.95,0.02352517598503214,Influenza A (H1N1pdm),0.7724564931872518,0.985308680729032,0.02719640608211793,0.7279607138130098,0.8373067456112316,0.7254239207379674,0.27203928618699025,1.5
12,0.96,0.01868832697936449,Influenza A (H1N1pdm),0.7724564931872518,0.984364233657774,0.028032387639802203,0.8012334040779906,0.8834078732164571,0.7992073342866515,0.1987665959220094,1.5
12,0.97,0.013918981115637946,Influenza A (H1N1pdm),0.7724564931872518,0.9834805624307101,0.02891813805406296,0.8719356721834219,0.9243551600815766,0.8705122838407955,0.12806432781657806,1.5
12,0.98,0.00921551484306602,Influenza A (H1N1pdm),0.7724564931872518,0.9827064510396856,0.0298526325347529,0.9345941139224627,0.9580466220469244,0.9338034488613054,0.06540588607753728,1.5
12,0.99,0.0045763597181357665,Influenza A (H1N1pdm),0.7724564931872518,0.9821225230974348,0.030834397531836588,0.9811500590350793,0.9816360502218727,0.9809028639659221,0.018849940964920653,1.5
13,0.5,0.35646600747361207,Influenza A (H1N1pdm),0.7724564931872518,0.9999963301627854,0.009734878178525586,0.008002609045394895,0.015878150989739572,0.007925350893119042,0.9919973909546052,1.5
13,0.51,0.3450395597999063,Influenza A (H1N1pdm),0.7724564931872518,0.9999953426886022,0.009740210689692996,0.008552104247354163,0.016959171219010857,0.008469549565660367,0.9914478957526458,1.5
13,0.52,0.33391146006475225,Influenza A (H1N1pdm),0.7724564931872518,0.9999940991848657,0.009745998469446793,0.009148116821368886,0.018130373885708446,0.009059820011288714,0.9908518831786312,1.5
13,0.53,0.32306840169897666,Influenza A (H1N1pdm),0.7724564931872518,0.9999925363932091,0.00975229148875012,0.009795735142942786,0.019401417718044375,0.009701202739459232,0.9902042648570573,1.5
13,0.54,0.3124979085036153,Influenza A (H1N1pdm),0.7724564931872518,0.9999905764557052,0.009759146190308488,0.010500713970878055,0.02078318757700908,0.010399398647869115,0.989499286029122,1.5
13,0.55,0.302188268590168,Influenza A (H1N1pdm),0.7724564931872518,0.9999881238847356,0.009766626413257984,0.01126957372125046,0.022287968554746868,0.011160867487745807,0.9887304262787495,1.5
13,0.56,0.2921284746685616,Influenza A (H1N1pdm),0.7724564931872518,0.9999850620141068,0.009774804453881236,0.012109715886506054,0.023929646227124634,0.011992942368511627,0.987890284113494,1.5
13,0.5700000000000001,0.28230816997161057,Influenza A (H1N1pdm),0.7724564931872518,0.9999812488779539,0.009783762281046271,0.01302955736446681,0.025723936932077415,0.012903963056278837,0.9869704426355332,1.5
13,0.58,0.2727175991953934,Influenza A (H1N1pdm),0.7724564931872518,0.9999765124702248,0.009793592926987782,0.014038686940614472,0.027688652427879743,0.01390343129975006,0.9859613130593855,1.5
13,0.59,0.2633475639127048,Influenza A (H1N1pdm),0.7724564931872518,0.9999706453489056,0.009804402075842211,0.015148047724106514,0.029844003783627143,0.015002191975511994,0.9848519522758935,1.5
13,0.6,0.2541893819836116,Influenza A (H1N1pdm),0.7724564931872518,0.9999633985667211,0.00981630987400195,0.016370149983902953,0.03221294984563854,0.016212644493088967,0.983629850016097,1.5
13,0.61,0.24523485054479008,Influenza A (H1N1pdm),0.7724564931872518,0.9999544749352413,0.00982945298765614,0.017719319576675156,0.034821596073429155,0.017548989649429192,0.9822806804233248,1.5
13,0.62,0.2364762122091858,Influenza A (H1N1pdm),0.7724564931872518,0.9999435216631022,0.009843986933643745,0.019211988012906335,0.03769964989520008,0.0190275179833806,0.9807880119870936,1.5
13,0.63,0.22790612415074107,Influenza A (H1N1pdm),0.7724564931872518,0.9999301224524629,0.009860088709710113,0.020867031180429672,0.0408809389195657,0.02066694666255738,0.9791329688195703,1.5
13,0.64,0.21951762978648146,Influenza A (H1N1pdm),0.7724564931872518,0.9999137891911213,0.009877959749101661,0.02270616484131332,0.044403998249687396,0.02248881304446176,0.9772938351586867,1.5
13,0.65,0.2113041328009541,Influenza A (H1N1pdm),0.7724564931872518,0.9998939534406784,0.009897829221730658,0.02475440623910266,0.04831273262805647,0.024517934292587903,0.9752455937608974,1.5
13,0.66,0.20325937328653962,Influenza A (H1N1pdm),0.7724564931872518,0.9998699579923417,0.009919957699492055,0.027040612491292585,0.052657157989955246,0.026782943790264982,0.9729593875087074,1.5
13,0.67,0.19537740579813864,Influenza A (H1N1pdm),0.7724564931872518,0.999841048839095,0.009944641196063642,0.029598107876028273,0.057494224946429084,0.029316916561460425,0.9704018921239718,1.5
13,0.6799999999999999,0.1876525791426058,Influenza A (H1N1pdm),0.7724564931872518,0.9998063679918133,0.009972215581182997,0.03246541361278749,0.06288872339239458,0.032158097441147664,0.9675345863872125,1.5
13,0.69,0.18007951774253828,Influenza A (H1N1pdm),0.7724564931872518,0.9997649476423771,0.010003061355240872,0.03568709521648424,0.0689142623778282,0.03535074727293151,0.9643129047835157,1.5
13,0.7,0.1726531044309401,Influenza A (H1N1pdm),0.7724564931872518,0.999715706241912,0.010037608751420346,0.03931474386517311,0.07565431200758495,0.03894612384339104,0.9606852561348269,1.5
13,0.71,0.16536846454820484,Influenza A (H1N1pdm),0.7724564931872518,0.9996574471091917,0.010076343109019614,0.04340810929841806,0.08320328374094282,0.04300361542928092,0.9565918907015819,1.5
13,0.72,0.15822095122604832,Influenza A (H1N1pdm),0.7724564931872518,0.9995888602046016,0.010119810432450693,0.04803640231172687,0.09166761122154662,0.047592045493953315,0.9519635976882731,1.5
13,0.73,0.15120613175467926,Influenza A (H1N1pdm),0.7724564931872518,0.9995085276908765,0.010168623015587075,0.05327978457690909,0.10116677477819105,0.0527911668710096,0.9467202154230909,1.5
13,0.74,0.14431977493985465,Influenza A (H1N1pdm),0.7724564931872518,0.9994149338465337,0.010223464970724683,0.05923106179112758,0.1118341880960567,0.058693362211305763,0.9407689382088724,1.5
13,0.75,0.1375578393656466,Influenza A (H1N1pdm),0.7724564931872518,0.999306479797787,0.010285097456116388,0.06599759232323411,0.12381783452371567,0.06540556382994425,0.9340024076767659,1.5
13,0.76,0.13091646248692312,Influenza A (H1N1pdm),0.7724564931872518,0.9991815033899671,0.010354363347200302,0.07370341658669972,0.13728050272470466,0.07305139937397204,0.9262965834133002,1.5
13,0.77,0.12439195048283704,Influenza A (H1N1pdm),0.7724564931872518,0.9990383043354835,0.01043219104647064,0.08249160094495804,0.15239942738079107,0.08177355855533905,0.917508399055042,1.5
13,0.78,0.11798076880910816,Influenza A (H1N1pdm),0.7724564931872518,0.9988751745635238,0.010519597078657461,0.09252677215622386,0.16936509224145627,0.09173635865521787,0.9074732278437762,1.5
13,0.79,0.1116795333927045,Influenza A (H1N1pdm),0.7724564931872518,0.9986904334745017,0.010617687075726856,0.10399779161516842,0.18837890389207243,0.10312846000872965,0.8960022083848316,1.5
13,0.8,0.10548500241772604,Influenza A (H1N1pdm),0.7724564931872518,0.9984824675932181,0.010727654725535163,0.11712047946161055,0.20964940196197296,0.11616564370164385,0.8828795205383895,1.5
13,0.81,0.09939406865595908,Influenza A (H1N1pdm),0.7724564931872518,0.9982497739471515,0.010850778244853365,0.13214024230658375,0.23338664552086744,0.13109350750115217,0.8678597576934163,1.5
13,0.8200000000000001,0.09340375229975954,Influenza A (H1N1pdm),0.7724564931872518,0.9979910064027874,0.010988413948653797,0.14933437858300216,0.2597944205242719,0.14818985622318215,0.8506656214169979,1.5
13,0.8300000000000001,0.08751119425868216,Influenza A (H1N1pdm),0.7724564931872518,0.9977050242088966,0.011141986529442094,0.16901372397000416,0.289059967242889,0.16776645078588875,0.8309862760299959,1.5
13,0.8400000000000001,0.08171364988466757,Influenza A (H1N1pdm),0.7724564931872518,0.997390942160417,0.011312975738734465,0.19152314481921232,0.32134104885920683,0.19016962477199226,0.8084768551807877,1.5
13,0.8500000000000001,0.07600848309365074,Influenza A (H1N1pdm),0.7724564931872518,0.997048182155188,0.011502899281103485,0.2172401752759269,0.3567503888584795,0.21577906339031822,0.7827598247240731,1.5
13,0.86,0.07039316085420702,Influenza A (H1N1pdm),0.7724564931872518,0.9966765265266325,0.011713291890293576,0.24657080438799528,0.39533780085336906,0.24500374743989034,0.7534291956120047,1.5
13,0.87,0.06486524801635404,Influenza A (H1N1pdm),0.7724564931872518,0.9962761744834776,0.011945680753269627,0.27994102737129184,0.437070704618481,0.2782736681178156,0.7200589726287081,1.5
13,0.88,0.05942240245587049,Influenza A (H1N1pdm),0.7724564931872518,0.9958478044110296,0.01220155767364195,0.317782246877665,0.4818141188586099,0.3160253830150929,0.682217753122335,1.5
13,0.89,0.05406237051153854,Influenza A (H1N1pdm),0.7724564931872518,0.9953926469265699,0.012482348607244953,0.36050790187867504,0.529311556080064,0.3586787646177236,0.639492098121325,1.5
13,0.9,0.04878298269457545,Influenza A (H1N1pdm),0.7724564931872518,0.9949125768649457,0.012789381441939418,0.4084777567317875,0.5791683864609186,0.40660133168126605,0.5915222432682126,1.5
13,0.91,0.043582149651184406,Influenza A (H1N1pdm),0.7724564931872518,0.9944102375952105,0.013123853109332173,0.4619450272632913,0.6308390203971923,0.4600552750759889,0.5380549727367088,1.5
13,0.9199999999999999,0.03845785836070476,Influenza A (H1N1pdm),0.7724564931872518,0.9938892197450109,0.013486797285285013,0.5209798586484641,0.6836185022194963,0.5191205947263159,0.4790201413515359,1.5
13,0.9299999999999999,0.03340816855320812,Influenza A (H1N1pdm),0.7724564931872518,0.9933543314940056,0.013879054037156169,0.5853604780118851,0.7366376280469522,0.583585525915097,0.41463952198811493,1.5
13,0.94,0.02843120933167598,Influenza A (H1N1pdm),0.7724564931872518,0.9928120251190234,0.01430124279139633,0.6544204639777347,0.7888582946507213,0.6527924875130863,0.3455795360222653,1.5
13,0.95,0.02352517598503214,Influenza A (H1N1pdm),0.7724564931872518,0.992271097330633,0.014753739915289388,0.7268368015698942,0.8390621102204341,0.7254239207379674,0.27316319843010584,1.5
13,0.96,0.01868832697936449,Influenza A (H1N1pdm),0.7724564931872518,0.9917438883890742,0.015236662030440273,0.8003384620684686,0.8858195363583202,0.7992073342866515,0.1996615379315314,1.5
13,0.97,0.013918981115637946,Influenza A (H1N1pdm),0.7724564931872518,0.991248438181446,0.01574985591263145,0.8713088289198069,0.9274168704456929,0.8705122838407955,0.12869117108019312,1.5
13,0.98,0.00921551484306602,Influenza A (H1N1pdm),0.7724564931872518,0.9908126046675387,0.016292895502092564,0.9342469555620105,0.9616987220205647,0.9338034488613054,0.06575304443798946,1.5
13,0.99,0.0045763597181357665,Influenza A (H1N1pdm),0.7724564931872518,0.9904825641398287,0.016865086177206945,0.981041845601622,0.9857396012534236,0.9809028639659221,0.018958154398378002,1.5
14,0.5,0.35646600747361207,Influenza A (H1N1pdm),0.7724564931872518,0.9999987450188033,0.004994201064083104,0.007964803603538436,0.01580373341624456,0.007925350893119042,0.9920351963964615,1.5
14,0.51,0.3450395597999063,Influenza A (H1N1pdm),0.7724564931872518,0.9999983852632339,0.00499693835536974,0.008511708256470843,0.01687974085137161,0.008469549565660367,0.9914882917435291,1.5
14,0.52,0.33391146006475225,Influenza A (H1N1pdm),0.7724564931872518,0.9999979261849907,0.00499990970802211,0.009104912698453094,0.01804552215237627,0.009059820011288714,0.990895087301547,1.5
14,0.53,0.32306840169897666,Influenza A (H1N1pdm),0.7724564931872518,0.9999973416487453,0.005003140909477621,0.00974948202848771,0.019310694289554613,0.009701202739459232,0.9902505179715123,1.5
14,0.54,0.3124979085036153,Influenza A (H1N1pdm),0.7724564931872518,0.9999965990830973,0.005006661111690125,0.01045114483836958,0.020686095560636372,0.010399398647869115,0.9895488551616304,1.5
14,0.55,0.302188268590168,Influenza A (H1N1pdm),0.7724564931872518,0.9999956580463466,0.005010503317994797,0.011216392102986299,0.022183959141458476,0.011160867487745807,0.9887836078970137,1.5
14,0.56,0.2921284746685616,Influenza A (H1N1pdm),0.7724564931872518,0.9999944685232685,0.005014704943081205,0.012052592167142964,0.023818112747222817,0.011992942368511627,0.9879474078328571,1.5
14,0.5700000000000001,0.28230816997161057,Influenza A (H1N1pdm),0.7724564931872518,0.9999929689191783,0.005019308456468696,0.012968124589386164,0.02560420828116322,0.012903963056278837,0.9870318754106139,1.5
14,0.58,0.2727175991953934,Influenza A (H1N1pdm),0.7724564931872518,0.9999910837189299,0.005024362121059389,0.01397253608229368,0.027559985834548675,0.01390343129975006,0.9860274639177063,1.5
14,0.59,0.2633475639127048,Influenza A (H1N1pdm),0.7724564931872518,0.999988720782329,0.005029920839451751,0.015076722346595508,0.029705576906429096,0.015002191975511994,0.9849232776534045,1.5
14,0.6,0.2541893819836116,Influenza A (H1N1pdm),0.7724564931872518,0.9999857682543253,0.005036047121788401,0.016293140243794954,0.032063852211682294,0.016212644493088967,0.9837068597562051,1.5
14,0.61,0.24523485054479008,Influenza A (H1N1pdm),0.7724564931872518,0.999982091079189,0.005042812189843149,0.017636055499403166,0.03466081990769565,0.017548989649429192,0.9823639445005968,1.5
14,0.62,0.2364762122091858,Influenza A (H1N1pdm),0.7724564931872518,0.9999775271232757,0.005050297232737089,0.019121831986830942,0.037526080442156426,0.0190275179833806,0.9808781680131691,1.5
14,0.63,0.22790612415074107,Influenza A (H1N1pdm),0.7724564931872518,0.999971882931742,0.00505859482997395,0.020769269619394348,0.040693344432162167,0.02066694666255738,0.9792307303806056,1.5
14,0.64,0.21951762978648146,Influenza A (H1N1pdm),0.7724564931872518,0.9999649291710814,0.005067810557237373,0.022599998980942962,0.044201019921710674,0.02248881304446176,0.977400001019057,1.5
14,0.65,0.2113041328009541,Influenza A (H1N1pdm),0.7724564931872518,0.9999563958417926,0.005078064789338255,0.024638942055460574,0.048092874882090894,0.024517934292587903,0.9753610579445394,1.5
14,0.66,0.20325937328653962,Influenza A (H1N1pdm),0.7724564931872518,0.9999459673834584,0.0050894947126638446,0.026914849765597583,0.052418779714591565,0.026782943790264982,0.9730851502344025,1.5
14,0.67,0.19537740579813864,Influenza A (H1N1pdm),0.7724564931872518,0.9999332778372171,0.005102256556035023,0.02946092847977105,0.05723553251441909,0.029316916561460425,0.970539071520229,1.5
14,0.6799999999999999,0.1876525791426058,Influenza A (H1N1pdm),0.7724564931872518,0.9999179062760537,0.005116528043804358,0.032315569158521566,0.06260776659951665,0.032158097441147664,0.9676844308414785,1.5
14,0.69,0.18007951774253828,Influenza A (H1N1pdm),0.7724564931872518,0.999899372759242,0.005132511067864276,0.03552319431664745,0.06860893483504132,0.03535074727293151,0.9644768056833526,1.5
14,0.7,0.1726531044309401,Influenza A (H1N1pdm),0.7724564931872518,0.9998771351099679,0.005150434565601492,0.03913523937160561,0.07532235801185405,0.03894612384339104,0.9608647606283944,1.5
14,0.71,0.16536846454820484,Influenza A (H1N1pdm),0.7724564931872518,0.9998505868505803,0.005170557578425328,0.04321128606721427,0.08284231425699427,0.04300361542928092,0.9567887139327858,1.5
14,0.72,0.15822095122604832,Influenza A (H1N1pdm),0.7724564931872518,0.9998190566533384,0.00519317244989248,0.04782036626150942,0.09127513233775207,0.047592045493953315,0.9521796337384906,1.5
14,0.73,0.15120613175467926,Influenza A (H1N1pdm),0.7724564931872518,0.9997818096711809,0.005218608103556233,0.05304245409465379,0.10074023285608551,0.0527911668710096,0.9469575459053462,1.5
14,0.74,0.14431977493985465,Influenza A (H1N1pdm),0.7724564931872518,0.9997380510986086,0.005247233318399269,0.058970162900409136,0.11137103680028157,0.058693362211305763,0.9410298370995909,1.5
14,0.75,0.1375578393656466,Influenza A (H1N1pdm),0.7724564931872518,0.9996869322741969,0.005279459894371286,0.06571065947767646,0.12331562995733085,0.06540556382994425,0.9342893405223236,1.5
14,0.76,0.13091646248692312,Influenza A (H1N1pdm),0.7724564931872518,0.9996275595723272,0.005315745572767372,0.0733878014982175,0.1367370339243792,0.07305139937397204,0.9266121985017826,1.5
14,0.77,0.12439195048283704,Influenza A (H1N1pdm),0.7724564931872518,0.9995590062439027,0.0053565965470459,0.08214449251114339,0.1518128903111587,0.08177355855533905,0.9178555074888566,1.5
14,0.78,0.11798076880910816,Influenza A (H1N1pdm),0.7724564931872518,0.9994803272588267,0.005402569370885124,0.09214523131744723,0.1687343159546725,0.09173635865521787,0.9078547686825528,1.5
14,0.79,0.1116795333927045,Influenza A (H1N1pdm),0.7724564931872518,0.9993905770850158,0.0054542720440393655,0.10357880584301307,0.18770363737645157,0.10312846000872965,0.896421194156987,1.5
14,0.8,0.10548500241772604,Influenza A (H1N1pdm),0.7724564931872518,0.9992888302215801,0.00551236403583466,0.11666104253272691,0.20893066896854254,0.11616564370164385,0.8833389574672731,1.5
14,0.81,0.09939406865595908,Influenza A (H1N1pdm),0.7724564931872518,0.999174204202422,0.00557755499428203,0.13163746599995646,0.2326271717910207,0.13109350750115217,0.8683625340000436,1.5
14,0.8200000000000001,0.09340375229975954,Influenza A (H1N1pdm),0.7724564931872518,0.9990458847189174,0.005650601889665263,0.14878564386341064,0.25899913272217356,0.14818985622318215,0.8512143561365894,1.5
14,0.8300000000000001,0.08751119425868216,Influenza A (H1N1pdm),0.7724564931872518,0.998903152496703,0.005732304358805229,0.16841687993514648,0.28823655488958344,0.16776645078588875,0.8315831200648536,1.5
14,0.8400000000000001,0.08171364988466757,Influenza A (H1N1pdm),0.7724564931872518,0.9987454116249438,0.005823498053564857,0.19087676395337203,0.32050056916864794,0.19016962477199226,0.809123236046628,1.5
14,0.8500000000000001,0.07600848309365074,Influenza A (H1N1pdm),0.7724564931872518,0.9985722192034763,0.00592504585693987,0.21654387300323955,0.35590787943079066,0.21577906339031822,0.7834561269967605,1.5
14,0.86,0.07039316085420702,Influenza A (H1N1pdm),0.7724564931872518,0.998383316478326,0.006037826913304123,0.24582562900760732,0.3945128471458339,0.24500374743989034,0.7541743709923927,1.5
14,0.87,0.06486524801635404,Influenza A (H1N1pdm),0.7724564931872518,0.9981786621281541,0.006162723524726577,0.2791499223871378,0.4362878893332014,0.2782736681178156,0.7208500776128621,1.5
14,0.88,0.05942240245587049,Influenza A (H1N1pdm),0.7724564931872518,0.9979584691212483,0.006300606088991745,0.3169505803591126,0.48110326122901237,0.3160253830150929,0.6830494196408874,1.5
14,0.89,0.05406237051153854,Influenza A (H1N1pdm),0.7724564931872518,0.9977232477175003,0.0064523163900710445,0.3596440451743406,0.5287076337446341,0.3586787646177236,0.6403559548256594,1.5
14,0.9,0.04878298269457545,Influenza A (H1N1pdm),0.7724564931872518,0.9974738589796698,0.006618649688972633,0.40759367531730467,0.5787110246168812,0.40660133168126605,0.5924063246826954,1.5
14,0.91,0.043582149651184406,Influenza A (H1N1pdm),0.7724564931872518,0.9972115860196351,0.006800336190227019,0.46105681654904873,0.6305714345399949,0.4600552750759889,0.5389431834509513,1.5
14,0.9199999999999999,0.03845785836070476,Influenza A (H1N1pdm),0.7724564931872518,0.9969382349653365,0.006998022564022044,0.52010811281109,0.6835857912146743,0.5191205947263159,0.47989188718890996,1.5
14,0.9299999999999999,0.03340816855320812,Influenza A (H1N1pdm),0.7724564931872518,0.9966562859128154,0.007212254273596286,0.5845303143276096,0.7368843272421145,0.583585525915097,0.4154696856723904,1.5
14,0.94,0.02843120933167598,Influenza A (H1N1pdm),0.7724564931872518,0.9963691292273413,0.007443459481483838,0.6536609305460106,0.7894250996463944,0.6527924875130863,0.3463390694539894,1.5
14,0.95,0.02352517598503214,Influenza A (H1N1pdm),0.7724564931872518,0.9960814515456772,0.007691935279741768,0.726179261665539,0.8399816444671688,0.7254239207379674,0.27382073833446097,1.5
14,0.96,0.01868832697936449,Influenza A (H1N1pdm),0.7724564931872518,0.995799894739953,0.007957836906559601,0.7998133587913829,0.8871109153708061,0.7992073342866515,0.20018664120861707,1.5
14,0.97,0.013918981115637946,Influenza A (H1N1pdm),0.7724564931872518,0.9955342389271218,0.008241170478557769,0.8709399694577483,0.9290785329368376,0.8705122838407955,0.12906003054225168,1.5
14,0.98,0.00921551484306602,Influenza A (H1N1pdm),0.7724564931872518,0.9952996605355653,0.008541789594033067,0.9340420888133397,0.9636983953056288,0.9338034488613054,0.06595791118666028,1.5
14,0.99,0.0045763597181357665,Influenza A (H1N1pdm),0.7724564931872518,0.9951213914238362,0.008859395961571592,0.980977805114255,0.9879989831394896,0.9809028639659221,0.01902219488574497,1.5
15,0.5,0.35646600747361207,Influenza A (H1N1pdm),0.7724564931872518,0.9999995769937599,0.0024707474935261597,0.007944821643593784,0.015764397904537795,0.007925350893119042,0.9920551783564062,1.5
15,0.51,0.3450395597999063,Influenza A (H1N1pdm),0.7724564931872518,0.9999994484232713,0.002472102225871131,0.00849035619454774,0.016837753783108162,0.008469549565660367,0.9915096438054523,1.5
15,0.52,0.33391146006475225,Influenza A (H1N1pdm),0.7724564931872518,0.9999992822382383,0.002473572927863099,0.009082075212484194,0.018000666896992795,0.009059820011288714,0.9909179247875158,1.5
15,0.53,0.32306840169897666,Influenza A (H1N1pdm),0.7724564931872518,0.9999990679509795,0.002475172412536586,0.009725031395911944,0.01926273194429307,0.009701202739459232,0.990274968604088,1.5
15,0.54,0.3124979085036153,Influenza A (H1N1pdm),0.7724564931872518,0.999998792333747,0.0024769151744575835,0.010424939380283249,0.020634762354109524,0.010399398647869115,0.9895750606197168,1.5
15,0.55,0.302188268590168,Influenza A (H1N1pdm),0.7724564931872518,0.9999984387679751,0.002478817635597319,0.011188274417872677,0.02212896353262119,0.011160867487745807,0.9888117255821274,1.5
15,0.56,0.2921284746685616,Influenza A (H1N1pdm),0.7724564931872518,0.9999979864615471,0.0024808984287719715,0.01202238712656019,0.02375913219295429,0.011992942368511627,0.9879776128734398,1.5
15,0.5700000000000001,0.28230816997161057,Influenza A (H1N1pdm),0.7724564931872518,0.9999974095150118,0.002483178724140167,0.012935637065273132,0.02554088564761664,0.012903963056278837,0.9870643629347269,1.5
15,0.58,0.2727175991953934,Influenza A (H1N1pdm),0.7724564931872518,0.9999966758174862,0.0024856826049316494,0.013937548372967637,0.027491925431634465,0.01390343129975006,0.9860624516270323,1.5
15,0.59,0.2633475639127048,Influenza A (H1N1pdm),0.7724564931872518,0.9999957457539459,0.0024884374992104608,0.01503899126626818,0.029632340132216436,0.015002191975511994,0.9849610087337318,1.5
15,0.6,0.2541893819836116,Influenza A (H1N1pdm),0.7724564931872518,0.9999945707079407,0.0024914746751337757,0.016252393838819792,0.0319849528053949,0.016212644493088967,0.9837476061611802,1.5
15,0.61,0.24523485054479008,Influenza A (H1N1pdm),0.7724564931872518,0.9999930913480746,0.0024948298077565045,0.01759198935388873,0.0345757188279965,0.017548989649429192,0.9824080106461113,1.5
15,0.62,0.2364762122091858,Influenza A (H1N1pdm),0.7724564931872518,0.9999912356931112,0.002498543625911953,0.019074105081271973,0.037434180413725406,0.0190275179833806,0.9809258949187281,1.5
15,0.63,0.22790612415074107,Influenza A (H1N1pdm),0.7724564931872518,0.9999889169599108,0.0025026626480064706,0.020717499709325828,0.04059398424093478,0.02066694666255738,0.9792825002906742,1.5
15,0.64,0.21951762978648146,Influenza A (H1N1pdm),0.7724564931872518,0.9999860312107915,0.0025072400156245234,0.022543757469304173,0.04409346859108661,0.02248881304446176,0.9774562425306959,1.5
15,0.65,0.2113041328009541,Influenza A (H1N1pdm),0.7724564931872518,0.9999824548326542,0.0025123364334811438,0.024577748343657307,0.04797632593332391,0.024517934292587903,0.9754222516563427,1.5
15,0.66,0.20325937328653962,Influenza A (H1N1pdm),0.7724564931872518,0.9999780418991843,0.0025180212234547916,0.026848165085842954,0.052292345809827515,0.026782943790264982,0.973151834914157,1.5
15,0.67,0.19537740579813864,Influenza A (H1N1pdm),0.7724564931872518,0.9999726214895597,0.002524373498874799,0.029388149237299748,0.05709824090692289,0.029316916561460425,0.9706118507627003,1.5
15,0.6799999999999999,0.1876525791426058,Influenza A (H1N1pdm),0.7724564931872518,0.9999659950613566,0.002531483462883788,0.03223601984939215,0.0624585559800565,0.032158097441147664,0.9677639801506078,1.5
15,0.69,0.18007951774253828,Influenza A (H1N1pdm),0.7724564931872518,0.999957934000926,0.002539453831241656,0.03543612013840614,0.06844665437462671,0.03535074727293151,0.9645638798615939,1.5
15,0.7,0.1726531044309401,Influenza A (H1N1pdm),0.7724564931872518,0.9999481774995449,0.002548401375184195,0.0390397987141576,0.07514576966796688,0.03894612384339104,0.9609602012858424,1.5
15,0.71,0.16536846454820484,Influenza A (H1N1pdm),0.7724564931872518,0.999936430926162,0.0025584585737364884,0.04310654316473269,0.08265009974162602,0.04300361542928092,0.9568934568352673,1.5
15,0.72,0.15822095122604832,Influenza A (H1N1pdm),0.7724564931872518,0.9999223648850822,0.002569775356918824,0.04770528440886841,0.09106590654757854,0.047592045493953315,0.9522947155911315,1.5
15,0.73,0.15120613175467926,Influenza A (H1N1pdm),0.7724564931872518,0.9999056151568612,0.002582520911528219,0.052915889990303985,0.10051256604020778,0.0527911668710096,0.9470841100096961,1.5
15,0.74,0.14431977493985465,Influenza A (H1N1pdm),0.7724564931872518,0.9998857837204549,0.002596885509509317,0.058830862879124465,0.11112348828324797,0.058693362211305763,0.9411691371208756,1.5
15,0.75,0.1375578393656466,Influenza A (H1N1pdm),0.7724564931872518,0.9998624410422943,0.0026130823054795194,0.06555725864888523,0.12304679682516682,0.06540556382994425,0.9344427413511147,1.5
15,0.76,0.13091646248692312,Influenza A (H1N1pdm),0.7724564931872518,0.9998351297922005,0.00263134903499751,0.07321882711616302,0.13644561867856422,0.07305139937397204,0.926781172883837,1.5
15,0.77,0.12439195048283704,Influenza A (H1N1pdm),0.7724564931872518,0.9998033701070006,0.002651949529186015,0.08195837327814912,0.1514977920286951,0.08177355855533905,0.9180416267218509,1.5
15,0.78,0.11798076880910816,Influenza A (H1N1pdm),0.7724564931872518,0.9997666664720959,0.002675174945178549,0.09194031476447179,0.1683947498482705,0.09173635865521787,0.9080596852355283,1.5
15,0.79,0.1116795333927045,Influenza A (H1N1pdm),0.7724564931872518,0.9997245162326113,0.0027013445966624916,0.10335338644046706,0.1873392876601222,0.10312846000872965,0.8966466135595329,1.5
15,0.8,0.10548500241772604,Influenza A (H1N1pdm),0.7724564931872518,0.9996764196847853,0.00273080625610278,0.11641340374801228,0.20854187936987226,0.11616564370164385,0.8835865962519878,1.5
15,0.81,0.09939406865595908,Influenza A (H1N1pdm),0.7724564931872518,0.9996218916423156,0.0027639357917709217,0.13136594011046807,0.23221517661615462,0.13109350750115217,0.8686340598895319,1.5
15,0.8200000000000001,0.09340375229975954,Influenza A (H1N1pdm),0.7724564931872518,0.9995604743308762,0.0028011360006242603,0.14848869390613198,0.25856632872529445,0.14818985622318215,0.851511306093868,1.5
15,0.8300000000000001,0.08751119425868216,Influenza A (H1N1pdm),0.7724564931872518,0.999491751447699,0.002842834504378944,0.16809320864358251,0.2877868099645664,0.16776645078588875,0.8319067913564175,1.5
15,0.8400000000000001,0.08171364988466757,Influenza A (H1N1pdm),0.7724564931872518,0.9994153632446816,0.0028894805928944,0.19052545476617694,0.3200395577669129,0.19016962477199226,0.809474545233823,1.5
15,0.8500000000000001,0.07600848309365074,Influenza A (H1N1pdm),0.7724564931872518,0.9993310225677036,0.0029415409276709603,0.21616456802053974,0.35544342649293903,0.21577906339031822,0.7838354319794603,1.5
15,0.86,0.07039316085420702,Influenza A (H1N1pdm),0.7724564931872518,0.9992385319308891,0.002999494059708785,0.2454187478109435,0.3940552524174211,0.24500374743989034,0.7545812521890565,1.5
15,0.87,0.06486524801635404,Influenza A (H1N1pdm),0.7724564931872518,0.9991378019491325,0.003063823769764107,0.27871692347119353,0.43585019289486643,0.2782736681178156,0.7212830765288065,1.5
15,0.88,0.05942240245587049,Influenza A (H1N1pdm),0.7724564931872518,0.9990288718374037,0.003135011303570634,0.31649426288799704,0.4807014001498445,0.3160253830150929,0.683505737112003,1.5
15,0.89,0.05406237051153854,Influenza A (H1N1pdm),0.7724564931872518,0.9989119332816755,0.0032135266463853007,0.3591688819301234,0.5283604306971738,0.3586787646177236,0.6408311180698766,1.5
15,0.9,0.04878298269457545,Influenza A (H1N1pdm),0.7724564931872518,0.9987873599189255,0.0032998190556732254,0.4071061567247501,0.5784399439476319,0.40660133168126605,0.59289384327525,1.5
15,0.91,0.043582149651184406,Influenza A (H1N1pdm),0.7724564931872518,0.9986557461618589,0.0033943071415767356,0.46056576868190424,0.6304000409819658,0.4600552750759889,0.5394342313180958,1.5
15,0.9199999999999999,0.03845785836070476,Influenza A (H1N1pdm),0.7724564931872518,0.9985179616015828,0.003497368845300164,0.5196249267421406,0.683538850831095,0.5191205947263159,0.48037507325785944,1.5
15,0.9299999999999999,0.03340816855320812,Influenza A (H1N1pdm),0.7724564931872518,0.9983752315680703,0.003609331708772201,0.5840689865471702,0.7369864959793405,0.583585525915097,0.4159310134528298,1.5
15,0.94,0.02843120933167598,Influenza A (H1N1pdm),0.7724564931872518,0.9982292623554546,0.0037304638489851216,0.6532377596267287,0.7896991441612378,0.6527924875130863,0.3467622403732713,1.5
15,0.95,0.02352517598503214,Influenza A (H1N1pdm),0.7724564931872518,0.998082444833838,0.0038609660430900528,0.725811968369272,0.8404461181977411,0.7254239207379674,0.274188031630728,1.5
15,0.96,0.01868832697936449,Influenza A (H1N1pdm),0.7724564931872518,0.9979382010804396,0.004000965293993408,0.7995192866025055,0.887777145293973,0.7992073342866515,0.20048071339749451,1.5
15,0.97,0.013918981115637946,Influenza A (H1N1pdm),0.7724564931872518,0.9978016057254222,0.004150510182281519,0.870732868299807,0.9299466145527686,0.8705122838407955,0.129267131700193,1.5
15,0.98,0.00921551484306602,Influenza A (H1N1pdm),0.7724564931872518,0.9976805710510934,0.004309568223104576,0.9339267707431258,0.9647515556545954,0.9338034488613054,0.0660732292568742,1.5
15,0.99,0.0045763597181357665,Influenza A (H1N1pdm),0.7724564931872518,0.9975882914273121,0.004478025343233716,0.9809416662223026,0.9891949495261242,0.9809028639659221,0.01905833377769739,1.5
